1.039268914610147476e-02
-2.759032137691974640e-02
4.889148846268653870e-02
-6.686647236347198486e-02
3.464958071708679199e-02
6.837483029812574387e-03
-3.701527044177055359e-02
-1.271340716630220413e-02
-2.912679314613342285e-02
-5.437677353620529175e-02
-7.079252041876316071e-03
8.484899997711181641e-02
-9.635433554649353027e-03
8.806507289409637451e-02
7.944528013467788696e-02
6.417249329388141632e-03
-5.887413024902343750e-02
-4.482110962271690369e-02
1.623990759253501892e-02
-1.117182374000549316e-01
2.345504472032189369e-03
1.047559548169374466e-02
-1.345991902053356171e-02
2.883968409150838852e-03
3.708489611744880676e-02
-8.721517026424407959e-02
4.560219123959541321e-02
-1.454874873161315918e-04
5.094305053353309631e-02
-6.035478785634040833e-02
1.272446941584348679e-02
-2.445795759558677673e-02
6.329049915075302124e-02
-4.860577359795570374e-02
1.370464079082012177e-02
1.281901150941848755e-01
-5.521542578935623169e-02
6.184745207428932190e-02
-9.983884228859096766e-05
-7.179144769906997681e-02
-4.280345886945724487e-02
7.416356820613145828e-03
-3.197228536009788513e-02
-6.736917793750762939e-02
1.412510685622692108e-02
6.123718805611133575e-03
9.562262147665023804e-02
-3.423532471060752869e-02
-5.549030378460884094e-02
1.672749035060405731e-02
3.332055360078811646e-02
5.374282598495483398e-02
8.103453554213047028e-03
-5.330762639641761780e-02
2.030169963836669922e-02
-5.453243851661682129e-02
5.023016408085823059e-02
3.314159065485000610e-02
3.154919296503067017e-02
-7.023814599961042404e-03
9.269208647310733795e-03
-1.325916200876235962e-01
-1.054694131016731262e-01
1.081582978367805481e-01
5.194172635674476624e-02
-4.601527377963066101e-02
-1.055242046713829041e-01
-9.658858925104141235e-02
3.242021426558494568e-02
-3.327530622482299805e-02
7.410909980535507202e-02
3.631387371569871902e-03
1.872072555124759674e-02
-1.339416205883026123e-01
6.034286692738533020e-02
-5.245732888579368591e-02
-1.523353625088930130e-02
7.648213207721710205e-02
1.215279623866081238e-01
-2.692042849957942963e-02
3.365103155374526978e-02
-6.619006395339965820e-02
-3.857224434614181519e-02
2.428047545254230499e-02
1.208559609949588776e-02
-1.179940551519393921e-01
8.053703606128692627e-02
1.219127327203750610e-01
1.148852426558732986e-02
4.667019471526145935e-02
-4.873202368617057800e-02
4.541501030325889587e-02
-8.717590942978858948e-03
5.910009890794754028e-02
8.800968527793884277e-03
2.181016094982624054e-02
-5.232559517025947571e-02
-3.248583152890205383e-02
7.003044337034225464e-02
-3.632301464676856995e-02
5.176075175404548645e-02
-7.912851870059967041e-02
3.740508109331130981e-02
5.823746323585510254e-03
6.322262436151504517e-02
-4.197844862937927246e-02
-1.365108937025070190e-01
5.405385047197341919e-02
-2.946388721466064453e-02
-5.874165217392146587e-04
-8.683829009532928467e-02
2.876016683876514435e-02
-7.809072732925415039e-03
-4.916532710194587708e-02
-6.240409985184669495e-02
-1.368385390378534794e-03
1.203195075504481792e-03
4.357690736651420593e-02
-2.078743092715740204e-02
1.063270643353462219e-01
-1.420998107641935349e-02
-1.650946214795112610e-02
-1.943348906934261322e-02
4.776195064187049866e-02
1.852168003097176552e-03
3.830439969897270203e-02
-1.265289913862943649e-02
-7.690812647342681885e-02
3.313438221812248230e-02
-4.994862526655197144e-02
-7.004968076944351196e-02
-7.932412624359130859e-02
-3.538655489683151245e-02
-4.943883791565895081e-02
-5.415409058332443237e-02
3.132116422057151794e-02
-1.767843402922153473e-02
4.427388682961463928e-02
-8.284453302621841431e-02
-3.965551406145095825e-02
6.697531789541244507e-02
6.717037409543991089e-02
1.436375547200441360e-02
1.562135573476552963e-02
1.072219200432300568e-02
2.712814882397651672e-02
3.042217716574668884e-02
7.133571058511734009e-02
1.263683736324310303e-01
-2.347641997039318085e-02
-7.033473998308181763e-02
-1.027945131063461304e-01
4.849293082952499390e-02
-5.261895433068275452e-02
1.504639396443963051e-03
1.308471895754337311e-02
-2.888938225805759430e-02
-7.882647216320037842e-02
2.222383208572864532e-02
-7.726036477833986282e-03
-8.568953722715377808e-02
-7.335104979574680328e-03
-5.318261310458183289e-02
7.451844215393066406e-02
2.493874914944171906e-02
9.162955917418003082e-03
9.357655793428421021e-02
4.880479350686073303e-02
-3.000005148351192474e-02
3.721322864294052124e-04
7.211334258317947388e-02
-5.375048145651817322e-02
-2.388801984488964081e-02
-9.643413871526718140e-02
5.737546086311340332e-02
-7.090490311384201050e-02
7.352217286825180054e-02
-5.504810437560081482e-02
5.302182957530021667e-02
-1.816606521606445312e-02
5.746603012084960938e-02
1.422132737934589386e-02
5.869842693209648132e-02
-4.307036846876144409e-02
4.546445235610008240e-02
-1.744090951979160309e-02
-4.735863953828811646e-02
4.826606065034866333e-02
6.894905585795640945e-03
5.555430427193641663e-02
-8.353912830352783203e-02
5.860070232301950455e-03
3.736823052167892456e-02
-1.352688483893871307e-02
-4.181154444813728333e-02
-7.323696743696928024e-03
-2.032539108768105507e-03
-3.258319571614265442e-02
-2.689377032220363617e-02
9.737183898687362671e-02
8.435230702161788940e-03
-1.833454822190105915e-03
-1.654497347772121429e-02
4.212451353669166565e-02
5.736425146460533142e-02
-2.085186541080474854e-02
1.208908576518297195e-02
-1.814236864447593689e-02
1.767612062394618988e-02
5.705174524337053299e-03
-3.766721114516258240e-02
2.086701616644859314e-02
-3.234962746500968933e-02
5.435721948742866516e-02
-1.799009554088115692e-02
-9.130331454798579216e-04
2.426806092262268066e-02
-2.393443696200847626e-02
7.982808165252208710e-03
-8.509013801813125610e-02
-7.460457831621170044e-02
1.185875385999679565e-01
5.902913585305213928e-02
-8.237093687057495117e-02
3.042963333427906036e-02
1.394798010587692261e-01
-6.441486533731222153e-03
2.624563314020633698e-02
9.950936585664749146e-02
-4.127519577741622925e-02
-3.135913982987403870e-02
-8.273427933454513550e-02
9.990965574979782104e-02
-5.685380473732948303e-02
5.529883503913879395e-02
-1.824289560317993164e-02
-3.507034620270133018e-03
2.078205905854701996e-02
1.634446904063224792e-02
-7.676369696855545044e-02
1.259764581918716431e-01
9.054033458232879639e-02
2.410224266350269318e-02
5.157760158181190491e-02
-4.444784671068191528e-02
3.659125044941902161e-02
-1.485294383019208908e-02
-3.566050902009010315e-02
-8.936573751270771027e-03
-2.758999727666378021e-02
2.644756063818931580e-02
3.076702915132045746e-02
8.122855797410011292e-03
3.654111176729202271e-02
5.629699677228927612e-02
4.687737300992012024e-02
3.340996336191892624e-03
9.563720785081386566e-03
7.874466478824615479e-02
2.694201469421386719e-02
-3.701217100024223328e-02
1.961981132626533508e-02
-4.245419427752494812e-02
9.073514491319656372e-02
-2.936312742531299591e-02
1.863719895482063293e-02
-8.347102254629135132e-02
8.778013288974761963e-02
4.194614291191101074e-02
-3.386932983994483948e-02
-5.773195624351501465e-02
4.219261556863784790e-02
-6.415619701147079468e-02
-6.526162382215261459e-03
8.067154139280319214e-02
-8.562830835580825806e-02
-9.059531614184379578e-03
9.964990615844726562e-02
-1.550301015377044678e-01
-4.894896969199180603e-02
-5.516256764531135559e-02
-1.740352436900138855e-02
-7.535514980554580688e-02
-4.975848831236362457e-03
-1.003439202904701233e-01
-5.405111983418464661e-02
-7.978039234876632690e-02
5.056432634592056274e-02
4.014280810952186584e-02
-4.396503791213035583e-02
5.192056670784950256e-02
-5.411320179700851440e-02
-2.321444265544414520e-02
3.567688912153244019e-02
-5.721722170710563660e-02
6.943526095710694790e-04
-9.891182929277420044e-02
-1.380045413970947266e-01
9.258621186017990112e-02
6.640078872442245483e-02
5.304836109280586243e-02
-4.204996395856142044e-03
-5.757079273462295532e-02
-3.148204088211059570e-02
-7.658947259187698364e-02
4.180357605218887329e-02
-1.467474270612001419e-02
-6.615991704165935516e-03
2.077245339751243591e-02
-2.902145311236381531e-02
-1.354078352451324463e-01
-3.727941960096359253e-02
9.122246503829956055e-02
-2.144358865916728973e-02
1.536302454769611359e-02
-3.965690359473228455e-02
-4.143232107162475586e-02
-1.433768123388290405e-02
-9.843226522207260132e-02
2.664285711944103241e-02
-1.429860200732946396e-02
7.463515549898147583e-02
-2.630684152245521545e-02
3.595308586955070496e-02
4.569939151406288147e-02
-5.684425309300422668e-02
-1.071180328726768494e-01
4.779528826475143433e-02
-2.173732966184616089e-03
-3.847419470548629761e-02
8.444935828447341919e-02
5.504788830876350403e-02
1.258199214935302734e-01
3.609940782189369202e-02
-1.600338891148567200e-02
-2.597437612712383270e-02
1.188977342098951340e-02
-5.497607588768005371e-02
9.293685108423233032e-02
3.911270946264266968e-02
1.286016590893268585e-02
-5.645002797245979309e-02
6.128449365496635437e-02
6.290639191865921021e-02
-5.880814045667648315e-02
2.104545943439006805e-02
3.614791855216026306e-02
8.485604776069521904e-04
5.822023749351501465e-02
-7.798133883625268936e-03
-1.420679781585931778e-02
3.480623662471771240e-02
-7.870368659496307373e-02
-5.900074169039726257e-02
-2.553186751902103424e-02
1.331131998449563980e-02
1.004698276519775391e-01
1.648267731070518494e-02
1.854707859456539154e-02
-1.015422586351633072e-02
-1.328729689121246338e-01
4.072899743914604187e-02
4.849051591008901596e-03
5.175133794546127319e-02
6.405579298734664917e-02
-6.335576623678207397e-02
3.773990646004676819e-02
4.033563658595085144e-02
-1.913780160248279572e-02
-2.598369121551513672e-02
-3.686315938830375671e-02
-5.625065043568611145e-02
3.197179362177848816e-02
-4.989451915025711060e-02
4.343483224511146545e-02
-9.331718832254409790e-02
5.844835564494132996e-02
-6.340555846691131592e-02
2.308793179690837860e-02
4.555341228842735291e-02
7.907279580831527710e-02
-2.003058791160583496e-02
-1.944833784364163876e-03
-9.850031137466430664e-02
-4.359368607401847839e-02
-6.979320943355560303e-02
-4.249045252799987793e-02
3.206866234540939331e-02
-3.327099606394767761e-02
6.992369145154953003e-02
-4.383327905088663101e-03
1.605121605098247528e-02
1.275597959756851196e-01
9.855513460934162140e-03
-1.064099743962287903e-01
-1.645406708121299744e-02
3.425695467740297318e-03
-5.705330893397331238e-02
-3.975882660597562790e-03
9.968392550945281982e-04
3.385159000754356384e-02
7.539094239473342896e-02
6.350065022706985474e-02
-3.917830437421798706e-02
1.080134068615734577e-03
2.234145998954772949e-02
1.673465967178344727e-01
2.245192043483257294e-02
-5.689862743020057678e-02
-8.760917000472545624e-03
-3.717282786965370178e-02
4.331267252564430237e-02
7.438458502292633057e-02
-1.517646596767008305e-03
-1.665855012834072113e-02
7.290206849575042725e-02
-1.356746256351470947e-02
-8.500498533248901367e-02
-4.168872162699699402e-02
4.225894808769226074e-02
-4.623534902930259705e-02
4.027009475976228714e-03
-3.425034508109092712e-02
-4.512372240424156189e-02
6.240305956453084946e-03
2.451510913670063019e-02
7.998866587877273560e-02
2.044296637177467346e-02
5.572852864861488342e-02
-4.277260228991508484e-02
-6.726674735546112061e-02
2.712592110037803650e-02
-5.929346755146980286e-02
2.876025624573230743e-02
-6.701800972223281860e-02
-3.674017637968063354e-02
-3.082308359444141388e-02
1.484819967299699783e-02
2.292201295495033264e-02
5.552589148283004761e-02
1.847166568040847778e-04
2.353861741721630096e-02
-7.185026071965694427e-03
7.974614948034286499e-02
6.866391003131866455e-02
1.320685632526874542e-02
3.592393186409026384e-04
6.998928636312484741e-02
-5.807339772582054138e-02
7.807589136064052582e-03
-1.329048164188861847e-02
-4.312035813927650452e-02
-5.917498096823692322e-02
3.377170488238334656e-02
-2.615209203213453293e-03
2.032065205276012421e-02
1.799643272534012794e-03
5.098930001258850098e-02
-2.675378695130348206e-02
5.075434595346450806e-02
-4.620448499917984009e-02
5.994736216962337494e-03
-3.054405935108661652e-02
6.912074238061904907e-02
-7.396970689296722412e-02
6.425923109054565430e-02
2.258213981986045837e-02
-8.650456368923187256e-02
3.269788622856140137e-02
9.573125094175338745e-02
-5.958453938364982605e-02
-3.102520667016506195e-02
-3.695129230618476868e-02
-2.845665439963340759e-02
-7.048993557691574097e-02
7.295147981494665146e-03
-1.044494956731796265e-01
5.923782475292682648e-03
-1.513317674398422241e-01
-3.488930314779281616e-02
-3.880715742707252502e-02
3.168813511729240417e-02
5.019596591591835022e-02
5.601845309138298035e-02
1.767633669078350067e-02
-3.571389243006706238e-02
-1.138260494917631149e-02
-7.326960563659667969e-02
1.266986317932605743e-02
-4.253620654344558716e-02
8.250738494098186493e-03
-1.818429492413997650e-02
-1.964151859283447266e-02
1.932946965098381042e-02
8.448154549114406109e-04
1.041843220591545105e-01
-5.920345894992351532e-03
5.256811156868934631e-02
1.427599228918552399e-02
-1.217104680836200714e-02
-5.924721807241439819e-02
1.124296337366104126e-02
2.556506916880607605e-02
-1.094053499400615692e-02
-3.315510600805282593e-02
-9.609527885913848877e-03
-3.540160506963729858e-02
-2.592477574944496155e-02
9.372802823781967163e-02
1.705716550350189209e-02
-1.989268325269222260e-02
7.395883649587631226e-02
9.002314507961273193e-02
-4.660383611917495728e-02
-1.224522516131401062e-01
2.979346178472042084e-02
-4.982904344797134399e-02
-4.700436443090438843e-02
-8.665957301855087280e-02
-1.701389066874980927e-02
2.046818844974040985e-02
1.978285051882266998e-02
9.483359009027481079e-02
-1.651568152010440826e-02
8.328162133693695068e-02
-1.950893178582191467e-02
8.874338120222091675e-02
-9.425048530101776123e-02
-1.511582434177398682e-01
4.961961135268211365e-02
-3.635957092046737671e-02
-8.039262145757675171e-02
1.086326092481613159e-01
-8.086727559566497803e-02
-1.967394928215071559e-04
8.349703252315521240e-02
-1.704339310526847839e-02
-4.497502371668815613e-02
6.565263122320175171e-02
6.095637753605842590e-02
9.157453896477818489e-04
1.956905797123908997e-02
1.296322233974933624e-02
-8.818969945423305035e-04
-3.137731691822409630e-03
-8.334636688232421875e-02
-1.028404757380485535e-01
9.195695631206035614e-03
1.653510518372058868e-02
2.053582482039928436e-02
-3.219420090317726135e-02
6.222835555672645569e-02
1.745689846575260162e-02
-7.754436880350112915e-02
4.352568835020065308e-02
-1.142277494072914124e-01
-5.889502540230751038e-02
-4.198977351188659668e-02
6.813024729490280151e-02
5.731796473264694214e-02
8.756552822887897491e-03
7.953879423439502716e-03
-5.256460979580879211e-02
1.553505472838878632e-02
4.785646870732307434e-02
-1.438387949019670486e-02
3.602395579218864441e-02
-1.573646068572998047e-02
-5.817880108952522278e-02
-4.816879704594612122e-02
1.047262921929359436e-01
-2.524472214281558990e-02
1.091242488473653793e-02
2.523368969559669495e-02
7.141921203583478928e-03
7.663682103157043457e-03
-7.423781603574752808e-02
-1.274189539253711700e-02
8.338731527328491211e-02
3.358354791998863220e-02
7.132352143526077271e-02
6.878660619258880615e-02
-4.643515869975090027e-02
8.700396120548248291e-02
-2.559856884181499481e-02
3.987173363566398621e-02
-2.247200906276702881e-02
7.992713153362274170e-02
-1.266353484243154526e-02
-1.061442773789167404e-02
5.802761390805244446e-02
6.103513762354850769e-02
-7.339759171009063721e-02
8.301477879285812378e-02
1.982750184834003448e-02
-2.476027421653270721e-02
4.803729802370071411e-02
-6.414394080638885498e-02
3.287763800472021103e-03
-1.825651153922080994e-02
-2.909080684185028076e-02
1.699602976441383362e-02
-1.959047652781009674e-02
-4.719414934515953064e-02
3.129468485713005066e-02
1.347758062183856964e-02
-3.231929987668991089e-02
1.804577745497226715e-02
-4.724716395139694214e-02
-4.143952950835227966e-02
2.706016879528760910e-03
-9.875469841063022614e-03
-3.344693779945373535e-02
4.217215999960899353e-02
-4.523987323045730591e-02
1.862108521163463593e-02
-8.995901048183441162e-02
-6.683769170194864273e-03
7.566000521183013916e-02
4.579069092869758606e-02
7.914835959672927856e-02
5.328672006726264954e-02
2.687437273561954498e-02
2.931742556393146515e-02
3.244611620903015137e-02
-7.989278063178062439e-03
6.094811111688613892e-02
-2.859782241284847260e-02
4.382479563355445862e-02
5.367630347609519958e-02
-1.231168061494827271e-01
2.279173023998737335e-02
-2.676053717732429504e-02
6.977095268666744232e-03
-2.571810223162174225e-02
7.514605671167373657e-02
2.425257582217454910e-03
3.806579858064651489e-02
8.623374253511428833e-02
-4.898995533585548401e-02
-1.741511933505535126e-02
-4.059113189578056335e-02
-6.898273527622222900e-02
2.231706120073795319e-02
1.329266559332609177e-02
1.075229644775390625e-01
-6.497076898813247681e-02
4.225882515311241150e-02
-3.076083958148956299e-03
-1.787917315959930420e-02
-6.743516027927398682e-02
4.962513223290443420e-02
2.198394387960433960e-03
6.057141348719596863e-02
8.819498866796493530e-02
-3.737508133053779602e-02
-3.353679180145263672e-02
3.670275676995515823e-03
-1.923270523548126221e-02
-3.875956684350967407e-02
-4.934411495923995972e-02
-1.681700162589550018e-02
8.903510123491287231e-02
1.283138692378997803e-01
-6.735289841890335083e-02
1.111423820257186890e-01
-4.413080867379903793e-03
8.230839669704437256e-02
-1.036628335714340210e-01
-5.623329430818557739e-02
5.540522560477256775e-02
-9.227173775434494019e-02
8.191394805908203125e-02
1.377159933326765895e-04
-8.479611016809940338e-03
3.773915767669677734e-02
-1.193323545157909393e-02
4.570338502526283264e-02
-8.610666729509830475e-03
-1.447223033756017685e-02
-1.128761768341064453e-01
3.269649296998977661e-02
1.134455576539039612e-01
3.867080435156822205e-02
2.003211714327335358e-02
3.585243131965398788e-03
5.725024268031120300e-02
4.198843613266944885e-02
-5.414582416415214539e-02
-6.998752802610397339e-02
-1.060607582330703735e-01
-7.097591459751129150e-02
1.626390591263771057e-02
2.210949081927537918e-03
2.140517160296440125e-02
3.250509873032569885e-02
-4.870427772402763367e-02
-2.889111265540122986e-02
1.054889056831598282e-02
9.812775067985057831e-03
6.403069943189620972e-02
4.044294822961091995e-03
2.411129139363765717e-02
-4.171659797430038452e-02
4.764850717037916183e-03
-1.273054536432027817e-02
-3.861020132899284363e-02
-6.946562230587005615e-02
-3.189073875546455383e-02
-3.487367182970046997e-02
7.671533618122339249e-03
1.789585687220096588e-02
-3.361039981245994568e-02
1.784248044714331627e-03
1.913486607372760773e-02
-6.978654861450195312e-02
-8.140744268894195557e-02
2.119562029838562012e-02
1.393033415079116821e-01
-9.862015396356582642e-02
9.919776022434234619e-02
-5.637629702687263489e-02
-4.500058945268392563e-03
8.876562118530273438e-02
6.238581612706184387e-02
1.207397971302270889e-02
4.197152704000473022e-02
-1.393197011202573776e-02
7.365040481090545654e-03
-2.589312195777893066e-02
-1.704076305031776428e-03
-1.740730181336402893e-02
-9.873389452695846558e-02
8.143790997564792633e-03
4.810035228729248047e-02
-1.571366377174854279e-02
1.102621182799339294e-01
-1.467468496412038803e-02
-9.111709892749786377e-02
-2.126829512417316437e-02
3.916545584797859192e-02
-8.688496053218841553e-02
-3.874610411003232002e-03
4.865250736474990845e-02
1.117182746529579163e-01
2.878544852137565613e-02
-6.643918156623840332e-02
-8.841699361801147461e-02
-4.228565841913223267e-02
-2.777969837188720703e-02
2.773547545075416565e-02
-3.644619137048721313e-02
6.779469549655914307e-02
4.063574131578207016e-03
8.886308223009109497e-02
2.088047005236148834e-02
5.284847691655158997e-02
5.675355903804302216e-03
-3.264025226235389709e-02
-5.644478276371955872e-02
2.168304100632667542e-02
2.138804458081722260e-02
3.244481235742568970e-02
7.287260144948959351e-02
6.454258412122726440e-02
-6.133404094725847244e-03
-3.116328641772270203e-02
-5.358332395553588867e-02
-1.519561838358640671e-02
5.752583034336566925e-03
8.050645701587200165e-03
5.952714942395687103e-03
2.445715107023715973e-02
2.228055335581302643e-02
-1.224711164832115173e-01
-4.830997437238693237e-03
-7.624737918376922607e-02
3.248670697212219238e-02
-1.618952490389347076e-02
-1.253535784780979156e-02
7.259829342365264893e-02
3.207211568951606750e-02
-7.144407834857702255e-03
3.120376542210578918e-02
-1.080595254898071289e-01
2.030524890869855881e-03
-4.550011828541755676e-02
1.207633130252361298e-02
5.204238742589950562e-02
2.837472595274448395e-02
-7.606189697980880737e-02
7.195650786161422729e-02
-9.092253446578979492e-02
1.779456250369548798e-02
2.438410650938749313e-03
5.612279288470745087e-03
4.005987197160720825e-02
3.006941080093383789e-02
3.987145051360130310e-02
1.480711530894041061e-02
-3.265227004885673523e-02
-3.419873118400573730e-02
-6.782937329262495041e-03
-3.731881454586982727e-02
1.563860918395221233e-03
-2.706885896623134613e-02
-3.994147758930921555e-03
-3.259889408946037292e-02
-1.020632535219192505e-01
-1.454871706664562225e-02
-1.867925166152417660e-03
-2.216236107051372528e-02
-2.381698461249470711e-03
7.012386620044708252e-02
-8.070673048496246338e-02
-7.292938977479934692e-02
8.008429780602455139e-03
1.538372505456209183e-02
-5.803528800606727600e-02
4.548586159944534302e-02
-2.320369705557823181e-02
7.627248018980026245e-02
-2.389594539999961853e-02
6.042210385203361511e-02
-2.750366926193237305e-02
3.116607293486595154e-02
-6.161139160394668579e-02
4.420269280672073364e-03
1.582619361579418182e-02
-1.411862205713987350e-02
1.254739314317703247e-01
2.804861636832356453e-03
3.695472329854965210e-02
6.123880669474601746e-02
-1.489063818007707596e-02
-1.852629473432898521e-03
2.731788158416748047e-02
6.449829041957855225e-02
-9.304998815059661865e-02
3.717950731515884399e-02
1.232698559761047363e-02
-2.210153825581073761e-02
1.853737048804759979e-02
2.936419844627380371e-02
-5.591240152716636658e-02
-7.444394286721944809e-03
-1.056566834449768066e-01
7.860384066589176655e-04
-9.743878990411758423e-02
-9.168235585093498230e-03
-5.933787673711776733e-02
3.171665593981742859e-02
-5.312648788094520569e-02
-3.427160903811454773e-02
-3.764014318585395813e-02
-2.482214011251926422e-02
2.938851900398731232e-02
-2.965795109048485756e-03
-7.167065143585205078e-02
2.210679091513156891e-02
9.258691966533660889e-02
4.851987585425376892e-02
-4.585050046443939209e-04
2.096860297024250031e-02
-1.538225822150707245e-02
3.085302934050559998e-02
-4.910618066787719727e-02
-7.144008576869964600e-02
3.859360888600349426e-02
-6.910475343465805054e-02
3.766739973798394203e-03
-3.945067524909973145e-02
7.482214272022247314e-02
6.203039363026618958e-02
-5.629150941967964172e-02
-5.532431975007057190e-02
-4.109982028603553772e-02
5.233798176050186157e-02
-1.258993595838546753e-01
-1.533511001616716385e-02
8.828650461509823799e-04
-7.606337964534759521e-02
-2.956626191735267639e-02
6.089761853218078613e-02
3.525552898645401001e-02
-1.994958147406578064e-02
-7.040192931890487671e-02
-4.283890873193740845e-02
4.408210515975952148e-02
-4.214530810713768005e-02
7.313888054341077805e-03
-2.392688021063804626e-02
7.626273669302463531e-03
2.839514985680580139e-02
3.323763981461524963e-02
2.543175406754016876e-02
1.279996056109666824e-02
3.239616379141807556e-02
4.098788276314735413e-02
1.095010042190551758e-01
-1.999041251838207245e-02
-8.359080553054809570e-02
1.994370482861995697e-02
2.498071081936359406e-02
6.272783037275075912e-03
-1.098079141229391098e-02
1.600213907659053802e-02
-3.915798291563987732e-02
-3.444414213299751282e-02
3.113158233463764191e-02
3.400852531194686890e-02
-4.492709413170814514e-02
4.794910550117492676e-02
-8.773653954267501831e-02
-4.990916699171066284e-03
4.676992539316415787e-03
5.007302761077880859e-02
1.228370666503906250e-01
-1.286544650793075562e-01
-3.643786534667015076e-02
-4.506089899223297834e-04
-5.031773075461387634e-02
-1.862755045294761658e-02
3.573374077677726746e-02
-6.054961681365966797e-02
6.893125921487808228e-02
-2.634599804878234863e-02
-3.346991259604692459e-03
1.316776033490896225e-02
5.867183208465576172e-02
5.611283332109451294e-02
4.560998827219009399e-02
-6.929969042539596558e-02
6.481114774942398071e-02
-2.702385187149047852e-02
2.933384093921631575e-04
-3.943780437111854553e-02
1.158715970814228058e-02
-1.922236010432243347e-02
8.525563753210008144e-04
-8.870216459035873413e-02
1.477564405649900436e-02
-4.202395677566528320e-02
-8.023479953408241272e-03
2.957102097570896149e-02
-1.544345635920763016e-02
-7.599842734634876251e-03
6.141621619462966919e-02
6.369915604591369629e-02
1.642091944813728333e-02
6.379289180040359497e-02
4.139964655041694641e-02
8.729273080825805664e-02
3.569080680608749390e-02
-1.037964895367622375e-01
8.473747223615646362e-02
1.053165793418884277e-01
2.459970489144325256e-02
2.341889031231403351e-02
-5.735001713037490845e-02
-1.501661725342273712e-02
-8.895862847566604614e-02
8.834686130285263062e-02
-1.362992357462644577e-02
-1.570426113903522491e-02
-1.007478609681129456e-01
-9.421210736036300659e-02
-6.310179084539413452e-02
-9.360134601593017578e-02
3.565200790762901306e-02
-2.878171624615788460e-03
-4.946948029100894928e-03
-4.594828560948371887e-02
6.077031418681144714e-02
-1.003760099411010742e-01
1.534726563841104507e-02
-7.950550317764282227e-02
3.561641648411750793e-02
-1.301339454948902130e-02
-4.238555952906608582e-02
-6.638322025537490845e-03
-2.181179635226726532e-02
8.426523208618164062e-02
6.676063872873783112e-03
-3.714587911963462830e-02
-6.056271120905876160e-02
1.929005980491638184e-02
-3.985144570469856262e-02
-4.311850760132074356e-03
4.724253341555595398e-02
-8.483147248625755310e-03
2.615995239466428757e-03
-1.391598116606473923e-02
5.880474671721458435e-02
6.153163034468889236e-03
-1.010703854262828827e-02
8.011499792337417603e-02
1.341591775417327881e-02
-1.675077155232429504e-02
5.990505218505859375e-02
1.238531526178121567e-02
-1.001597493886947632e-01
-2.808198519051074982e-02
9.660933166742324829e-02
-3.901241347193717957e-02
-2.234034053981304169e-02
1.023886352777481079e-01
8.426014333963394165e-02
-2.758401259779930115e-02
4.850221797823905945e-02
-1.756565459072589874e-02
-3.225749731063842773e-02
-6.401550769805908203e-02
-8.225751109421253204e-03
1.010242775082588196e-01
2.409847266972064972e-02
1.237645465880632401e-02
4.455066099762916565e-02
-1.120692119002342224e-01
-5.905070528388023376e-02
-5.150501802563667297e-02
-1.263241935521364212e-02
-3.476658836007118225e-02
-4.788981005549430847e-02
