2.534580044448375702e-02
-5.471333861351013184e-02
-8.218619227409362793e-02
2.588186599314212799e-02
1.015627905726432800e-01
6.991950329393148422e-03
-5.857824161648750305e-02
1.996628940105438232e-02
-8.556579798460006714e-02
-5.390869453549385071e-02
2.276225201785564423e-02
-3.829435631632804871e-02
8.758559823036193848e-02
-4.652985557913780212e-02
-7.841577380895614624e-02
8.171039074659347534e-02
-1.026100888848304749e-01
3.668666258454322815e-02
2.370097674429416656e-02
-4.722605645656585693e-02
2.333862893283367157e-02
4.336819052696228027e-02
5.787648633122444153e-02
6.660927087068557739e-02
3.643650934100151062e-02
9.901794046163558960e-02
3.421944333240389824e-03
8.107048459351062775e-03
-5.298374593257904053e-02
9.510790556669235229e-02
5.015225615352392197e-03
5.873818695545196533e-02
9.321568161249160767e-02
4.813402891159057617e-03
-1.187521815299987793e-01
-7.783111184835433960e-02
-2.443587221205234528e-02
5.598588380962610245e-03
-2.441876567900180817e-02
3.267295658588409424e-02
2.970615960657596588e-02
1.677009910345077515e-01
-4.720412194728851318e-02
8.199470490217208862e-02
4.213560000061988831e-02
1.216807365417480469e-01
6.660068035125732422e-02
1.187309343367815018e-02
1.202318593859672546e-01
7.727126125246286392e-03
-6.505498290061950684e-02
-9.204503148794174194e-02
-6.326439976692199707e-02
-9.662369638681411743e-02
1.820888556540012360e-02
3.342598676681518555e-03
-2.374114841222763062e-02
-5.422854423522949219e-02
-4.283375665545463562e-02
2.898262254893779755e-02
-6.203332543373107910e-02
1.424798369407653809e-01
-4.979996383190155029e-02
8.883148431777954102e-02
1.477507292293012142e-03
-1.504043769091367722e-02
-1.244891956448554993e-01
-9.096479415893554688e-02
-9.991844743490219116e-02
-1.098629832267761230e-01
-1.195095181465148926e-01
3.030069917440414429e-02
-2.821020223200321198e-02
-4.873767122626304626e-02
-5.045582354068756104e-02
-9.987913817167282104e-02
-7.094451040029525757e-02
1.025101169943809509e-01
1.255349069833755493e-01
-1.163747012615203857e-01
7.878388464450836182e-02
-5.182491615414619446e-02
-8.104684762656688690e-03
5.151663720607757568e-02
4.385688900947570801e-02
-7.067217677831649780e-02
5.220250412821769714e-02
8.558354526758193970e-02
-2.333293668925762177e-02
1.539563480764627457e-02
5.539501085877418518e-02
4.568619187921285629e-03
-4.617810621857643127e-02
-5.178027227520942688e-02
-4.029600322246551514e-02
-3.703393042087554932e-03
1.017993092536926270e-01
-3.646614030003547668e-02
-2.418220974504947662e-02
3.921849653124809265e-02
-5.788691714406013489e-02
6.012931466102600098e-02
7.010824978351593018e-02
6.053054705262184143e-02
-1.118332613259553909e-02
1.742990501224994659e-02
5.683973431587219238e-02
-2.903705276548862457e-02
-4.407425597310066223e-02
-7.117481529712677002e-02
8.222373574972152710e-02
-4.322377219796180725e-02
6.062423065304756165e-02
-6.737432628870010376e-02
1.332045048475265503e-01
-2.979658776894211769e-03
-1.489660888910293579e-01
-9.164761751890182495e-02
-6.416174117475748062e-03
7.438019663095474243e-02
-2.562797255814075470e-02
6.941536813974380493e-02
3.804577514529228210e-03
-8.801904320716857910e-02
6.472912430763244629e-02
2.027812413871288300e-02
1.061832904815673828e-01
-7.963039726018905640e-02
3.806440532207489014e-02
1.161097064614295959e-01
4.728633165359497070e-02
-9.111267328262329102e-02
-3.281956911087036133e-02
-3.705397620797157288e-02
-1.547045726329088211e-02
7.108398247510194778e-03
-1.559534948319196701e-02
1.869288273155689240e-02
1.412461232393980026e-02
-3.935343399643898010e-02
-4.328481853008270264e-02
1.679309271275997162e-02
-1.485652774572372437e-01
1.973394490778446198e-02
-1.789604575606063008e-04
8.951293677091598511e-02
1.198618113994598389e-01
1.086859926581382751e-01
1.187166105955839157e-02
2.718926407396793365e-02
1.142465546727180481e-01
8.297345787286758423e-02
-1.795042306184768677e-02
4.262715205550193787e-02
1.125835850834846497e-01
1.839184574782848358e-02
-3.077148646116256714e-02
-1.852691918611526489e-02
-4.494309052824974060e-02
4.009696468710899353e-02
7.346589118242263794e-02
-8.673999458551406860e-02
-6.059186998754739761e-03
5.230103060603141785e-02
-2.199979126453399658e-02
3.140945732593536377e-02
4.504053667187690735e-02
1.077353581786155701e-01
-5.292556807398796082e-02
-1.437823101878166199e-02
-3.509924933314323425e-02
-4.559041187167167664e-02
5.147952213883399963e-02
7.773750275373458862e-02
-2.498546428978443146e-02
-1.682904362678527832e-02
-2.042881771922111511e-02
1.599957235157489777e-02
-3.021387150511145592e-03
1.148203611373901367e-01
-1.951721310615539551e-02
-2.441539056599140167e-02
-5.368534103035926819e-02
-3.539701551198959351e-02
-1.203447580337524414e-02
9.415845386683940887e-03
-3.247150778770446777e-02
1.737194694578647614e-02
4.107426479458808899e-02
-1.587966643273830414e-02
1.183647215366363525e-01
-1.548670232295989990e-02
3.101903200149536133e-02
1.195625886321067810e-01
-2.906715869903564453e-02
4.196819290518760681e-02
4.253650829195976257e-02
-5.686459597200155258e-03
1.250149458646774292e-01
-1.112375631928443909e-01
4.662148654460906982e-02
-8.796890825033187866e-02
-7.298503071069717407e-02
1.467364281415939331e-02
-1.813389826565980911e-05
-6.095339730381965637e-02
-2.129350602626800537e-02
4.648594185709953308e-02
1.328875571489334106e-01
1.342702191323041916e-02
4.920834675431251526e-02
-8.492807298898696899e-02
1.368753910064697266e-01
-6.810963898897171021e-02
-5.977647379040718079e-02
1.536503434181213379e-02
1.426926404237747192e-01
-9.865912050008773804e-02
-5.834181234240531921e-02
7.133679930120706558e-03
-1.061101332306861877e-01
5.549079179763793945e-02
8.224287629127502441e-02
-2.909728884696960449e-02
7.815460558049380779e-04
3.396089747548103333e-02
8.936997503042221069e-02
-4.199982807040214539e-02
9.915042668581008911e-02
9.588327258825302124e-02
-4.623107984662055969e-02
-2.676065452396869659e-02
8.455682545900344849e-02
-2.755914442241191864e-02
-2.177645824849605560e-02
-2.369274012744426727e-02
-1.121722981333732605e-01
1.352937985211610794e-02
-3.341491101309657097e-03
-1.469056773930788040e-02
4.020946566015481949e-03
5.091394856572151184e-02
-1.123101338744163513e-01
5.209516361355781555e-02
-5.674591753631830215e-03
-4.907383024692535400e-02
-1.528792362660169601e-02
1.524324435740709305e-02
8.514006622135639191e-03
3.184620058164000511e-03
7.876752316951751709e-02
6.376602500677108765e-02
2.234067767858505249e-03
-8.509740978479385376e-02
1.145023331046104431e-01
1.650851592421531677e-02
6.613113731145858765e-02
-8.440136909484863281e-02
5.730475112795829773e-02
-1.237531825900077820e-01
-4.755369853228330612e-03
8.560285717248916626e-02
3.704172791913151741e-03
-1.206822171807289124e-01
-5.908777471631765366e-03
-5.030176043510437012e-02
6.385601311922073364e-02
1.944812200963497162e-02
-3.441286087036132812e-02
-2.232203632593154907e-02
-3.927525505423545837e-02
1.924730837345123291e-02
1.469878107309341431e-01
-6.227424368262290955e-02
-1.004671677947044373e-01
3.125813975930213928e-02
3.878836333751678467e-02
6.051225587725639343e-02
1.818488724529743195e-02
-1.044596955180168152e-01
-1.449686884880065918e-01
-2.776192687451839447e-02
2.844378165900707245e-02
-1.413689106702804565e-01
6.296089291572570801e-02
2.809707261621952057e-02
-3.185561671853065491e-02
7.682613283395767212e-02
8.959538489580154419e-02
-1.129409670829772949e-02
-5.375173687934875488e-02
-1.135796085000038147e-01
-4.735888913273811340e-02
-7.750146090984344482e-02
1.273146867752075195e-01
-4.879870638251304626e-02
6.154811754822731018e-02
3.692150488495826721e-02
3.602145984768867493e-02
-1.484576910734176636e-01
3.450948372483253479e-02
2.621706016361713409e-02
1.225370690226554871e-01
-5.816304590553045273e-03
1.224388405680656433e-01
1.983796991407871246e-02
4.158681631088256836e-02
7.224284112453460693e-02
1.630158163607120514e-02
-8.641514182090759277e-02
-9.130267053842544556e-02
8.579382300376892090e-02
1.156558990478515625e-01
9.431334584951400757e-02
4.280624911189079285e-02
-9.958451613783836365e-03
1.702277734875679016e-02
-3.059641458094120026e-02
2.145128510892391205e-02
-1.548955887556076050e-01
7.873288542032241821e-02
-2.637159824371337891e-02
-2.958389697596430779e-03
-1.992212980985641479e-02
6.659916788339614868e-02
-4.408242180943489075e-02
-1.222306862473487854e-01
-4.196751117706298828e-02
2.566275559365749359e-02
4.679852724075317383e-02
1.787247695028781891e-02
3.914204984903335571e-02
7.443363964557647705e-02
3.266429528594017029e-02
-3.973154351115226746e-02
-1.559175103902816772e-01
5.131952464580535889e-02
9.451339393854141235e-02
-9.026658721268177032e-03
4.528235271573066711e-02
7.327886670827865601e-02
7.912975735962390900e-03
-5.793087556958198547e-02
7.899808138608932495e-02
3.549136221408843994e-02
6.379115581512451172e-02
-3.045392036437988281e-02
-2.186748385429382324e-02
1.590473800897598267e-01
-7.286172360181808472e-02
-6.331120431423187256e-02
1.834620721638202667e-02
-1.096850559115409851e-01
-7.862775586545467377e-03
9.935627132654190063e-02
1.326655000448226929e-01
5.648224428296089172e-02
-1.791728078387677670e-03
8.575183339416980743e-03
-1.319011896848678589e-01
7.731182873249053955e-02
-1.258423924446105957e-02
1.174300070852041245e-02
-1.067057251930236816e-01
-6.815544515848159790e-02
-2.464893646538257599e-02
-8.440204709768295288e-02
2.203060127794742584e-02
1.718332991003990173e-02
1.218803972005844116e-02
-1.568753123283386230e-01
-1.088495030999183655e-01
-5.097854509949684143e-02
1.339388429187238216e-03
-1.279751062393188477e-01
-8.983528614044189453e-02
1.641943305730819702e-02
2.731356956064701080e-02
-4.099425300955772400e-02
1.422276627272367477e-02
-1.309391204267740250e-02
-3.903485089540481567e-02
-4.121905937790870667e-02
1.193201541900634766e-02
-2.323991619050502777e-02
1.292694080621004105e-02
9.157643467187881470e-02
8.511381596326828003e-02
-3.782464191317558289e-02
-8.380047231912612915e-02
-9.568884037435054779e-03
3.417990356683731079e-02
1.405787840485572815e-02
-1.317538022994995117e-01
1.822737418115139008e-02
5.379371717572212219e-02
-7.307129446417093277e-03
-5.303635075688362122e-02
1.268033683300018311e-01
7.619887590408325195e-02
9.950386732816696167e-02
1.363675594329833984e-01
1.189947053790092468e-01
-3.474077908322215080e-03
2.198563516139984131e-02
-1.031898632645606995e-01
-6.949844211339950562e-02
1.460865419358015060e-02
1.094984337687492371e-01
1.191669404506683350e-01
-4.478600621223449707e-02
2.258043922483921051e-02
1.644482612609863281e-01
-3.083603829145431519e-02
1.083202436566352844e-01
7.794778794050216675e-02
-5.509289726614952087e-02
2.616913057863712311e-02
1.225432157516479492e-01
4.704965278506278992e-02
-1.187913194298744202e-01
-6.839480251073837280e-03
-9.834315627813339233e-02
-1.164903342723846436e-01
8.242978900671005249e-02
-1.425074636936187744e-01
-7.560375332832336426e-02
-2.586950920522212982e-02
-7.853818126022815704e-03
2.918189577758312225e-02
-6.880810111761093140e-02
3.948410227894783020e-02
-5.648162588477134705e-02
-3.332374617457389832e-02
1.262296456843614578e-02
1.549801882356405258e-02
-4.587667807936668396e-02
-8.549021929502487183e-02
-9.526571631431579590e-02
3.365701436996459961e-02
-1.085200086236000061e-01
-7.356420159339904785e-02
5.426394287496805191e-03
3.106074966490268707e-02
8.577248454093933105e-02
-1.419700402766466141e-02
2.063857577741146088e-02
-3.417164832353591919e-02
-9.624361991882324219e-02
5.585315823554992676e-02
-4.165533930063247681e-02
-1.132725402712821960e-01
-8.763822726905345917e-03
5.567119643092155457e-02
-7.676091790199279785e-02
5.459151044487953186e-02
-1.022190377116203308e-01
-4.451456293463706970e-02
-8.120760321617126465e-05
8.856696635484695435e-02
2.632590709254145622e-03
1.048856303095817566e-01
-2.743373252451419830e-02
-9.473764896392822266e-02
8.462987095117568970e-02
8.383316546678543091e-02
-5.688168108463287354e-02
-1.214527860283851624e-01
4.294805228710174561e-02
-7.968300580978393555e-02
-5.109683796763420105e-02
-1.076958999037742615e-01
-5.671647191047668457e-02
-1.207961067557334900e-01
-9.239137172698974609e-02
-3.771863505244255066e-02
-7.338524609804153442e-02
-6.478184461593627930e-02
3.529938682913780212e-02
7.354880869388580322e-02
-9.962075203657150269e-02
1.357291266322135925e-02
-3.378501906991004944e-02
-7.261765748262405396e-02
-1.655471138656139374e-02
1.065527275204658508e-01
3.888422623276710510e-02
5.867367982864379883e-02
8.008994907140731812e-02
-7.208662480115890503e-02
-8.699855208396911621e-02
-3.971038013696670532e-02
2.086143754422664642e-02
5.537699535489082336e-02
1.485134512186050415e-01
-6.130863353610038757e-02
6.880033761262893677e-02
-1.102510392665863037e-01
-1.365937143564224243e-01
-1.475605070590972900e-01
-9.946140646934509277e-02
2.424044348299503326e-02
2.775848098099231720e-02
4.133272543549537659e-02
-7.017110288143157959e-02
1.680242083966732025e-02
-1.141232345253229141e-02
2.247654646635055542e-02
-6.588467210531234741e-02
-1.562150865793228149e-01
2.799033187329769135e-02
-7.420735806226730347e-02
-4.093635082244873047e-02
5.775193567387759686e-04
7.569099217653274536e-02
7.634710520505905151e-03
2.793994545936584473e-02
1.065143570303916931e-01
-1.175866127014160156e-01
-3.532851114869117737e-02
1.325315833091735840e-01
5.354176834225654602e-02
-1.514048129320144653e-02
9.466771967709064484e-03
-6.371768563985824585e-02
3.147247806191444397e-02
2.752527780830860138e-02
4.036863800138235092e-03
3.158308565616607666e-03
6.222389638423919678e-02
-5.838434025645256042e-02
-5.415559187531471252e-02
-4.486195743083953857e-03
-3.307424113154411316e-02
-1.458927839994430542e-01
1.448791567236185074e-02
1.249235644936561584e-01
5.030175670981407166e-02
1.382763981819152832e-01
-7.221602648496627808e-02
6.091408804059028625e-02
3.710887162014842033e-03
5.815035197883844376e-03
-1.543738692998886108e-01
4.953408241271972656e-02
-9.431456215679645538e-03
1.347104161977767944e-01
-9.398689121007919312e-02
-3.304327279329299927e-02
-8.137170970439910889e-02
-7.959339022636413574e-02
1.215732377022504807e-02
-7.484950870275497437e-02
5.352703109383583069e-02
1.250643283128738403e-01
1.666009053587913513e-02
5.479413270950317383e-02
-5.687390919774770737e-03
-3.665204346179962158e-02
4.669583961367607117e-02
-9.173407405614852905e-02
-5.690452829003334045e-02
-6.546878814697265625e-02
4.339857550803571939e-04
4.267328977584838867e-02
1.364364773035049438e-01
1.019121930003166199e-01
5.474340170621871948e-03
6.747465580701828003e-02
1.180701330304145813e-01
4.151865094900131226e-02
-4.527540504932403564e-02
-1.663018018007278442e-03
-1.955515891313552856e-02
-9.251413494348526001e-02
-3.673934563994407654e-02
1.359512656927108765e-01
1.224104464054107666e-01
-6.378162652254104614e-02
-6.104852259159088135e-02
-3.664174303412437439e-02
-1.243156418204307556e-01
-1.009636521339416504e-01
1.102899089455604553e-01
-6.706660147756338120e-03
5.819152295589447021e-02
-7.003992795944213867e-02
-5.955900624394416809e-02
2.169571816921234131e-03
-2.577638952061533928e-03
1.053975597023963928e-01
-4.951873421669006348e-02
6.110991165041923523e-02
1.044813077896833420e-02
-1.646761223673820496e-02
1.577365584671497345e-02
1.127297058701515198e-01
-1.658981083892285824e-03
-1.712184958159923553e-02
-9.590375423431396484e-02
-1.363830119371414185e-01
-3.069505654275417328e-02
1.276380717754364014e-01
-9.043180197477340698e-02
-2.913020551204681396e-02
4.995040595531463623e-02
6.237715482711791992e-03
-8.281561732292175293e-02
-2.322636544704437256e-02
-3.001350723206996918e-02
2.750439755618572235e-02
-5.055531486868858337e-02
-9.067537635564804077e-02
1.112501397728919983e-01
1.355889718979597092e-02
-4.949550703167915344e-02
1.096360608935356140e-01
4.172715917229652405e-02
-9.204214811325073242e-02
-3.321814164519309998e-02
-9.525516070425510406e-03
8.811175823211669922e-02
1.471330504864454269e-02
-6.623791903257369995e-02
-2.607446908950805664e-02
1.121222451329231262e-01
-8.201973140239715576e-02
-4.715800285339355469e-03
5.299572646617889404e-02
-4.615162312984466553e-02
4.031312838196754456e-02
-8.406675420701503754e-03
-9.650877118110656738e-02
-8.422175794839859009e-02
4.323177412152290344e-02
-2.755652926862239838e-02
-6.098658964037895203e-02
9.079027920961380005e-02
-9.554929099977016449e-03
-7.107443362474441528e-02
5.114049836993217468e-02
5.087128654122352600e-02
7.275850325822830200e-02
3.222831338644027710e-02
7.822205871343612671e-02
-4.191586747765541077e-02
9.935787320137023926e-02
1.592205278575420380e-02
-3.238423168659210205e-02
-4.094151780009269714e-02
-1.042690128087997437e-02
1.162791550159454346e-01
1.134442687034606934e-01
9.422070533037185669e-02
1.523164063692092896e-01
4.572683945298194885e-02
-4.668650403618812561e-02
5.342234671115875244e-02
-9.273001924157142639e-03
6.090369820594787598e-02
3.044026531279087067e-02
4.365557059645652771e-02
-1.523903459310531616e-01
6.638287752866744995e-02
7.794024795293807983e-02
-8.307925611734390259e-02
-1.200723648071289062e-01
7.379555702209472656e-02
-4.362478852272033691e-02
-7.915218174457550049e-02
1.159854009747505188e-01
6.830513477325439453e-02
1.038700640201568604e-01
-3.092031180858612061e-02
5.390374455600976944e-03
5.461468920111656189e-02
-8.372237533330917358e-02
1.693801395595073700e-02
4.678145051002502441e-02
-5.381943657994270325e-02
7.524344325065612793e-02
-1.238912865519523621e-01
5.527937039732933044e-02
-5.725152418017387390e-02
5.655599012970924377e-02
2.483445964753627777e-02
1.047953497618436813e-02
-9.390898980200290680e-03
-6.375340372323989868e-02
-9.701094776391983032e-02
2.685291133821010590e-02
1.361338421702384949e-02
-1.394398231059312820e-02
-8.670450001955032349e-02
-3.453224897384643555e-03
5.170543119311332703e-02
-5.711933132261037827e-03
1.700544916093349457e-02
9.469147771596908569e-02
8.032923936843872070e-02
1.850312203168869019e-02
9.331469982862472534e-02
5.687302350997924805e-02
2.988162077963352203e-02
-3.501417813822627068e-03
-8.433904498815536499e-02
8.430466800928115845e-02
5.026182904839515686e-02
-1.058202981948852539e-02
1.110279932618141174e-01
-1.164160966873168945e-01
6.715735793113708496e-02
9.930484741926193237e-02
2.138346992433071136e-02
5.963501986116170883e-03
2.636030316352844238e-02
9.095904231071472168e-02
2.930853702127933502e-02
8.392281085252761841e-02
6.015375256538391113e-04
-2.769416011869907379e-02
-1.001685634255409241e-01
2.562218904495239258e-02
-6.200278922915458679e-02
2.101971209049224854e-02
4.569044709205627441e-02
5.635933205485343933e-02
8.696550875902175903e-02
-8.082330971956253052e-02
2.564109861850738525e-02
-2.032241038978099823e-02
1.308774650096893311e-01
9.478655457496643066e-02
1.672736107138916850e-04
9.307977557182312012e-02
-9.549623727798461914e-02
-5.404062941670417786e-02
-1.279670279473066330e-02
1.370353996753692627e-02
-6.807756726630032063e-04
1.229879632592201233e-01
6.748175621032714844e-02
9.320768713951110840e-02
4.807901754975318909e-02
-1.309705432504415512e-02
7.694743573665618896e-02
9.837216138839721680e-02
-7.335979491472244263e-02
2.985093183815479279e-02
-7.519438862800598145e-02
-8.506658487021923065e-03
-7.539526373147964478e-02
1.394333411008119583e-02
3.055875562131404877e-02
8.413621038198471069e-02
9.122657030820846558e-02
4.704730212688446045e-02
-1.203298345208168030e-01
-4.568832740187644958e-02
-6.061419472098350525e-02
7.102000713348388672e-02
-4.224488139152526855e-02
-2.572402171790599823e-02
-6.770219653844833374e-02
-1.337516754865646362e-01
2.352108061313629150e-02
-2.306893467903137207e-02
-8.856681734323501587e-02
5.796284601092338562e-02
3.104703873395919800e-02
-4.974218830466270447e-02
-7.171999663114547729e-02
5.891397595405578613e-02
5.259780958294868469e-02
-9.852867573499679565e-02
4.932187125086784363e-02
1.464726775884628296e-01
-2.795670926570892334e-02
8.920055627822875977e-02
8.080743998289108276e-02
-4.854429140686988831e-02
1.591793298721313477e-01
2.767237089574337006e-02
9.715342521667480469e-02
-7.527982443571090698e-02
-2.610094845294952393e-02
5.100090801715850830e-02
-3.991876263171434402e-03
3.051521442830562592e-02
-4.896651208400726318e-02
3.380111977458000183e-02
4.040453955531120300e-02
3.391215205192565918e-02
2.127170562744140625e-02
-8.556338399648666382e-02
2.482640184462070465e-02
4.114422574639320374e-02
4.429052770137786865e-02
5.813707038760185242e-02
-1.086433306336402893e-01
5.395122990012168884e-02
-4.678703472018241882e-02
-8.965981006622314453e-02
5.543641746044158936e-02
-4.599956050515174866e-02
1.030300930142402649e-01
7.718151062726974487e-02
2.517915330827236176e-02
-7.766690850257873535e-02
-2.307453937828540802e-02
8.205267600715160370e-03
4.763605073094367981e-02
-6.172236427664756775e-02
9.648434817790985107e-03
-8.406287431716918945e-02
-4.239055141806602478e-02
1.812808960676193237e-02
-9.182381629943847656e-02
1.166595295071601868e-01
9.675715118646621704e-02
8.735008537769317627e-03
-5.691783130168914795e-02
4.777856171131134033e-02
9.109535813331604004e-02
5.480039492249488831e-02
8.310535550117492676e-02
3.634681552648544312e-02
-4.437638819217681885e-02
-8.915606886148452759e-02
-9.815057367086410522e-02
7.825097441673278809e-02
-1.847810111939907074e-03
-3.728241100907325745e-02
1.280229073017835617e-02
8.666897565126419067e-02
-1.148780360817909241e-01
6.076883897185325623e-02
5.081081390380859375e-02
4.901351034641265869e-02
5.992807075381278992e-02
-2.982524782419204712e-02
-8.426041342318058014e-03
-1.259052902460098267e-01
3.066778369247913361e-02
1.733116805553436279e-02
3.922004252672195435e-02
1.051652804017066956e-01
8.956971764564514160e-02
-3.644818440079689026e-02
8.495346456766128540e-02
-1.264546364545822144e-01
2.654087962582707405e-03
9.866077452898025513e-03
-4.473080113530158997e-02
-8.133540861308574677e-03
1.177020650357007980e-02
1.722438842989504337e-03
1.336316615343093872e-01
-9.665868245065212250e-03
-1.291281729936599731e-01
-4.933304712176322937e-02
-1.373203936964273453e-02
3.046365268528461456e-02
-2.232713066041469574e-02
4.481797572225332260e-03
-3.040348924696445465e-02
3.794429823756217957e-02
-1.428869813680648804e-01
1.313460711389780045e-02
1.175252199172973633e-01
-6.780963391065597534e-02
-6.195137742906808853e-03
-7.001316640526056290e-03
1.064970269799232483e-01
-4.032127186655998230e-02
1.376887112855911255e-01
-9.547692537307739258e-02
-8.239431679248809814e-02
-6.608072668313980103e-02
1.883156015537679195e-03
1.516219973564147949e-02
-4.743891954421997070e-02
1.967670768499374390e-02
-7.338649779558181763e-02
3.537693992257118225e-02
-9.868642687797546387e-02
7.498793303966522217e-02
-7.074195891618728638e-02
1.182158067822456360e-01
2.281571505591273308e-03
1.655361615121364594e-02
2.848121523857116699e-02
7.853620499372482300e-02
-4.715931415557861328e-02
2.420805394649505615e-03
-3.146379813551902771e-02
-9.280606359243392944e-02
3.736773505806922913e-02
-1.172494217753410339e-01
3.895368427038192749e-03
8.380051702260971069e-02
1.785556040704250336e-02
9.906143695116043091e-02
-1.312093585729598999e-01
-5.735988542437553406e-02
-1.783273532055318356e-03
1.168857738375663757e-01
-4.097931087017059326e-02
-8.278359472751617432e-02
5.356660112738609314e-02
1.388587355613708496e-01
4.078055545687675476e-02
1.388130616396665573e-02
1.019356250762939453e-01
9.325100108981132507e-03
2.058411389589309692e-02
-1.998922228813171387e-02
3.562357649207115173e-02
1.089924201369285583e-01
-2.765869349241256714e-02
1.579066514968872070e-01
-9.562745690345764160e-03
5.967720225453376770e-02
-1.217501759529113770e-01
-4.064477607607841492e-02
-6.555097550153732300e-02
-8.720669150352478027e-02
4.393323138356208801e-02
-1.053622364997863770e-01
5.967511236667633057e-02
3.934637084603309631e-02
1.154789701104164124e-01
-2.667229063808917999e-02
6.674180179834365845e-02
1.669717580080032349e-02
2.512302435934543610e-02
1.363027840852737427e-01
-9.944952279329299927e-02
7.313213497400283813e-02
-4.499259591102600098e-02
1.159140244126319885e-01
2.264647185802459717e-02
6.814632564783096313e-02
1.057071238756179810e-02
1.995840482413768768e-02
5.634709820151329041e-02
5.756102129817008972e-02
-1.777590252459049225e-02
-9.056111425161361694e-02
-1.495198458433151245e-01
6.955338269472122192e-02
-1.886515766382217407e-01
4.884049296379089355e-02
-1.073139235377311707e-01
-4.024627432227134705e-02
1.518630888313055038e-02
-1.696890592575073242e-02
-1.043159663677215576e-01
2.940767817199230194e-02
8.597377687692642212e-02
-1.030594334006309509e-01
3.655946627259254456e-02
-9.405561536550521851e-02
4.279318079352378845e-02
-4.917354509234428406e-02
6.268622726202011108e-02
1.339234113693237305e-01
7.562343031167984009e-02
1.179451961070299149e-02
1.341377734206616879e-03
9.676586836576461792e-02
3.342104330658912659e-02
4.127191379666328430e-02
-4.249097779393196106e-02
9.592154622077941895e-02
8.764288574457168579e-02
-7.927634567022323608e-02
-4.842442646622657776e-02
2.592328004539012909e-02
-1.054841876029968262e-01
-6.277588754892349243e-02
-3.409957513213157654e-02
1.568529009819030762e-01
5.631383880972862244e-02
1.031385138630867004e-01
-5.607160925865173340e-02
3.674448281526565552e-02
-1.060643792152404785e-01
-5.750090256333351135e-02
-7.949569821357727051e-02
1.559577435255050659e-01
6.440335419028997421e-03
-1.644100993871688843e-04
-2.489968575537204742e-02
-2.745602466166019440e-02
-1.217818930745124817e-01
9.149441868066787720e-02
7.465448975563049316e-02
-1.220964416861534119e-01
-4.118761792778968811e-02
1.278747320175170898e-01
-3.982515633106231689e-02
3.382473811507225037e-02
5.727517232298851013e-02
1.219392120838165283e-01
1.527396310120820999e-02
-4.991304501891136169e-02
-4.035840556025505066e-02
-1.268874555826187134e-01
6.762062758207321167e-02
3.155558928847312927e-02
3.834792971611022949e-02
1.227631345391273499e-01
-9.343405812978744507e-02
-8.179140836000442505e-02
1.061028316617012024e-01
2.196290530264377594e-02
1.631206125020980835e-01
5.157470703125000000e-02
-8.548016101121902466e-02
-1.029430702328681946e-01
2.131496556103229523e-02
-7.366138696670532227e-02
5.776627361774444580e-02
