-1.264562308788299561e-01
5.580832809209823608e-02
4.280313849449157715e-03
-3.438047692179679871e-02
8.809155970811843872e-02
-2.002737112343311310e-02
1.299137156456708908e-02
-1.035752892494201660e-02
8.689083904027938843e-02
-6.234750896692276001e-02
-5.525876581668853760e-02
1.246240586042404175e-01
9.743475914001464844e-02
-1.036387532949447632e-01
-4.147641360759735107e-02
-2.587409317493438721e-02
-4.633586853742599487e-02
-5.245387554168701172e-03
9.169410914182662964e-03
4.691301658749580383e-02
-9.747680276632308960e-02
2.505038306117057800e-02
-4.748526588082313538e-02
4.909781366586685181e-02
-7.081428915262222290e-02
-2.692009881138801575e-02
6.709443032741546631e-02
1.464821584522724152e-02
1.059312559664249420e-02
-8.084723353385925293e-02
-5.107400938868522644e-02
4.268077015876770020e-02
-2.389810979366302490e-03
4.745649918913841248e-02
-1.400934606790542603e-01
8.573564887046813965e-02
2.190808951854705811e-02
-3.747848048806190491e-02
1.906894892454147339e-01
-1.830115728080272675e-02
-3.651346266269683838e-02
1.047377884387969971e-01
6.752663850784301758e-02
8.331777155399322510e-02
1.055479422211647034e-01
-8.604522794485092163e-02
3.949753940105438232e-02
5.167068913578987122e-03
1.075865924358367920e-01
8.891798555850982666e-02
1.134034469723701477e-01
9.343677759170532227e-02
4.099905118346214294e-02
-6.646731495857238770e-02
-9.871450066566467285e-02
2.243864350020885468e-02
-7.706373929977416992e-02
3.606496006250381470e-02
-6.029527634382247925e-02
-1.686011254787445068e-01
8.612934499979019165e-02
-8.652815222740173340e-02
-1.152802854776382446e-01
-1.434151828289031982e-02
5.099136382341384888e-03
7.396194338798522949e-02
-3.113906085491180420e-02
-8.452782779932022095e-02
1.000717803835868835e-01
-4.927001893520355225e-03
3.839233145117759705e-02
-6.492919474840164185e-02
-1.923337019979953766e-02
-3.330275788903236389e-02
6.782576441764831543e-02
-1.123756244778633118e-01
1.142830997705459595e-01
-5.085431784391403198e-02
-1.191331073641777039e-02
-2.986413985490798950e-02
6.698959320783615112e-02
8.302482962608337402e-02
6.882971525192260742e-02
-1.739316135644912720e-01
-7.458560913801193237e-02
1.228191629052162170e-01
-4.299511015415191650e-02
1.121698319911956787e-01
1.619078814983367920e-01
2.141935005784034729e-02
2.209866791963577271e-02
8.958762139081954956e-02
8.389131724834442139e-02
-7.663704454898834229e-03
1.396518573164939880e-02
3.828089684247970581e-02
2.209595963358879089e-02
-1.251515448093414307e-01
1.697694510221481323e-02
-9.683772921562194824e-02
9.009632468223571777e-02
-2.800643816590309143e-02
6.990382820367813110e-02
-8.123853057622909546e-02
7.652580738067626953e-03
-1.189885735511779785e-01
-8.162548393011093140e-02
1.960594952106475830e-02
-1.499450802803039551e-01
-3.733713924884796143e-02
7.861471921205520630e-02
1.258970797061920166e-01
-8.372379094362258911e-02
9.914051741361618042e-02
-1.929671019315719604e-01
6.619945913553237915e-02
1.202230229973793030e-01
1.013398170471191406e-03
1.600488275289535522e-01
3.590988367795944214e-02
4.342796280980110168e-02
-8.719500899314880371e-02
5.177941173315048218e-03
-1.131447553634643555e-01
7.291366159915924072e-02
8.547355234622955322e-02
-8.221146464347839355e-02
-6.191813573241233826e-02
4.707131534814834595e-02
5.838759243488311768e-03
2.371100708842277527e-02
1.467853784561157227e-02
2.782160043716430664e-02
1.295086145401000977e-01
5.805750936269760132e-02
1.207514852285385132e-01
2.946455776691436768e-02
9.514727443456649780e-02
1.173395663499832153e-01
1.269113272428512573e-01
8.815005421638488770e-03
5.365997552871704102e-02
6.855122745037078857e-02
-7.748320698738098145e-03
4.303000494837760925e-02
5.217871069908142090e-02
-9.350167959928512573e-02
-1.256540715694427490e-01
-1.498973835259675980e-02
1.030960902571678162e-01
9.509964287281036377e-02
6.865187734365463257e-02
5.355188995599746704e-02
-1.384771615266799927e-01
-4.664361476898193359e-02
1.372954249382019043e-01
1.138229966163635254e-01
2.630237676203250885e-02
2.197237871587276459e-02
-1.783717870712280273e-01
9.347146749496459961e-02
-6.765112280845642090e-02
-6.670616567134857178e-03
-6.600947678089141846e-02
3.776338696479797363e-02
1.674980223178863525e-01
1.744048297405242920e-02
1.111686080694198608e-01
7.737134397029876709e-02
7.022029906511306763e-02
-4.666835069656372070e-02
2.697557210922241211e-03
9.753021597862243652e-02
9.609644114971160889e-02
-1.432938501238822937e-02
2.114630118012428284e-02
5.040168762207031250e-02
-2.600386366248130798e-02
-6.480263918638229370e-02
-1.085838861763477325e-02
-2.113298699259757996e-02
1.755592823028564453e-01
1.182749122381210327e-01
-2.743353322148323059e-02
1.385894045233726501e-02
-2.701293677091598511e-02
-4.075533151626586914e-02
1.515503227710723877e-01
-1.203882172703742981e-01
7.731968164443969727e-02
-1.351080238819122314e-01
1.646906733512878418e-01
-7.229237258434295654e-02
1.565958559513092041e-01
1.497534811496734619e-01
2.295095846056938171e-02
-3.651200979948043823e-02
8.641988039016723633e-03
-1.676551997661590576e-03
9.397770464420318604e-02
-5.761269479990005493e-02
1.467713117599487305e-01
-3.057410940527915955e-02
-1.417926698923110962e-02
-9.784384816884994507e-02
-2.229872345924377441e-02
-1.033624559640884399e-01
7.916793227195739746e-03
-3.412974998354911804e-02
-1.025320142507553101e-01
1.438167691230773926e-02
6.556300073862075806e-02
1.449907571077346802e-02
-6.748291105031967163e-02
1.201143115758895874e-02
3.864368051290512085e-02
-1.139873266220092773e-01
2.888743579387664795e-02
-2.296140789985656738e-02
-5.773042887449264526e-02
-3.688452020287513733e-02
-2.985975891351699829e-02
4.886372387409210205e-02
-1.522848568856716156e-02
-1.069536432623863220e-01
5.413911119103431702e-02
-1.434802114963531494e-01
-7.030919194221496582e-02
4.516505822539329529e-02
2.991950139403343201e-02
-3.662728518247604370e-02
-2.347997948527336121e-02
-2.106877788901329041e-02
8.166261017322540283e-02
1.165297627449035645e-01
1.349324285984039307e-01
-7.084686309099197388e-02
-2.140935696661472321e-02
-6.387135386466979980e-02
-1.065540090203285217e-01
6.201255321502685547e-02
-6.115963682532310486e-03
1.187925785779953003e-01
4.062210768461227417e-02
-1.172442138195037842e-01
-8.781490847468376160e-03
-1.161298230290412903e-01
-1.010764986276626587e-01
1.009044349193572998e-01
8.818690478801727295e-02
6.065271049737930298e-02
-7.109160721302032471e-02
-1.390815079212188721e-01
6.966907531023025513e-02
1.318520605564117432e-01
6.315339356660842896e-02
-1.292917579412460327e-01
-1.264639049768447876e-01
5.599836818873882294e-03
5.682960152626037598e-02
-3.043849766254425049e-02
-8.126274496316909790e-02
5.026181042194366455e-02
5.381469801068305969e-02
-7.597682625055313110e-02
6.667357683181762695e-02
-3.582230582833290100e-02
1.344748735427856445e-01
2.852393314242362976e-02
-1.525137275457382202e-01
-8.655033260583877563e-02
-2.112733423709869385e-01
1.957012573257088661e-03
2.225860953330993652e-03
1.477885618805885315e-02
-5.615922063589096069e-02
7.738979905843734741e-02
9.617205709218978882e-02
-1.220076531171798706e-01
9.928738325834274292e-02
8.445327728986740112e-02
-1.348645985126495361e-01
-1.055240631103515625e-03
4.657532274723052979e-02
1.056120842695236206e-01
-5.801790952682495117e-02
7.007458060979843140e-02
3.086134046316146851e-02
-2.608942613005638123e-02
8.734405040740966797e-03
-4.367257654666900635e-02
1.475448533892631531e-02
-5.709327012300491333e-02
-4.482439532876014709e-02
-1.282344758510589600e-01
6.734111905097961426e-02
5.219482257962226868e-02
-4.646179452538490295e-02
3.530277684330940247e-02
3.874009102582931519e-02
5.852195248007774353e-02
-2.703869342803955078e-02
1.110969334840774536e-01
-4.466198012232780457e-02
6.961838155984878540e-02
-2.590839192271232605e-02
2.915878035128116608e-02
-1.450462490320205688e-01
3.735850006341934204e-02
-1.500070393085479736e-01
-2.874562889337539673e-02
-1.264813840389251709e-01
3.858405351638793945e-02
1.221559494733810425e-01
1.708499714732170105e-02
2.415486052632331848e-02
-1.078291237354278564e-01
-1.962631568312644958e-02
1.084988862276077271e-01
1.915735453367233276e-01
4.405894130468368530e-02
-4.568894580006599426e-02
5.882811546325683594e-02
-7.931990176439285278e-02
-3.531296551227569580e-02
1.020965632051229477e-02
-1.712017953395843506e-01
-4.978486895561218262e-02
-9.571696817874908447e-02
-2.416932955384254456e-02
-7.076558470726013184e-02
-7.625285536050796509e-02
2.242612838745117188e-02
6.896942853927612305e-03
7.635716348886489868e-03
-2.865076623857021332e-02
2.588852308690547943e-02
-1.160042732954025269e-02
-5.578507110476493835e-02
1.298734545707702637e-01
9.233826398849487305e-02
1.182057335972785950e-01
8.215467445552349091e-03
3.667221218347549438e-02
2.261219732463359833e-02
2.820514515042304993e-02
-5.749673023819923401e-02
-1.540412902832031250e-01
-2.311602234840393066e-03
1.560157388448715210e-01
-1.300081238150596619e-02
4.424685612320899963e-02
-1.127030402421951294e-01
8.643720299005508423e-03
8.664722740650177002e-02
-3.851335495710372925e-03
4.884868860244750977e-02
1.397068202495574951e-01
3.443979471921920776e-02
1.348225027322769165e-01
-3.075198829174041748e-02
9.830470383167266846e-02
1.512504965066909790e-01
-1.228518113493919373e-01
-7.632198184728622437e-02
-5.833113938570022583e-02
-1.712692342698574066e-02
9.440684691071510315e-03
2.233695983886718750e-02
1.000662147998809814e-01
-7.036308199167251587e-02
5.121098458766937256e-02
-1.656172573566436768e-01
1.729738339781761169e-02
-4.400589689612388611e-02
3.582257777452468872e-02
-2.247438207268714905e-02
-1.472195535898208618e-01
2.005837559700012207e-01
-4.838291928172111511e-02
1.277362853288650513e-01
9.679305553436279297e-02
4.285000264644622803e-03
-3.646364063024520874e-02
-5.335752665996551514e-02
5.215173959732055664e-02
1.741796731948852539e-04
3.604353219270706177e-02
-6.642076373100280762e-02
1.050708070397377014e-02
2.989986911416053772e-03
-2.467135712504386902e-02
6.680896878242492676e-02
1.769088208675384521e-03
-3.378946334123611450e-02
-1.642493344843387604e-02
8.391030877828598022e-02
-5.136824026703834534e-02
-1.920446753501892090e-02
-3.609255328774452209e-02
-1.490382552146911621e-01
-7.435672730207443237e-02
3.315596282482147217e-02
-6.675194203853607178e-02
8.575582504272460938e-02
-8.559246361255645752e-02
-4.613551497459411621e-02
-8.469920605421066284e-02
8.196910470724105835e-02
-1.526196449995040894e-01
1.474186405539512634e-02
1.207415759563446045e-01
-1.572531461715698242e-01
9.898968040943145752e-02
1.574236899614334106e-02
-1.028032749891281128e-01
8.450031280517578125e-03
-2.796128392219543457e-02
-6.799907237291336060e-02
-1.178922727704048157e-01
-1.711775921285152435e-02
-1.817013174295425415e-01
-7.268767058849334717e-02
-1.050257533788681030e-01
-1.005662456154823303e-01
-8.005902171134948730e-02
2.258236519992351532e-02
-5.586420744657516479e-02
-8.756358921527862549e-02
-3.822769597172737122e-02
3.814179450273513794e-02
-2.284214831888675690e-02
-8.534241467714309692e-02
1.792327500879764557e-02
-4.443151876330375671e-02
1.231220364570617676e-02
1.046664416790008545e-01
-8.700753748416900635e-02
-1.025441139936447144e-01
1.677817404270172119e-01
2.044800668954849243e-02
1.299432963132858276e-01
2.949858456850051880e-02
1.257547438144683838e-01
-2.625509724020957947e-02
-4.435424506664276123e-02
9.452718496322631836e-02
3.556671366095542908e-02
1.156481802463531494e-01
-1.211390048265457153e-01
-6.406463682651519775e-02
8.055982738733291626e-02
-3.130597621202468872e-02
8.998025953769683838e-02
-7.830280810594558716e-02
-6.532035768032073975e-02
-6.541043519973754883e-03
-6.949448585510253906e-02
-3.443154320120811462e-02
-1.004161909222602844e-01
-1.041612252593040466e-01
6.692495942115783691e-02
5.359372869133949280e-02
-1.615990325808525085e-02
-1.046320497989654541e-01
-2.688932977616786957e-02
5.277860164642333984e-02
-8.469220250844955444e-02
-1.063294857740402222e-01
-3.274862468242645264e-02
-1.798165030777454376e-02
-1.653812825679779053e-01
1.149275340139865875e-04
-9.179534018039703369e-02
-4.411987215280532837e-02
3.349106013774871826e-02
1.361127495765686035e-01
3.241423889994621277e-02
2.874825708568096161e-02
-2.337405085563659668e-02
-1.444153785705566406e-01
-7.522091269493103027e-03
4.227229207754135132e-02
8.238355815410614014e-02
-2.593294158577919006e-02
4.861369729042053223e-03
1.114873737096786499e-01
5.808070302009582520e-02
6.388389319181442261e-02
3.014356642961502075e-02
7.374590635299682617e-02
2.300624549388885498e-02
-3.227274119853973389e-02
6.737858057022094727e-04
-1.344879418611526489e-01
1.029372885823249817e-01
2.952442318201065063e-02
-1.865483075380325317e-02
-6.620773673057556152e-02
-3.567752242088317871e-02
2.565277740359306335e-02
7.166276127099990845e-02
4.045486450195312500e-02
-3.699178248643875122e-02
1.716821193695068359e-01
1.972866430878639221e-02
1.458906568586826324e-02
1.627700626850128174e-01
9.408847242593765259e-02
1.346829533576965332e-02
8.307294920086860657e-03
6.117319315671920776e-02
-5.269419401884078979e-02
-1.663635373115539551e-01
1.490791141986846924e-01
-1.216880604624748230e-02
-1.209481060504913330e-02
8.157703280448913574e-02
3.144764155149459839e-02
-1.584173738956451416e-02
2.707264944911003113e-02
8.560232818126678467e-02
7.653866708278656006e-02
4.903122782707214355e-02
9.262102842330932617e-02
1.543874144554138184e-01
5.084633827209472656e-02
-2.595357969403266907e-02
-1.663855835795402527e-02
-1.088777706027030945e-01
8.588853478431701660e-02
4.811165854334831238e-02
-2.183633670210838318e-02
2.316041290760040283e-02
-6.906174868345260620e-02
4.939622804522514343e-02
6.715873628854751587e-02
9.070248901844024658e-02
-1.440851390361785889e-01
7.017149776220321655e-02
1.405744627118110657e-02
4.791717231273651123e-02
-9.699585288763046265e-02
-8.680053055286407471e-02
9.423313662409782410e-03
-5.629486218094825745e-02
-3.450688719749450684e-02
-1.912469044327735901e-02
-1.296228766441345215e-01
-1.318169534206390381e-01
1.184517294168472290e-01
-7.834648340940475464e-02
6.631579250097274780e-03
-3.008791804313659668e-02
-2.525836601853370667e-02
-7.034901529550552368e-02
2.101370692253112793e-02
1.001063585281372070e-01
-1.439480185508728027e-01
-9.531907737255096436e-03
-1.133386045694351196e-01
-1.021223664283752441e-01
7.085192948579788208e-02
-6.201563775539398193e-02
4.860560595989227295e-02
1.497636921703815460e-02
1.890636235475540161e-02
-1.043752878904342651e-01
1.760180145502090454e-01
-2.904642373323440552e-02
1.024689991027116776e-03
3.975744545459747314e-02
5.294984951615333557e-02
7.463091611862182617e-02
3.293206915259361267e-02
6.802831590175628662e-02
5.272613093256950378e-02
3.832623362541198730e-02
2.158006280660629272e-02
3.264464437961578369e-03
-7.200411707162857056e-02
4.074987769126892090e-02
5.623248592019081116e-02
1.116807162761688232e-01
6.685104966163635254e-02
-5.845917016267776489e-02
-4.322327673435211182e-03
2.081226557493209839e-02
3.822010755538940430e-02
-5.339652299880981445e-02
-2.724755182862281799e-02
-1.835123449563980103e-02
4.393172264099121094e-02
7.255841791629791260e-02
7.022357732057571411e-02
-1.353773176670074463e-01
-2.865226566791534424e-02
3.602192178368568420e-02
-6.251703202724456787e-02
-5.772345513105392456e-02
9.408549219369888306e-02
6.556421518325805664e-02
-8.479081094264984131e-02
2.458367869257926941e-02
-3.540401160717010498e-02
-7.590936124324798584e-02
6.277363747358322144e-02
6.863280385732650757e-02
-1.264433115720748901e-01
7.460679113864898682e-02
2.221403084695339203e-02
4.357321560382843018e-02
2.013223990797996521e-02
-7.542745023965835571e-02
-2.831510454416275024e-02
1.031287014484405518e-02
4.180850088596343994e-02
4.925798252224922180e-02
1.435056328773498535e-01
1.049278527498245239e-01
-1.137237846851348877e-01
5.587264150381088257e-02
9.247126430273056030e-02
8.839679509401321411e-02
-5.183431506156921387e-02
1.329152435064315796e-01
8.078669011592864990e-02
-8.441928029060363770e-02
6.964501738548278809e-02
-7.796210050582885742e-02
-7.351932674646377563e-02
8.152970671653747559e-02
1.383443772792816162e-01
-4.825805127620697021e-02
2.038924954831600189e-02
4.657210409641265869e-02
-5.737237259745597839e-02
2.256326191127300262e-02
-2.170962095260620117e-02
-7.576112449169158936e-02
1.002167761325836182e-01
-6.314682215452194214e-02
8.937376737594604492e-02
7.498856633901596069e-02
6.357479840517044067e-03
6.773713976144790649e-03
7.935004681348800659e-02
-9.176198393106460571e-03
-2.026906237006187439e-02
9.036821871995925903e-02
-1.439772918820381165e-02
-6.391406804323196411e-02
1.525783538818359375e-01
-3.615121543407440186e-02
6.680686026811599731e-02
-9.009739011526107788e-02
1.728545874357223511e-02
-1.014940291643142700e-01
1.140076220035552979e-01
4.742090404033660889e-02
-4.202588275074958801e-02
1.225604414939880371e-01
-6.857755035161972046e-02
1.321711391210556030e-02
-6.931983679533004761e-02
9.719972312450408936e-02
7.266688346862792969e-02
-6.342406570911407471e-02
-7.088612020015716553e-02
9.118146449327468872e-02
-1.728538796305656433e-02
5.640910565853118896e-02
-6.939067691564559937e-02
8.434957265853881836e-02
-1.387949883937835693e-01
6.898209452629089355e-02
8.416215330362319946e-02
-2.126481197774410248e-02
-2.594647184014320374e-02
-4.004649072885513306e-02
1.108489558100700378e-02
1.480678915977478027e-01
9.391802549362182617e-02
-7.091538608074188232e-02
1.270622760057449341e-02
-3.075117245316505432e-02
4.202710837125778198e-02
3.442661464214324951e-02
-4.593461006879806519e-02
3.266748785972595215e-02
-7.020331919193267822e-02
-2.422330901026725769e-02
-3.865671902894973755e-02
1.252599433064460754e-02
1.432141214609146118e-01
-1.441224217414855957e-01
3.755550831556320190e-02
-9.624985605478286743e-02
-1.100427657365798950e-01
-8.336225152015686035e-02
-9.561196714639663696e-02
5.451884865760803223e-02
1.013594269752502441e-01
2.435226738452911377e-02
-7.816443592309951782e-02
-8.389861881732940674e-02
-5.466066300868988037e-02
1.172751002013683319e-02
-3.390280902385711670e-02
4.192179813981056213e-02
-2.160033956170082092e-02
-1.269973665475845337e-01
3.304762765765190125e-02
-4.113681614398956299e-02
8.842600882053375244e-02
-1.675809770822525024e-01
-2.692015096545219421e-02
5.491171032190322876e-02
6.925279647111892700e-02
-8.185736835002899170e-02
6.744073331356048584e-02
-4.296125844120979309e-02
-8.977536112070083618e-03
1.732710599899291992e-01
-1.369711756706237793e-01
-7.061685621738433838e-02
7.598828524351119995e-02
5.603308975696563721e-02
1.643898710608482361e-02
-4.096794500946998596e-02
-4.980876296758651733e-02
5.149021372199058533e-02
3.550093993544578552e-02
-7.220645248889923096e-02
-1.016544997692108154e-01
-1.662850007414817810e-02
-2.414022013545036316e-02
5.976159870624542236e-02
-1.761361211538314819e-01
-1.490385234355926514e-01
4.787555336952209473e-02
5.466486513614654541e-02
-5.168552696704864502e-02
-5.004512891173362732e-02
-3.618207573890686035e-02
1.276419460773468018e-01
4.973184317350387573e-02
6.976999342441558838e-02
-2.828876860439777374e-02
1.566106826066970825e-01
-1.148912757635116577e-01
-5.204863846302032471e-03
-4.532250761985778809e-02
5.316238850355148315e-03
-9.412130713462829590e-02
-2.581221237778663635e-02
4.870457574725151062e-02
4.039272665977478027e-02
-2.118958160281181335e-02
4.970724880695343018e-02
-9.483157098293304443e-02
1.680723205208778381e-02
-4.186468198895454407e-02
1.888788864016532898e-02
-9.662654995918273926e-02
9.537644684314727783e-02
4.096623882651329041e-02
6.097835302352905273e-02
1.256332248449325562e-01
-4.869986325502395630e-02
-3.265265747904777527e-02
1.101744472980499268e-01
1.756076887249946594e-02
-6.206324324011802673e-02
-1.824592798948287964e-02
-2.854968607425689697e-02
-9.236529469490051270e-02
1.028824374079704285e-01
-6.939847022294998169e-02
3.089956752955913544e-02
1.842300966382026672e-02
2.428711950778961182e-02
1.457823812961578369e-02
-3.953564912080764771e-02
2.293788827955722809e-02
-3.120087459683418274e-02
1.000441610813140869e-01
-1.438453048467636108e-01
-4.988140240311622620e-02
-2.934688329696655273e-02
7.131841033697128296e-02
3.514821827411651611e-02
1.823732703924179077e-01
-6.628912687301635742e-02
-1.080300882458686829e-01
-5.909929797053337097e-02
-6.817064434289932251e-02
4.311382770538330078e-03
-9.418822824954986572e-02
-4.026214405894279480e-02
4.931872338056564331e-02
8.405283093452453613e-03
7.328416407108306885e-02
-1.620087027549743652e-02
-1.308875381946563721e-01
7.025645114481449127e-03
-3.146845847368240356e-04
1.611356139183044434e-01
1.009422913193702698e-02
1.490255296230316162e-01
1.539741456508636475e-01
4.279228672385215759e-02
-4.192520305514335632e-02
6.385643035173416138e-02
-6.178588420152664185e-02
-1.986838690936565399e-02
6.714068353176116943e-02
-3.895907849073410034e-02
7.929719984531402588e-03
1.031995639204978943e-01
-3.968732804059982300e-02
1.188976783305406570e-02
1.078393962234258652e-02
-1.015122830867767334e-01
-8.353962749242782593e-02
-9.893064200878143311e-02
5.470296368002891541e-02
4.921153560280799866e-02
-2.829273045063018799e-02
-9.274066239595413208e-02
1.241259872913360596e-01
2.670900523662567139e-02
1.745673269033432007e-01
-1.461172401905059814e-01
-4.807423800230026245e-03
-2.302393317222595215e-02
-1.057280227541923523e-01
4.847028106451034546e-02
-5.869986489415168762e-02
1.886577159166336060e-02
-1.244526505470275879e-01
6.382799148559570312e-02
7.418431341648101807e-03
-1.308557242155075073e-01
1.139320880174636841e-01
-1.476812362670898438e-01
-3.663401305675506592e-02
1.957082003355026245e-02
8.534057438373565674e-02
-1.179273799061775208e-02
-4.879479482769966125e-02
9.908622503280639648e-02
-4.862757027149200439e-02
-5.158431828022003174e-02
5.960484594106674194e-02
-4.751733690500259399e-02
-1.663271784782409668e-01
8.923024684190750122e-02
-7.120999693870544434e-02
8.277191966772079468e-02
1.165266782045364380e-01
-5.959852412343025208e-02
4.686152935028076172e-02
1.200082898139953613e-02
1.719451695680618286e-01
-5.862707272171974182e-02
-2.323488704860210419e-02
1.401307582855224609e-01
1.430404186248779297e-01
1.222545430064201355e-01
-1.196671128273010254e-01
-1.481444239616394043e-01
6.164383143186569214e-02
-1.634504944086074829e-01
-1.217469424009323120e-01
8.841300010681152344e-02
-3.639286011457443237e-02
1.054613366723060608e-01
-5.319749936461448669e-02
1.110070496797561646e-01
-4.774771630764007568e-02
-5.567114800214767456e-03
-7.609296590089797974e-03
8.797753602266311646e-02
4.557967185974121094e-03
-1.028754711151123047e-01
-2.754783257842063904e-02
-1.262252964079380035e-02
-9.646965563297271729e-02
1.337766498327255249e-01
-1.314138323068618774e-01
-1.189977377653121948e-01
2.808851376175880432e-02
-1.298396885395050049e-01
-8.149696886539459229e-02
-5.528605356812477112e-02
-5.049422383308410645e-03
-1.542309671640396118e-01
-3.775527328252792358e-02
7.205413281917572021e-02
-1.341568678617477417e-02
-3.788041323423385620e-02
6.540983915328979492e-02
-1.404309570789337158e-01
-7.611206732690334320e-03
1.741081289947032928e-02
1.478024013340473175e-02
1.215264648199081421e-01
-4.720094054937362671e-02
6.596735864877700806e-02
6.735385954380035400e-02
1.588528975844383240e-04
-1.017899811267852783e-02
-8.118942379951477051e-03
6.184493005275726318e-02
6.868213415145874023e-02
-5.951046943664550781e-03
-5.695757269859313965e-02
-5.079605430364608765e-02
-6.445884704589843750e-02
7.368817180395126343e-02
6.708335597068071365e-03
-1.748149394989013672e-01
-3.960538655519485474e-03
-1.339354962110519409e-01
-1.250553429126739502e-01
2.831667661666870117e-03
-1.587016582489013672e-01
-2.508146502077579498e-02
9.102104231715202332e-03
-1.250836700201034546e-01
1.454241573810577393e-01
-6.286364048719406128e-02
1.371826976537704468e-03
2.552599087357521057e-02
5.273084342479705811e-02
-1.110125780105590820e-01
1.595269888639450073e-02
8.333402872085571289e-02
3.800511360168457031e-02
-1.920473948121070862e-02
-7.159195840358734131e-02
-9.406713396310806274e-02
2.468445897102355957e-02
1.019490212202072144e-01
-1.214854419231414795e-01
-1.395200490951538086e-01
5.796536803245544434e-03
-1.277742832899093628e-01
1.069615930318832397e-01
-1.110350713133811951e-02
1.551485806703567505e-01
2.552202716469764709e-02
7.966340333223342896e-02
-1.050851941108703613e-01
9.309303015470504761e-03
9.619559347629547119e-02
-5.813927948474884033e-02
-1.169120296835899353e-01
1.031441092491149902e-01
3.793568536639213562e-02
-8.133722096681594849e-02
-4.737183917313814163e-03
6.045636534690856934e-02
-2.696092426776885986e-02
-4.958861321210861206e-02
4.781888425350189209e-02
3.099643811583518982e-02
7.951126247644424438e-02
-4.557558149099349976e-02
1.474559009075164795e-01
5.644758045673370361e-02
1.561269164085388184e-02
1.137760877609252930e-01
1.013712435960769653e-01
2.060030102729797363e-01
2.182869985699653625e-02
-1.258069872856140137e-01
-3.879387304186820984e-02
-2.987069636583328247e-02
-2.307877503335475922e-02
1.560023799538612366e-02
-1.171122342348098755e-01
-1.671837419271469116e-01
-6.188026443123817444e-02
-4.128082841634750366e-02
-1.318131685256958008e-01
1.440718676894903183e-02
7.804939150810241699e-02
2.851275168359279633e-02
8.236475288867950439e-03
2.638028189539909363e-02
-8.835212886333465576e-02
3.120606020092964172e-02
-2.288004383444786072e-02
-2.480680309236049652e-02
-2.238033339381217957e-02
-6.617043912410736084e-02
-6.407327950000762939e-02
-1.673262566328048706e-03
-5.596800893545150757e-02
-1.262016147375106812e-01
6.447920948266983032e-02
4.862245172262191772e-03
-8.625017106533050537e-02
-8.173143863677978516e-02
1.517843008041381836e-01
9.302513301372528076e-02
1.616939902305603027e-03
4.984266683459281921e-02
4.106428846716880798e-02
4.263705015182495117e-02
-4.399466887116432190e-02
-5.958747118711471558e-03
-1.584139019250869751e-01
-7.218375802040100098e-03
4.687941819429397583e-02
5.956719443202018738e-02
-1.602442264556884766e-01
1.490243375301361084e-01
-1.014246270060539246e-01
-5.683778226375579834e-02
1.459530144929885864e-01
6.717413663864135742e-03
