-1.314836889505386353e-01
4.195635765790939331e-02
3.421443328261375427e-02
4.420772194862365723e-03
-3.593846037983894348e-02
-4.481079056859016418e-02
9.116260707378387451e-02
-6.280541419982910156e-03
-3.141800314188003540e-02
1.000312566757202148e-01
-8.549600839614868164e-03
3.743312135338783264e-02
-3.975592553615570068e-02
2.362874150276184082e-02
-1.048340201377868652e-01
-3.130189329385757446e-02
-1.244040653109550476e-01
2.938148006796836853e-02
-1.173053756356239319e-01
-7.615756243467330933e-02
-5.818673223257064819e-02
1.170047596096992493e-01
-1.364500075578689575e-02
-8.523490279912948608e-03
-3.789551556110382080e-02
-9.164780378341674805e-03
-8.305323123931884766e-02
2.257332205772399902e-02
3.479165211319923401e-02
1.418893933296203613e-01
-1.406238377094268799e-01
7.660067826509475708e-02
-6.430996954441070557e-02
9.348098933696746826e-02
-4.200665652751922607e-02
3.709190338850021362e-02
-1.283648982644081116e-02
1.042199507355690002e-01
4.813186824321746826e-02
4.704481735825538635e-02
-1.545277982950210571e-02
-8.162351697683334351e-02
-1.011963561177253723e-02
4.491911828517913818e-02
-9.251718409359455109e-03
-5.835146829485893250e-02
2.949959412217140198e-02
-4.511819407343864441e-02
-3.926424682140350342e-02
-4.162494838237762451e-02
-2.095060050487518311e-02
-1.429706811904907227e-01
-1.468217074871063232e-01
7.623642683029174805e-03
-2.965353429317474365e-02
1.204769760370254517e-01
3.517321497201919556e-02
-1.667657196521759033e-01
-5.734436213970184326e-02
8.896936476230621338e-02
4.657684266567230225e-02
-5.199663341045379639e-02
8.615259826183319092e-02
1.608850955963134766e-01
-1.463260948657989502e-01
1.787941157817840576e-01
3.662150353193283081e-02
1.549841761589050293e-01
-1.344767585396766663e-02
-7.869198918342590332e-03
4.039701074361801147e-02
1.224288344383239746e-02
6.933879852294921875e-02
3.947127982974052429e-02
-6.652913987636566162e-02
1.285006850957870483e-01
-8.305640518665313721e-02
1.213582903146743774e-01
-1.043374612927436829e-01
4.314115643501281738e-02
-4.014268517494201660e-03
-1.572211459279060364e-02
-7.516667246818542480e-02
5.510408431291580200e-02
1.052239760756492615e-01
-6.670516729354858398e-02
5.821748077869415283e-02
-2.141484245657920837e-02
-3.304793685674667358e-02
6.799311190843582153e-02
-3.202372044324874878e-02
-1.182039007544517517e-01
1.665725745260715485e-02
-1.015113815665245056e-01
-2.186578698456287384e-02
2.153391391038894653e-02
1.105011254549026489e-01
-3.277562558650970459e-03
7.250331342220306396e-02
1.312465518712997437e-01
-1.216277480125427246e-03
8.938127756118774414e-02
1.600633934140205383e-02
5.622645467519760132e-02
-7.604199647903442383e-02
-1.396193541586399078e-02
5.366541445255279541e-02
-1.905515789985656738e-02
-1.061996296048164368e-01
-3.689678758382797241e-02
6.076630949974060059e-02
3.181681036949157715e-03
9.437274932861328125e-02
2.565663866698741913e-02
-1.881798207759857178e-01
8.906412124633789062e-02
5.626647546887397766e-02
6.613050401210784912e-02
4.877971857786178589e-02
6.895102560520172119e-04
-5.741322785615921021e-02
-1.426845788955688477e-02
-1.428185105323791504e-01
-2.329946868121623993e-02
-2.892554923892021179e-02
-9.223295003175735474e-02
-4.870926961302757263e-02
6.536570936441421509e-02
8.291715383529663086e-02
3.422817587852478027e-02
1.928824335336685181e-01
-1.617790460586547852e-01
-1.440843045711517334e-01
-2.154133468866348267e-02
-7.043665647506713867e-02
3.127707168459892273e-05
-7.035954296588897705e-02
-2.869528718292713165e-02
-1.265683770179748535e-01
-7.315745949745178223e-02
3.878714144229888916e-02
3.557056933641433716e-02
1.571461558341979980e-03
-1.306334696710109711e-02
-4.862404614686965942e-02
1.443661302328109741e-01
-8.130262792110443115e-02
3.749286755919456482e-02
1.197393983602523804e-01
-3.618417307734489441e-03
-8.319436013698577881e-02
-2.142594195902347565e-02
9.533178061246871948e-03
3.704659640789031982e-03
8.702006936073303223e-02
4.939257353544235229e-02
1.437432691454887390e-02
1.187045499682426453e-01
1.062816753983497620e-01
1.590764820575714111e-01
-9.458485245704650879e-02
-5.362398922443389893e-03
-2.573440037667751312e-02
-8.465053886175155640e-02
3.937268257141113281e-02
8.967539668083190918e-02
-1.145119071006774902e-01
1.490758359432220459e-01
1.654635220766067505e-01
5.804941803216934204e-02
7.787780463695526123e-02
7.552868127822875977e-02
-6.261721253395080566e-02
-1.304632984101772308e-02
1.217823103070259094e-02
2.250883728265762329e-02
-3.465846180915832520e-02
-2.015828713774681091e-02
-1.799073070287704468e-01
3.394386917352676392e-02
-6.304439157247543335e-03
-7.559829950332641602e-02
7.014936208724975586e-02
4.067513719201087952e-02
2.465778216719627380e-02
1.176068112254142761e-01
5.714133381843566895e-02
-5.334099754691123962e-03
-3.398377448320388794e-02
8.515287935733795166e-02
-4.491526633501052856e-02
-1.790002882480621338e-01
-1.320638358592987061e-01
6.838584318757057190e-03
-6.403644382953643799e-02
-1.051638051867485046e-01
1.259384006261825562e-01
1.939418017864227295e-01
5.313348025083541870e-02
-4.044065624475479126e-02
8.138684928417205811e-02
-2.953947335481643677e-02
5.271542072296142578e-02
-2.950527705252170563e-02
1.352650970220565796e-01
-9.424953907728195190e-02
-6.441036611795425415e-02
9.718909114599227905e-02
1.204510927200317383e-01
-2.550814300775527954e-02
3.247089311480522156e-02
1.474057734012603760e-01
1.826398447155952454e-02
3.820643946528434753e-02
9.851966798305511475e-02
9.403754025697708130e-02
-3.073907643556594849e-02
5.043052136898040771e-02
-3.783699870109558105e-02
-1.399477571249008179e-01
2.037379890680313110e-02
-2.843164652585983276e-02
-1.371520012617111206e-01
1.038543134927749634e-01
4.279330372810363770e-02
1.452807486057281494e-01
5.392791703343391418e-03
4.606090113520622253e-02
-1.154091283679008484e-01
3.091180324554443359e-02
-4.529761150479316711e-03
-3.869508951902389526e-02
-1.322351843118667603e-01
-2.333935350179672241e-02
-8.217254281044006348e-02
-3.844238817691802979e-03
-8.059298247098922729e-02
6.638038903474807739e-02
7.817021012306213379e-02
-1.631902158260345459e-01
-4.068522155284881592e-02
-7.812488079071044922e-02
-2.076617255806922913e-02
-3.831175342202186584e-02
1.394419372081756592e-01
-4.057142138481140137e-02
4.839233681559562683e-02
-4.273142665624618530e-02
1.033471822738647461e-01
-4.244730249047279358e-02
-3.753485530614852905e-02
2.170981466770172119e-02
-3.755571320652961731e-02
-1.958902925252914429e-02
1.829219758510589600e-01
-1.167342439293861389e-02
-6.221916154026985168e-02
3.776597604155540466e-02
1.105841994285583496e-01
2.428655885159969330e-02
1.270824223756790161e-01
-1.595963239669799805e-01
-1.588775813579559326e-01
1.996962726116180420e-01
4.216874763369560242e-02
-4.113588109612464905e-02
-1.510245725512504578e-02
-5.544471740722656250e-02
-8.044974505901336670e-02
1.288432180881500244e-01
-2.349043264985084534e-02
-1.252250969409942627e-01
2.702768146991729736e-02
6.231356039643287659e-02
-1.230409741401672363e-01
2.120099216699600220e-02
5.187234282493591309e-02
-3.723461180925369263e-02
-2.919121272861957550e-02
3.299562260508537292e-02
1.342310905456542969e-01
-8.185313642024993896e-02
-8.333904296159744263e-02
-1.446714699268341064e-01
9.848997741937637329e-02
-1.323857754468917847e-01
1.713113673031330109e-02
5.349612981081008911e-02
6.701634079217910767e-02
-1.704441942274570465e-02
-5.814289301633834839e-02
7.071420550346374512e-03
-1.368429325520992279e-02
-8.039823919534683228e-02
1.296653747558593750e-01
1.769945025444030762e-03
-5.339131504297256470e-02
-4.400993138551712036e-02
-5.824154242873191833e-02
1.844143494963645935e-02
-1.107505559921264648e-01
-3.345756977796554565e-02
4.223790019750595093e-02
4.576392844319343567e-02
-2.833364531397819519e-02
-6.597737222909927368e-02
1.259179115295410156e-01
3.786702454090118408e-02
-1.208740025758743286e-01
6.060306355357170105e-02
-1.069972515106201172e-01
9.725656360387802124e-03
9.065221250057220459e-02
-1.080686599016189575e-01
-6.485879421234130859e-04
-1.173176467418670654e-01
-2.349309623241424561e-02
-4.742635041475296021e-02
6.713361293077468872e-02
4.774320125579833984e-02
1.187620535492897034e-01
-7.543051242828369141e-02
2.014723233878612518e-02
1.582289487123489380e-02
3.601586073637008667e-02
1.853503286838531494e-03
-4.914608225226402283e-02
1.105039566755294800e-01
-3.018649667501449585e-02
-6.984508037567138672e-02
-2.868838235735893250e-02
3.957951813936233521e-02
1.586540415883064270e-02
8.392550051212310791e-03
9.520243853330612183e-02
1.031906679272651672e-01
1.714209020137786865e-01
1.217125803232192993e-01
-8.805425465106964111e-02
-4.406096786260604858e-02
-2.788878418505191803e-02
9.571306407451629639e-02
-1.310255825519561768e-01
-1.413262784481048584e-01
2.554908394813537598e-03
2.300353348255157471e-02
-8.574850857257843018e-02
-1.377882063388824463e-01
6.455274671316146851e-02
-4.826020076870918274e-02
-5.320749431848526001e-02
-6.798295676708221436e-02
-6.151734292507171631e-02
-1.564838737249374390e-01
-6.368525326251983643e-02
-3.491304814815521240e-02
-1.088679134845733643e-01
-3.790501505136489868e-02
-7.150167971849441528e-02
-7.842525839805603027e-03
-9.473212063312530518e-02
4.775507003068923950e-02
-3.358560055494308472e-02
1.244033277034759521e-01
-1.347155719995498657e-01
-1.060773357748985291e-01
5.155103653669357300e-02
-7.781065255403518677e-02
3.142376989126205444e-02
2.997021377086639404e-02
-2.026337385177612305e-02
3.784656897187232971e-02
-7.945733517408370972e-02
-9.177055954933166504e-02
2.541379630565643311e-02
-9.825804829597473145e-02
-1.117001622915267944e-01
-1.568261682987213135e-01
-1.515266485512256622e-02
-1.696321368217468262e-01
-7.193600386381149292e-02
-5.657656863331794739e-02
-9.373101592063903809e-02
-1.459904313087463379e-01
5.613016430288553238e-03
-4.286496713757514954e-02
3.019687719643115997e-02
-1.116771437227725983e-02
1.038722470402717590e-01
5.308761447668075562e-02
4.980923607945442200e-02
-2.785998582839965820e-02
1.822727918624877930e-02
-3.698025643825531006e-02
-3.701771795749664307e-02
-5.190890282392501831e-02
-4.250880330801010132e-02
-3.721410408616065979e-02
-1.498917043209075928e-01
5.313851684331893921e-02
-1.236045137047767639e-01
2.735011279582977295e-03
-2.140751108527183533e-02
-8.271396160125732422e-02
2.640618197619915009e-02
1.050834879279136658e-01
1.385204493999481201e-02
1.119191497564315796e-01
-4.574788734316825867e-02
6.660560518503189087e-02
-1.625797525048255920e-02
2.491504512727260590e-02
-7.475791126489639282e-02
8.596869558095932007e-02
1.038448289036750793e-01
-2.707041800022125244e-02
-4.921361804008483887e-03
-1.516759544610977173e-01
7.581967860460281372e-02
1.543174311518669128e-02
-9.594240039587020874e-02
-1.336424052715301514e-01
-8.771879971027374268e-02
-1.494944095611572266e-01
-3.774686530232429504e-02
-2.813962101936340332e-02
1.510659605264663696e-02
1.692592799663543701e-01
-7.946588099002838135e-02
-6.184298917651176453e-02
-1.443452015519142151e-02
-2.714673988521099091e-02
-8.896836638450622559e-02
1.039568930864334106e-01
-1.070692539215087891e-01
-6.113962829113006592e-02
5.623760819435119629e-02
5.199442803859710693e-02
-2.784095332026481628e-02
7.783081382513046265e-03
1.762248203158378601e-02
-3.062149509787559509e-02
6.168165057897567749e-02
2.509252354502677917e-02
-5.886894091963768005e-02
1.163881644606590271e-02
-5.968523025512695312e-02
-1.096208915114402771e-01
8.755260705947875977e-02
7.975871115922927856e-02
-3.421160578727722168e-02
4.735268652439117432e-03
-1.100812703371047974e-01
-4.578139632940292358e-03
2.499227039515972137e-02
-2.891546115279197693e-02
8.939331769943237305e-02
-2.548517659306526184e-02
2.758099697530269623e-02
-6.754236668348312378e-02
6.549029797315597534e-02
-1.758527606725692749e-01
8.989529311656951904e-02
-1.940184645354747772e-02
-7.272554934024810791e-02
4.838860034942626953e-02
-2.562754601240158081e-02
2.634927630424499512e-02
-3.956455737352371216e-02
1.271613538265228271e-01
-4.557530209422111511e-02
-1.166561543941497803e-01
-5.745363608002662659e-02
-6.641831248998641968e-02
1.151104643940925598e-01
6.217427551746368408e-02
1.511494666337966919e-01
1.568961441516876221e-01
4.519124329090118408e-02
5.109154433012008667e-02
-9.126380831003189087e-02
-1.654187738895416260e-01
1.546101868152618408e-01
1.490350663661956787e-01
5.605202168226242065e-02
-1.129901707172393799e-01
9.312885999679565430e-02
-4.614840447902679443e-02
-1.401565968990325928e-03
-1.491157263517379761e-01
-7.377839088439941406e-02
-3.618304058909416199e-02
-5.935743823647499084e-02
1.186547204852104187e-01
8.845064789056777954e-02
-1.567266508936882019e-02
3.117013350129127502e-02
6.696061044931411743e-02
2.107042819261550903e-03
8.948162198066711426e-03
-3.095410391688346863e-02
-4.982370883226394653e-03
1.398290693759918213e-01
1.650125160813331604e-02
6.454561650753021240e-02
-9.432992339134216309e-02
8.246587216854095459e-02
5.770086124539375305e-02
-4.926926642656326294e-02
4.657783359289169312e-02
-8.166795223951339722e-02
2.323621511459350586e-02
-1.457977592945098877e-01
8.987544476985931396e-02
2.820573933422565460e-02
5.933238938450813293e-02
2.947244793176651001e-02
-5.409667640924453735e-02
-2.632997930049896240e-04
-1.507685780525207520e-01
-8.051003515720367432e-02
4.961202293634414673e-02
1.490544080734252930e-01
7.049848139286041260e-02
-4.701299965381622314e-02
1.427369937300682068e-02
-3.820335865020751953e-02
6.836715340614318848e-02
7.636334002017974854e-02
1.080691888928413391e-01
-9.509385377168655396e-02
-3.820281848311424255e-02
-1.671932041645050049e-01
-4.681977629661560059e-02
-1.989638060331344604e-02
7.345014810562133789e-02
-1.297162659466266632e-02
1.285915821790695190e-01
-5.533184856176376343e-03
6.527300179004669189e-02
3.296642005443572998e-02
9.155097603797912598e-02
-4.381464049220085144e-02
1.109844595193862915e-01
6.460759043693542480e-02
1.489396393299102783e-02
1.335520446300506592e-01
-3.757227212190628052e-03
8.830048143863677979e-02
-3.457916527986526489e-02
1.138681322336196899e-01
-9.562686085700988770e-02
1.571587473154067993e-01
7.123380899429321289e-02
3.672494739294052124e-02
-1.098310500383377075e-01
-6.666389107704162598e-02
-9.098944067955017090e-02
-1.874179095029830933e-01
-1.224158182740211487e-01
-6.341565400362014771e-02
-6.245228648185729980e-02
-2.826995775103569031e-02
-1.245336979627609253e-02
-8.627295494079589844e-03
3.189612179994583130e-02
2.472871169447898865e-02
1.117123663425445557e-02
2.931558340787887573e-02
-3.061629086732864380e-02
-1.037404090166091919e-01
5.815080925822257996e-02
1.425961554050445557e-01
-7.105035334825515747e-02
3.888431936502456665e-03
4.493632912635803223e-02
1.030590385198593140e-01
-1.590517535805702209e-02
-1.488384604454040527e-01
-9.733003377914428711e-02
-7.104097306728363037e-02
-5.855555832386016846e-02
-1.457480490207672119e-01
-1.682401821017265320e-02
-9.133021533489227295e-02
-8.721566945314407349e-02
2.456496842205524445e-02
-9.154688566923141479e-02
-1.022053807973861694e-01
1.521450728178024292e-01
-2.213559895753860474e-01
5.414360016584396362e-02
1.471665129065513611e-02
1.247018724679946899e-01
1.685640960931777954e-02
1.036662235856056213e-02
7.228859513998031616e-02
1.121172234416007996e-01
-6.571942567825317383e-02
-1.006150245666503906e-01
-5.784425884485244751e-02
-4.325461387634277344e-02
2.393153309822082520e-02
-4.319419711828231812e-02
-5.591887980699539185e-03
-8.884473890066146851e-02
-7.091477513313293457e-03
1.283906996250152588e-01
-2.717454358935356140e-02
-1.099387183785438538e-03
-1.523425430059432983e-02
-1.413579285144805908e-01
-1.263292729854583740e-01
-2.597494982182979584e-03
8.704285323619842529e-02
2.499145269393920898e-02
7.112491875886917114e-03
-8.658486604690551758e-02
-1.140101328492164612e-01
2.133649587631225586e-01
9.361085295677185059e-02
-5.139911174774169922e-02
-1.663639210164546967e-02
7.821854948997497559e-02
5.786501243710517883e-02
-5.393791943788528442e-03
1.356417872011661530e-02
4.396143183112144470e-02
-4.884811490774154663e-02
1.142137944698333740e-01
-1.349240168929100037e-02
-3.264342248439788818e-02
1.056120395660400391e-01
8.214009553194046021e-02
-5.106873065233230591e-02
-1.437835544347763062e-01
5.422420799732208252e-03
-1.188603192567825317e-01
-6.462840735912322998e-02
-1.089028120040893555e-01
6.840541958808898926e-02
7.282723486423492432e-02
-1.447846591472625732e-01
9.621272981166839600e-02
-1.052446514368057251e-01
2.449221163988113403e-02
-9.418479353189468384e-02
-3.552938252687454224e-02
-1.403678953647613525e-02
1.430820822715759277e-01
1.116813123226165771e-01
2.052421681582927704e-02
-1.494711637496948242e-01
-9.079860150814056396e-02
4.375523328781127930e-02
-2.653956040740013123e-02
-4.277011379599571228e-02
6.036350131034851074e-02
3.040326759219169617e-02
1.041055843234062195e-02
-1.633747480809688568e-02
2.319300174713134766e-02
1.874314248561859131e-02
-1.034264862537384033e-01
-1.160116642713546753e-01
6.340213119983673096e-02
-4.724606871604919434e-02
2.382781729102134705e-02
9.287901222705841064e-03
1.320946216583251953e-02
-1.623490005731582642e-01
-1.320386230945587158e-01
4.242382943630218506e-02
1.427857875823974609e-01
9.453932940959930420e-02
3.862755000591278076e-02
3.436776623129844666e-02
-3.302105516195297241e-02
6.040313467383384705e-02
1.251533627510070801e-03
9.233829379081726074e-02
1.103270351886749268e-01
7.838793843984603882e-02
1.797346025705337524e-02
-5.023312941193580627e-02
4.696669057011604309e-02
4.231139272451400757e-02
-2.836691215634346008e-02
5.524215102195739746e-02
5.640694499015808105e-02
2.946366369724273682e-02
-2.809530869126319885e-02
-1.536177545785903931e-01
-1.607048809528350830e-01
-4.238495603203773499e-02
-2.951227128505706787e-02
-7.616072893142700195e-02
-1.301576346158981323e-01
3.200309723615646362e-02
5.879396572709083557e-03
1.102165654301643372e-01
-1.009785830974578857e-01
-1.260968744754791260e-01
2.137250453233718872e-02
1.309680342674255371e-01
6.006449460983276367e-02
-1.586124897003173828e-01
-6.633612513542175293e-02
1.283618807792663574e-02
-5.969790741801261902e-02
1.486094109714031219e-02
-4.817621409893035889e-02
4.288302734494209290e-03
7.355692982673645020e-02
-1.820333302021026611e-02
1.551024988293647766e-02
3.808483108878135681e-02
-6.327344477176666260e-02
-7.559829950332641602e-02
6.919422745704650879e-02
2.599804475903511047e-02
-1.666470170021057129e-01
-4.990745708346366882e-02
7.973034679889678955e-02
1.233286708593368530e-01
1.048050895333290100e-01
-2.087518572807312012e-03
-5.749008804559707642e-02
-1.073550581932067871e-01
8.812133967876434326e-02
4.574424028396606445e-02
-7.582510262727737427e-02
-1.201813220977783203e-01
-1.936520449817180634e-03
8.042814582586288452e-02
7.146255671977996826e-02
2.839573472738265991e-02
-7.061775773763656616e-02
1.096887513995170593e-02
6.567742675542831421e-02
-7.802335172891616821e-02
-2.264839783310890198e-02
-1.551817208528518677e-01
-4.599614068865776062e-02
-1.135452389717102051e-01
-1.014987081289291382e-01
-8.356540650129318237e-02
-9.902929514646530151e-02
3.193908184766769409e-02
2.710717543959617615e-02
-1.163437031209468842e-02
3.101678937673568726e-02
3.025928884744644165e-02
1.408546417951583862e-02
4.712835885584354401e-03
-1.212560012936592102e-02
1.106076613068580627e-01
-1.452829688787460327e-03
-1.421323884278535843e-02
-5.471603572368621826e-02
1.334615945816040039e-01
-7.462821155786514282e-02
-4.559072479605674744e-02
-7.216348499059677124e-02
-4.961467161774635315e-02
-9.709924459457397461e-02
-1.114028394222259521e-01
6.485490500926971436e-02
1.065281629562377930e-01
-1.354197859764099121e-01
-6.571843475103378296e-02
-4.940732568502426147e-02
-1.911273784935474396e-02
1.723773777484893799e-03
-6.244588643312454224e-02
-5.165945366024971008e-02
-6.073130667209625244e-02
-5.956552922725677490e-03
1.115857809782028198e-02
1.099687442183494568e-02
1.528644468635320663e-02
-1.323533654212951660e-01
2.057294175028800964e-02
1.621103659272193909e-02
-9.539191424846649170e-02
-1.132872104644775391e-01
-2.998021431267261505e-02
-6.492237001657485962e-02
-1.130499839782714844e-01
6.140653789043426514e-02
8.831174671649932861e-02
-9.871321916580200195e-02
-1.051225140690803528e-02
5.110231041908264160e-02
2.775906771421432495e-02
2.919249236583709717e-04
-6.498840451240539551e-02
-1.234283298254013062e-01
6.275441497564315796e-02
-1.046254634857177734e-01
4.844179376959800720e-02
-7.735259085893630981e-02
-8.599900454282760620e-02
1.570383459329605103e-02
2.778856270015239716e-02
-2.356488443911075592e-02
7.105904817581176758e-02
-9.219430387020111084e-02
5.917960405349731445e-02
1.043880432844161987e-01
6.132799759507179260e-02
1.512982845306396484e-01
-5.565604940056800842e-02
-2.603619173169136047e-02
-8.152788132429122925e-02
-1.554541587829589844e-01
-1.286776363849639893e-01
3.446172922849655151e-03
9.943465143442153931e-02
-4.418672248721122742e-02
-1.088879033923149109e-01
-8.636733889579772949e-02
-9.015230834484100342e-02
-1.236930303275585175e-02
5.279789119958877563e-02
1.629881858825683594e-01
-3.732156381011009216e-02
-1.357059180736541748e-01
1.239347457885742188e-01
-2.435516938567161560e-02
-7.750060409307479858e-02
3.137047216296195984e-02
-6.855436414480209351e-02
-3.032168000936508179e-02
8.809217810630798340e-02
-4.450176656246185303e-02
1.114581227302551270e-01
8.169566094875335693e-02
-6.740788370370864868e-02
-5.079121142625808716e-02
-4.128561541438102722e-02
3.011969849467277527e-03
-5.485424771904945374e-02
-7.431365549564361572e-02
-1.202323138713836670e-01
-6.399340927600860596e-04
-1.270602643489837646e-01
-4.602414369583129883e-02
-6.088792905211448669e-02
3.763530403375625610e-02
-6.765056401491165161e-02
8.542643487453460693e-02
1.595791876316070557e-01
-1.062120348215103149e-01
-4.542075097560882568e-03
6.018850952386856079e-02
-3.479616716504096985e-02
3.472379222512245178e-02
-9.693689644336700439e-02
-4.157309234142303467e-02
3.932391852140426636e-02
-5.571152269840240479e-02
6.667388603091239929e-03
3.822816163301467896e-02
1.107448339462280273e-02
4.791957139968872070e-02
1.016452163457870483e-02
6.870638579130172729e-02
1.728408336639404297e-01
-6.136791780591011047e-02
5.874871090054512024e-02
5.920426547527313232e-02
-1.245868392288684845e-02
-8.512852713465690613e-03
-3.358829766511917114e-03
1.079188287258148193e-02
1.592940390110015869e-01
1.930474936962127686e-01
6.203425303101539612e-02
-5.980002880096435547e-02
-1.336803138256072998e-01
-3.588183596730232239e-02
-4.434434324502944946e-02
-1.342649608850479126e-01
-1.457600593566894531e-01
1.137887686491012573e-02
-8.630932122468948364e-02
1.226419955492019653e-02
-4.969041422009468079e-02
2.997250482439994812e-02
-2.981017529964447021e-02
2.690131962299346924e-02
4.198604449629783630e-02
8.983793854713439941e-02
8.678029477596282959e-02
-2.630436792969703674e-03
-3.016185015439987183e-03
-1.570962220430374146e-01
1.141690462827682495e-01
-1.260659247636795044e-01
-6.610681116580963135e-02
1.062207072973251343e-01
-1.249267011880874634e-01
-1.166200488805770874e-01
2.537375316023826599e-03
1.068882457911968231e-02
-5.538739264011383057e-03
8.574137464165687561e-03
9.670661389827728271e-02
9.815147519111633301e-02
6.678070127964019775e-02
1.369069963693618774e-01
-9.592023491859436035e-02
1.384914815425872803e-01
6.504480540752410889e-02
6.525816768407821655e-02
7.882589101791381836e-02
-2.084064483642578125e-02
-1.070378348231315613e-02
-8.620501309633255005e-02
6.671147793531417847e-02
-3.933332860469818115e-03
-5.599299818277359009e-02
1.836344599723815918e-03
1.144729405641555786e-01
-5.303303152322769165e-02
1.926634088158607483e-02
-9.743161499500274658e-03
-2.185479551553726196e-02
-9.531237185001373291e-02
7.263036817312240601e-02
-2.832826226949691772e-02
5.421981588006019592e-02
6.908978521823883057e-02
1.321658045053482056e-01
-5.129884928464889526e-02
-1.603536680340766907e-02
-5.319705605506896973e-02
2.357373014092445374e-04
9.851822257041931152e-02
2.689229324460029602e-02
9.329098463058471680e-02
-9.433845430612564087e-02
-5.229321867227554321e-02
1.109274476766586304e-01
1.955140829086303711e-01
9.620326012372970581e-02
1.023188903927803040e-01
4.796490073204040527e-02
-2.285973727703094482e-02
-3.498535230755805969e-02
-1.029005274176597595e-03
4.195143654942512512e-02
5.961352586746215820e-02
-4.266532883048057556e-02
-1.617153584957122803e-01
-8.385846018791198730e-02
-8.817393332719802856e-03
1.341535151004791260e-02
1.171651929616928101e-01
-1.733539253473281860e-02
7.493019849061965942e-02
-9.867274202406406403e-04
9.367929399013519287e-02
1.070678532123565674e-01
-5.821512546390295029e-03
1.915417611598968506e-03
-4.676405340433120728e-03
2.287014201283454895e-02
3.454264998435974121e-02
-5.847193673253059387e-02
4.219716787338256836e-02
7.055716216564178467e-02
-3.147410601377487183e-02
7.142691314220428467e-02
-1.618003994226455688e-01
1.350949704647064209e-02
9.465882182121276855e-02
4.272378981113433838e-02
-6.183896213769912720e-02
3.516450524330139160e-03
1.039904728531837463e-01
1.649910584092140198e-02
5.312879383563995361e-02
-3.012885712087154388e-02
-1.998293995857238770e-01
2.290859073400497437e-02
-7.501826435327529907e-02
9.196215122938156128e-02
-1.696257740259170532e-01
8.102181553840637207e-02
-9.824197739362716675e-02
-3.163953498005867004e-02
5.956615507602691650e-02
-2.200822830200195312e-01
-1.041302010416984558e-01
1.469763368368148804e-02
2.962663769721984863e-02
1.644666492938995361e-02
-1.279400289058685303e-01
4.224614426493644714e-02
1.118081659078598022e-01
1.272932812571525574e-02
-1.375310868024826050e-02
-2.165421843528747559e-02
-7.578419148921966553e-02
-3.056886792182922363e-02
5.302174761891365051e-02
-1.115708947181701660e-01
6.040640547871589661e-02
9.467415511608123779e-03
-2.222566306591033936e-02
-6.088970974087715149e-02
-1.091147437691688538e-01
-1.144482940435409546e-02
1.163119897246360779e-01
5.575647577643394470e-02
-2.640426158905029297e-03
-1.305583212524652481e-02
-8.489186316728591919e-02
-1.679304614663124084e-02
-9.590089321136474609e-03
-3.688210155814886093e-03
-8.351443707942962646e-02
