-7.612869143486022949e-03
3.771487250924110413e-02
1.524245142936706543e-01
-1.339500099420547485e-01
4.462724924087524414e-02
-1.217641830444335938e-01
-5.013431981205940247e-02
-7.382606272585690022e-04
-1.203817650675773621e-01
5.157582461833953857e-03
-1.641372293233871460e-01
1.624536514282226562e-01
1.585935056209564209e-01
1.069026440382003784e-02
4.966424405574798584e-02
1.708541363477706909e-01
5.041853711009025574e-02
1.087350323796272278e-01
1.033276692032814026e-01
2.780212275683879852e-02
-6.333822011947631836e-02
-9.196225553750991821e-02
1.234763488173484802e-01
1.129872724413871765e-01
2.769433520734310150e-02
-1.551948785781860352e-01
-1.386697739362716675e-01
-1.448568850755691528e-01
8.665656298398971558e-02
-5.803843215107917786e-02
8.876004070043563843e-02
-1.387973576784133911e-01
6.821504980325698853e-02
-9.407844394445419312e-02
-9.121257066726684570e-02
-4.543955251574516296e-02
-4.388614371418952942e-02
6.632544845342636108e-02
1.140019521117210388e-01
8.181623369455337524e-02
5.165486410260200500e-02
1.546690911054611206e-01
5.045006796717643738e-02
-2.841754257678985596e-02
1.503383368253707886e-01
2.731691114604473114e-02
-8.872490376234054565e-02
9.629795700311660767e-02
-4.885124787688255310e-02
7.988853007555007935e-02
5.064448807388544083e-03
-5.715033039450645447e-02
2.705676108598709106e-02
-4.733052849769592285e-02
-4.358537495136260986e-02
-6.228014826774597168e-02
-3.269350854679942131e-03
-4.302335903048515320e-02
1.651161350309848785e-02
7.717967778444290161e-02
-1.014087572693824768e-01
-1.202541515231132507e-01
5.098283290863037109e-04
4.378584027290344238e-02
-9.772225469350814819e-02
-9.664468467235565186e-03
1.526632439345121384e-02
5.101532116532325745e-02
8.044404536485671997e-02
-4.122724290937185287e-03
2.441859245300292969e-02
-4.164418578147888184e-02
1.178780421614646912e-01
1.057356297969818115e-01
1.419751495122909546e-01
9.879475831985473633e-02
7.544898241758346558e-02
5.482791364192962646e-02
-8.977156877517700195e-02
3.292228281497955322e-02
1.858051680028438568e-02
3.868490457534790039e-03
-7.068716734647750854e-02
-3.390666469931602478e-02
-1.957573555409908295e-02
1.009148955345153809e-01
1.358054727315902710e-01
3.516740724444389343e-02
1.979946643114089966e-01
-1.124699115753173828e-01
2.377425879240036011e-02
7.227887213230133057e-02
-1.489083021879196167e-01
-1.417551338672637939e-01
4.955587908625602722e-02
6.487999111413955688e-02
-3.977583348751068115e-02
6.354287266731262207e-02
1.780598908662796021e-01
-7.642617821693420410e-02
-9.481098502874374390e-02
3.255807235836982727e-02
2.649268507957458496e-02
-9.022048860788345337e-02
7.290828227996826172e-02
1.999191008508205414e-02
9.021484106779098511e-02
-1.350155919790267944e-01
-8.639794774353504181e-03
-1.321614813059568405e-02
2.826821058988571167e-02
2.418680302798748016e-02
2.300978451967239380e-02
3.950335457921028137e-02
-3.708555921912193298e-02
1.924470625817775726e-02
9.416737407445907593e-02
-1.257720738649368286e-01
-1.643834412097930908e-01
-1.532319337129592896e-01
1.497096866369247437e-01
-2.286376990377902985e-02
2.356355823576450348e-02
3.669188544154167175e-02
-6.665284186601638794e-02
1.641588807106018066e-01
-1.285450607538223267e-01
2.427704632282257080e-02
-3.106310963630676270e-02
5.571874603629112244e-02
9.593271464109420776e-02
8.091147989034652710e-03
-4.592951759696006775e-02
-7.888648658990859985e-02
9.443446993827819824e-03
-1.488399971276521683e-02
-1.884824782609939575e-01
6.531915813684463501e-02
-7.266046945005655289e-03
1.957618631422519684e-02
8.848056197166442871e-02
-5.369216203689575195e-03
1.933880150318145752e-02
1.747128367424011230e-01
-2.470525167882442474e-02
-1.020278558135032654e-01
-1.458506137132644653e-01
-9.367525577545166016e-02
3.599877282977104187e-02
-4.089201614260673523e-02
1.016722619533538818e-01
4.767509922385215759e-02
1.017257571220397949e-02
1.183131933212280273e-01
-2.235992439091205597e-02
-8.755088597536087036e-02
9.028216451406478882e-02
2.601443231105804443e-02
-7.418451458215713501e-02
-1.356825977563858032e-01
-9.779363870620727539e-03
9.290606528520584106e-02
-6.486749649047851562e-02
-1.006275489926338196e-01
-1.334475129842758179e-01
-4.354353249073028564e-02
1.473442912101745605e-01
4.129139240831136703e-03
1.212444230914115906e-01
-8.003748208284378052e-02
-1.628598421812057495e-01
1.376437116414308548e-02
2.265582419931888580e-02
-4.347761347889900208e-02
-6.650625169277191162e-02
5.749186873435974121e-02
3.778505325317382812e-02
1.259726285934448242e-01
-8.401391096413135529e-03
-8.722025156021118164e-02
-3.681676834821701050e-02
5.025950074195861816e-02
2.939962036907672882e-02
-7.161370664834976196e-02
3.494503721594810486e-02
6.361795961856842041e-02
-1.489504426717758179e-01
-3.556029498577117920e-02
-2.582555450499057770e-02
1.669222675263881683e-02
1.772057265043258667e-01
4.076487571001052856e-02
-8.449401706457138062e-02
2.141233719885349274e-02
2.336294017732143402e-02
-4.033893719315528870e-02
6.198106333613395691e-02
2.056436985731124878e-01
-1.248512044548988342e-01
6.833145860582590103e-03
-8.609106391668319702e-02
7.929647713899612427e-02
-7.759527862071990967e-02
-1.354341059923171997e-01
1.460092794150114059e-02
1.360969245433807373e-01
-1.189236417412757874e-01
9.310105443000793457e-02
4.458972718566656113e-03
1.051179766654968262e-01
1.071197818964719772e-02
-7.623758167028427124e-02
-1.055610179901123047e-01
-8.485078811645507812e-02
3.485205397009849548e-02
2.507800050079822540e-02
-2.858235873281955719e-02
-2.641235105693340302e-02
-3.563402220606803894e-02
-1.106627937406301498e-02
-7.467286288738250732e-02
7.538770884275436401e-02
-1.061762198805809021e-01
-5.507223680615425110e-02
1.627479195594787598e-01
-3.447347506880760193e-02
-8.950766175985336304e-02
-3.068000264465808868e-02
-3.712227568030357361e-02
-5.466843023896217346e-02
1.208300516009330750e-01
-6.371366977691650391e-02
7.431002799421548843e-03
-3.834150359034538269e-02
-1.409691721200942993e-01
2.046979032456874847e-02
-5.615806207060813904e-02
1.065251305699348450e-01
-1.475778818130493164e-01
-3.768599405884742737e-02
-1.092214211821556091e-01
-1.402651239186525345e-02
-1.653427071869373322e-02
6.337583065032958984e-03
-2.673718146979808807e-02
5.680182203650474548e-02
-1.123542059212923050e-02
1.683554649353027344e-01
-3.847047686576843262e-03
8.980148285627365112e-02
-8.712360262870788574e-02
-1.852197386324405670e-02
-4.493936896324157715e-02
1.606897562742233276e-01
9.686706215143203735e-02
-5.654292181134223938e-02
-7.219911366701126099e-02
1.253626793622970581e-01
-7.666585594415664673e-02
4.716126620769500732e-02
1.337072253227233887e-01
2.807391993701457977e-02
-7.895970344543457031e-02
-1.749067939817905426e-02
1.802467741072177887e-02
-2.890521846711635590e-02
1.031017899513244629e-01
-1.781756877899169922e-01
-1.279124319553375244e-01
3.751353546977043152e-02
2.117475308477878571e-02
4.863300547003746033e-02
1.096292864531278610e-02
2.938777953386306763e-02
-3.145558014512062073e-02
3.859431669116020203e-02
1.128617394715547562e-02
1.241327449679374695e-01
-7.645279169082641602e-02
7.173917442560195923e-02
1.387482732534408569e-01
-3.833892941474914551e-02
9.180305153131484985e-02
-6.629485636949539185e-02
5.165873095393180847e-02
1.002391148358583450e-02
7.653617858886718750e-02
-1.749288886785507202e-01
3.435849770903587341e-02
-1.206865087151527405e-01
9.201139956712722778e-02
5.831055715680122375e-02
1.341549903154373169e-01
1.830668449401855469e-01
1.665015146136283875e-02
-3.456913307309150696e-02
-7.378386706113815308e-02
5.688923597335815430e-02
-1.144891306757926941e-01
1.256091743707656860e-01
-3.822694718837738037e-02
-3.762573003768920898e-02
-7.327840477228164673e-02
-1.319139152765274048e-01
5.697761848568916321e-02
-9.358934313058853149e-02
-3.704155562445521355e-03
-1.392949372529983521e-01
-1.696807704865932465e-02
-5.910782143473625183e-02
-2.127328328788280487e-02
1.064956188201904297e-01
1.291104257106781006e-01
-1.227121874690055847e-01
-7.890302687883377075e-02
-3.864898160099983215e-02
1.582002192735671997e-01
-7.092047482728958130e-02
7.812585681676864624e-03
-4.196856543421745300e-02
-9.205048531293869019e-02
-1.057453230023384094e-01
-1.207878813147544861e-01
3.605883941054344177e-02
-5.756511166691780090e-02
5.620506405830383301e-02
2.601124905049800873e-02
-5.071958061307668686e-03
-7.546711713075637817e-02
3.582696197554469109e-03
1.102948188781738281e-01
3.248100355267524719e-02
9.859246015548706055e-02
5.585561692714691162e-02
3.536226227879524231e-02
-7.735317107290029526e-03
1.123740673065185547e-01
9.781998395919799805e-02
1.165627315640449524e-01
-4.448245465755462646e-02
-2.548209391534328461e-02
2.202992700040340424e-02
8.631896972656250000e-02
-5.025609210133552551e-02
1.124320998787879944e-01
1.083614304661750793e-01
5.909005925059318542e-02
1.566966623067855835e-01
8.729730732738971710e-03
-1.310648769140243530e-01
-2.271419204771518707e-02
-1.327981799840927124e-01
2.546968869864940643e-02
-9.172969311475753784e-02
-5.172684416174888611e-02
-7.849673926830291748e-02
-1.667314954102039337e-02
1.897588372230529785e-03
6.834691017866134644e-02
-5.194071214646100998e-03
-9.449177980422973633e-02
-3.813718631863594055e-02
9.370645880699157715e-02
2.793128974735736847e-02
3.220666572451591492e-02
-3.703716024756431580e-02
-1.200742498040199280e-01
-4.405511543154716492e-02
8.848646283149719238e-02
5.100548639893531799e-02
1.150183901190757751e-01
-1.198487952351570129e-01
1.105641946196556091e-02
-1.197388172149658203e-01
1.827830225229263306e-01
-4.639925435185432434e-02
-3.869685903191566467e-02
6.412740796804428101e-02
9.096532315015792847e-02
9.764343500137329102e-02
-4.391747713088989258e-02
-5.385239049792289734e-02
-4.416446015238761902e-02
-1.181801687926054001e-02
4.354518279433250427e-02
5.380565766245126724e-03
-1.176906898617744446e-01
9.450316429138183594e-04
-5.422118678689002991e-02
1.043279990553855896e-01
9.998842328786849976e-02
-1.281336043030023575e-02
-1.154766157269477844e-01
6.935292482376098633e-02
1.974811218678951263e-02
-2.604658342897891998e-02
2.467256039381027222e-02
1.544542312622070312e-01
-1.216013655066490173e-01
-1.264142990112304688e-02
-5.587607994675636292e-02
9.829210489988327026e-02
-1.537733227014541626e-01
6.073793396353721619e-02
4.425882175564765930e-02
-7.828611880540847778e-02
-1.145050749182701111e-01
-3.706504777073860168e-02
-1.712123602628707886e-01
-1.313910186290740967e-01
1.509175300598144531e-01
5.789585411548614502e-02
-9.116949886083602905e-02
-1.599633544683456421e-01
-5.478104948997497559e-02
-6.121305003762245178e-02
-3.786588087677955627e-02
5.865732952952384949e-02
-8.115350455045700073e-02
-5.368806794285774231e-02
-9.857752919197082520e-02
2.944271080195903778e-02
-1.395765244960784912e-01
6.526748090982437134e-02
-1.498809177428483963e-02
-1.335120853036642075e-02
-4.956975579261779785e-02
1.248374804854393005e-01
-1.223740354180335999e-01
-1.190035119652748108e-01
-5.940007790923118591e-02
-8.161544799804687500e-02
7.249534875154495239e-02
9.178618347505107522e-05
-7.073321193456649780e-02
-4.447985067963600159e-02
-4.265633225440979004e-02
2.064837701618671417e-02
5.140018463134765625e-02
-1.086926385760307312e-01
-9.469816833734512329e-02
9.792587906122207642e-02
-1.790201477706432343e-02
-4.844372346997261047e-02
1.069146394729614258e-02
3.912464529275894165e-02
-3.919782117009162903e-02
6.306954473257064819e-02
7.721719890832901001e-02
-1.161622181534767151e-01
8.552911132574081421e-02
4.758493229746818542e-02
-4.572102427482604980e-02
-9.264383465051651001e-02
4.707944393157958984e-02
-6.204843148589134216e-02
2.611340768635272980e-02
-6.971791386604309082e-02
-1.681970953941345215e-01
5.918038263916969299e-02
9.904722124338150024e-02
8.452632278203964233e-02
9.664718061685562134e-02
-8.504129201173782349e-02
-9.057373553514480591e-02
-1.221699416637420654e-01
3.480481728911399841e-02
-4.384133219718933105e-02
-1.132418215274810791e-02
-7.020065933465957642e-02
3.646960854530334473e-02
-1.497816294431686401e-02
-1.496749520301818848e-01
1.902714185416698456e-02
-1.016201302409172058e-01
3.126712515950202942e-02
4.333429411053657532e-02
1.132990717887878418e-01
-6.400434672832489014e-02
2.836162748280912638e-04
1.355463415384292603e-01
4.236741364002227783e-02
1.417621225118637085e-01
1.251882761716842651e-01
8.911969512701034546e-02
7.409507781267166138e-02
-1.182006821036338806e-01
-8.220823854207992554e-02
4.663412645459175110e-02
-1.126788035035133362e-01
-1.281521767377853394e-01
-5.953649058938026428e-02
-1.165572106838226318e-01
-1.411695033311843872e-02
1.089248061180114746e-01
6.754820793867111206e-02
-2.999475039541721344e-02
-2.654592134058475494e-02
-8.414757251739501953e-02
-1.314453501254320145e-02
5.062079057097434998e-02
-1.082094665616750717e-02
1.638457626104354858e-01
-1.523109246045351028e-02
5.853426083922386169e-02
-4.622207954525947571e-02
7.832453399896621704e-02
8.935289829969406128e-02
-9.256609529256820679e-02
1.627937145531177521e-02
1.620327830314636230e-01
-8.118557184934616089e-02
7.118561118841171265e-02
3.907803446054458618e-02
-4.605967923998832703e-02
1.145316734910011292e-01
1.008090004324913025e-01
1.431861054152250290e-02
7.667135447263717651e-02
-2.286469191312789917e-02
4.495726153254508972e-02
3.841401264071464539e-02
-5.459037795662879944e-02
-1.120296716690063477e-01
-1.101495549082756042e-01
-1.370365452021360397e-02
-1.108533143997192383e-01
3.673689067363739014e-02
-8.062586933374404907e-02
-8.816113322973251343e-02
-3.375358507037162781e-02
8.760130405426025391e-02
9.699291735887527466e-02
8.606600016355514526e-02
-6.579846609383821487e-03
4.362615942955017090e-02
-1.584141701459884644e-02
1.017101481556892395e-01
5.066499579697847366e-03
-8.335551619529724121e-02
9.658016264438629150e-03
1.017769500613212585e-01
6.807003170251846313e-02
-1.342512816190719604e-01
-7.701567560434341431e-02
-1.937684416770935059e-02
-1.558760763145983219e-03
3.630808368325233459e-02
-1.543110460042953491e-01
-9.743364900350570679e-02
-8.342755585908889771e-02
1.241750493645668030e-01
-8.264755457639694214e-02
9.735964983701705933e-02
3.310062363743782043e-02
5.562871694564819336e-03
-3.578691557049751282e-02
7.761289924383163452e-02
3.420724347233772278e-02
-7.633499056100845337e-02
-1.026916503906250000e-01
8.607708662748336792e-02
-5.934490356594324112e-03
1.824345998466014862e-02
-7.173787802457809448e-02
4.644860699772834778e-02
9.141641855239868164e-02
-1.118420138955116272e-01
-1.051224991679191589e-01
5.256168916821479797e-02
1.667285561561584473e-01
-7.980445027351379395e-02
-8.540319651365280151e-02
-1.007764637470245361e-01
1.234047114849090576e-01
-4.527615010738372803e-02
-6.709706783294677734e-02
-2.964956872165203094e-02
-3.283957717940211296e-03
2.045361548662185669e-01
5.763293802738189697e-02
-7.315306365489959717e-02
1.221041157841682434e-01
1.383665483444929123e-02
3.272249177098274231e-02
7.527586817741394043e-02
9.323466569185256958e-02
1.178026571869850159e-01
-3.170026838779449463e-02
4.141451790928840637e-02
-2.882803231477737427e-02
-2.596756629645824432e-02
1.091773528605699539e-02
1.241431664675474167e-02
-6.011593341827392578e-02
-1.046085655689239502e-01
4.434001818299293518e-02
1.803038567304611206e-01
4.784430935978889465e-02
6.689569354057312012e-02
1.176797077059745789e-01
-5.274723470211029053e-02
-1.235349252820014954e-01
-2.565080486238002777e-02
1.497835386544466019e-02
6.293352693319320679e-02
1.319972276687622070e-01
-7.215151190757751465e-02
-9.290268272161483765e-02
-7.641417533159255981e-02
-5.799084901809692383e-02
-6.952229887247085571e-02
7.735411822795867920e-02
-6.622591614723205566e-02
1.542440354824066162e-01
-2.428989391773939133e-03
-3.939757123589515686e-02
-3.430633991956710815e-02
1.228853538632392883e-01
1.253074854612350464e-01
2.414738573133945465e-02
1.282999962568283081e-01
1.276478320360183716e-01
-4.586620780173689127e-04
-2.071259915828704834e-02
1.309607475996017456e-01
-6.404410302639007568e-02
-2.137125842273235321e-02
1.339715570211410522e-01
-1.821205206215381622e-02
5.892075132578611374e-03
1.917438656091690063e-01
-1.594657748937606812e-01
-1.336583346128463745e-01
3.974841907620429993e-02
1.506217103451490402e-02
1.082392260432243347e-01
3.201516717672348022e-02
5.265131965279579163e-02
-1.787917502224445343e-02
-8.009093254804611206e-02
4.217239841818809509e-02
-9.569475054740905762e-02
-3.975678607821464539e-02
4.237426444888114929e-02
-1.289769560098648071e-01
-9.773460030555725098e-02
-4.921008949168026447e-04
2.006624639034271240e-02
-2.894092351198196411e-02
-1.882957965135574341e-01
6.906270235776901245e-02
4.197939112782478333e-02
4.179443418979644775e-02
3.446422144770622253e-02
-8.180626481771469116e-02
5.492214486002922058e-02
-1.634946018457412720e-01
-1.533237248659133911e-01
-4.671370983123779297e-02
3.537893667817115784e-02
-1.285560876131057739e-01
-6.742208451032638550e-02
-8.157902210950851440e-02
-7.010209560394287109e-02
4.879729822278022766e-02
1.426251381635665894e-01
6.449089199304580688e-02
-8.238117396831512451e-02
-4.876159131526947021e-03
9.935796260833740234e-04
8.112208545207977295e-02
-1.580695062875747681e-02
-1.030642613768577576e-01
-1.055309548974037170e-01
-4.842072725296020508e-02
7.348713278770446777e-02
6.768429279327392578e-02
1.539233326911926270e-02
7.973036170005798340e-02
1.541257649660110474e-01
1.329785585403442383e-01
-1.055310964584350586e-01
-1.149088144302368164e-02
3.330717608332633972e-02
-1.306348573416471481e-02
-2.835045754909515381e-02
8.604464679956436157e-02
-1.366111040115356445e-01
6.411349028348922729e-02
-1.316873263567686081e-02
-1.194531545042991638e-01
2.493251115083694458e-02
-2.719735912978649139e-02
-2.830343507230281830e-02
1.778061389923095703e-01
2.171576581895351410e-02
4.716198146343231201e-02
6.884128600358963013e-02
1.272117136977612972e-03
2.143931984901428223e-01
1.002744361758232117e-01
-3.098999708890914917e-02
-9.914938360452651978e-02
-9.770706295967102051e-02
8.052230626344680786e-02
4.727115854620933533e-02
-9.684005379676818848e-02
1.177203282713890076e-01
-1.445078700780868530e-01
-2.876455150544643402e-02
-3.276690468192100525e-02
1.337965279817581177e-01
-7.672270387411117554e-02
-1.587544828653335571e-01
1.130823716521263123e-01
-1.580384671688079834e-01
1.443506032228469849e-01
1.462968140840530396e-01
-7.115241140127182007e-02
-4.643649980425834656e-02
1.174824535846710205e-01
-1.344605907797813416e-02
-4.047976434230804443e-02
-1.778977178037166595e-02
-5.472635105252265930e-02
-1.775968819856643677e-02
5.179147422313690186e-02
-1.377646327018737793e-01
-2.551679871976375580e-02
-8.973813056945800781e-02
3.973922133445739746e-02
-1.426325440406799316e-01
1.140503883361816406e-01
-1.373246610164642334e-01
-6.557621806859970093e-02
1.010403260588645935e-01
-1.583186686038970947e-01
3.809839114546775818e-02
-1.465384960174560547e-01
-6.229714676737785339e-02
-2.120608091354370117e-02
4.907222464680671692e-02
9.220891445875167847e-02
6.181725859642028809e-02
1.271866559982299805e-01
1.374231744557619095e-02
7.646585348993539810e-03
-7.190600037574768066e-02
1.777383089065551758e-01
-6.346848607063293457e-02
-6.285879015922546387e-02
-1.226999387145042419e-01
2.249295264482498169e-02
1.143539920449256897e-01
-9.185620397329330444e-02
-6.447023898363113403e-02
-8.296501636505126953e-02
-5.377833172678947449e-02
-1.416067779064178467e-02
1.806109994649887085e-01
-1.345982309430837631e-02
6.678450852632522583e-02
4.074540734291076660e-02
6.413333863019943237e-02
3.315246105194091797e-02
-2.754245139658451080e-02
-1.528781801462173462e-01
-1.542617082595825195e-01
4.293265938758850098e-02
6.639208644628524780e-02
4.188294056802988052e-03
1.162327006459236145e-01
3.807433322072029114e-02
-2.529904060065746307e-02
-8.228344470262527466e-02
2.079418860375881195e-02
1.538138836622238159e-02
9.679675847291946411e-02
5.566531047224998474e-02
-1.041309162974357605e-01
4.068976640701293945e-02
8.369982987642288208e-02
-5.291094258427619934e-02
-4.428550601005554199e-03
-6.291168928146362305e-02
-4.733991250395774841e-02
5.271779838949441910e-03
-6.515846401453018188e-02
-5.117894709110260010e-02
3.215175867080688477e-02
-8.821874111890792847e-02
4.739014431834220886e-02
3.793238475918769836e-02
-8.653222769498825073e-02
7.812110334634780884e-02
-1.156706437468528748e-01
-2.241031266748905182e-02
-2.564303390681743622e-02
-8.064226247370243073e-03
3.049904853105545044e-02
-5.096611380577087402e-02
6.652280688285827637e-02
-1.529808621853590012e-02
3.381960093975067139e-02
-1.235426124185323715e-02
-1.320700794458389282e-01
5.899605154991149902e-02
-7.205694168806076050e-02
-5.794955417513847351e-02
1.366397738456726074e-02
-1.804583519697189331e-02
1.490500103682279587e-02
-9.405701607465744019e-02
7.433452457189559937e-02
5.878276750445365906e-02
1.503071188926696777e-02
1.003050338476896286e-02
-1.147696003317832947e-02
1.098430063575506210e-02
2.691943757236003876e-02
4.813125729560852051e-02
1.439625769853591919e-01
6.777329742908477783e-02
3.559355065226554871e-02
1.201101318001747131e-01
3.598305210471153259e-02
-9.050507098436355591e-02
1.622606366872787476e-01
3.717469749972224236e-03
7.024044636636972427e-03
1.021496653556823730e-01
-1.125537753105163574e-01
8.742003887891769409e-02
1.135591492056846619e-01
-5.434529110789299011e-02
-1.229753568768501282e-01
2.573264576494693756e-02
2.583806775510311127e-02
-1.633308082818984985e-01
1.212742552161216736e-01
4.449473693966865540e-02
7.212104648351669312e-02
-9.257254749536514282e-02
5.356409773230552673e-02
1.052483543753623962e-01
1.393644362688064575e-01
-4.463328793644905090e-02
1.325656939297914505e-02
1.134101524949073792e-01
7.516378164291381836e-02
8.228108286857604980e-02
2.113836072385311127e-02
-1.057059764862060547e-01
3.166375681757926941e-02
-3.755609272047877312e-03
7.601289451122283936e-02
-8.699002861976623535e-02
6.187682226300239563e-02
1.377173662185668945e-01
6.581883877515792847e-02
-1.065171360969543457e-01
-5.927385389804840088e-02
-1.043080911040306091e-01
-9.067803621292114258e-02
2.569173695519566536e-03
8.337566256523132324e-02
-2.994249202311038971e-02
1.859734021127223969e-02
9.708428382873535156e-02
-1.621444374322891235e-01
1.220506951212882996e-01
-1.377460956573486328e-01
7.603371888399124146e-02
3.820897638797760010e-02
-7.335573434829711914e-03
-1.586401909589767456e-01
-4.010098800063133240e-02
2.361964248120784760e-02
-1.257844269275665283e-04
1.138470470905303955e-01
-8.310020714998245239e-02
2.530035795643925667e-03
3.115114523097872734e-03
1.106157004833221436e-01
6.585354357957839966e-02
-1.609143801033496857e-02
7.104317098855972290e-02
4.765076935291290283e-02
-1.196266040205955505e-01
-4.229326546192169189e-02
2.142346464097499847e-02
-9.036637097597122192e-02
-4.749668017029762268e-02
1.019549649208784103e-02
2.340252976864576340e-04
1.197090148925781250e-01
4.519055411219596863e-02
-7.002366334199905396e-02
1.622714661061763763e-02
4.196641966700553894e-02
7.281062006950378418e-02
-3.703125193715095520e-02
1.487287133932113647e-01
7.508799433708190918e-02
6.650009658187627792e-03
6.319372355937957764e-02
7.382625341415405273e-02
5.737249925732612610e-02
1.389674097299575806e-01
-6.388363987207412720e-02
1.288395375013351440e-03
-6.685575097799301147e-02
1.409169584512710571e-01
-1.004923582077026367e-01
8.365806192159652710e-02
-1.236288622021675110e-01
-6.394460052251815796e-02
-6.431858241558074951e-02
1.490922421216964722e-01
-3.065138123929500580e-02
-1.328046023845672607e-01
1.119972094893455505e-01
1.071301996707916260e-01
-1.388564556837081909e-01
-2.154238335788249969e-02
5.573346093297004700e-02
2.882360853254795074e-02
-1.196323409676551819e-01
-6.147764250636100769e-02
4.385703429579734802e-02
-6.056045368313789368e-02
4.644348844885826111e-02
4.247849062085151672e-02
1.304402202367782593e-01
1.640607975423336029e-02
-1.471757888793945312e-02
-2.351371385157108307e-02
-3.240867331624031067e-02
-8.631456643342971802e-02
1.725729368627071381e-02
-1.492783799767494202e-02
3.025450743734836578e-02
1.195565983653068542e-01
-1.130641028285026550e-01
9.780380129814147949e-02
-1.467110663652420044e-01
1.357534527778625488e-01
-1.478590369224548340e-01
-3.281496837735176086e-02
7.568003982305526733e-02
-3.338249027729034424e-02
6.092600524425506592e-02
4.605252668261528015e-02
5.880227684974670410e-02
-6.829422712326049805e-02
-8.666305802762508392e-03
-7.880852371454238892e-02
-6.791234761476516724e-02
1.004568561911582947e-01
-5.563260242342948914e-02
-9.103486686944961548e-02
1.023200154304504395e-01
5.482621863484382629e-02
1.118985190987586975e-01
3.268038108944892883e-02
-5.905446782708168030e-02
-4.638050869107246399e-02
3.186144307255744934e-02
1.851822249591350555e-02
6.258835643529891968e-02
6.426808983087539673e-02
2.228915691375732422e-03
-4.498089849948883057e-02
-1.075451746582984924e-01
-7.719280570745468140e-02
2.959683537483215332e-02
-3.185730054974555969e-02
5.790208280086517334e-02
-3.283077850937843323e-02
6.178574264049530029e-02
-7.444261759519577026e-02
4.431697353720664978e-02
5.792872514575719833e-03
-1.179628074169158936e-03
-4.064672812819480896e-02
-1.576729565858840942e-01
8.193819969892501831e-02
-1.670505255460739136e-01
-1.127904653549194336e-01
6.411256641149520874e-02
6.111122667789459229e-02
-7.951758056879043579e-02
4.263519123196601868e-02
1.056677401065826416e-01
-3.541117906570434570e-02
1.418261677026748657e-01
-9.885274618864059448e-02
-5.549440905451774597e-02
-1.084237322211265564e-01
1.295055150985717773e-01
-5.321027338504791260e-02
1.090790852904319763e-01
6.597780436277389526e-02
2.857390604913234711e-02
6.496530026197433472e-02
9.529039263725280762e-03
4.053921252489089966e-02
-6.733940541744232178e-02
-8.293559402227401733e-02
-3.223427012562751770e-02
7.555431127548217773e-02
-3.613300248980522156e-02
-7.408009469509124756e-02
-9.208706766366958618e-02
9.199815243482589722e-02
2.020125091075897217e-02
1.062280759215354919e-01
-1.376852840185165405e-01
-2.159224636852741241e-02
9.211578965187072754e-02
-9.524501115083694458e-02
4.154890775680541992e-03
8.367705345153808594e-02
