5.532081052660942078e-02
6.486973166465759277e-02
-6.162220984697341919e-02
-1.474042087793350220e-01
1.200484782457351685e-01
-1.220934651792049408e-02
5.943192169070243835e-02
7.110470533370971680e-02
1.109189763665199280e-01
1.011387109756469727e-01
2.862531691789627075e-03
-3.497020807117223740e-03
-6.133391708135604858e-02
-5.344188958406448364e-02
1.255563832819461823e-02
2.946780063211917877e-02
1.506297439336776733e-01
2.947510406374931335e-02
-4.551610350608825684e-02
-5.461937189102172852e-02
-2.283137105405330658e-02
1.092442721128463745e-01
9.892086684703826904e-02
3.512168303132057190e-02
6.687796115875244141e-02
1.523734629154205322e-02
-3.165416046977043152e-02
4.971603676676750183e-02
6.161389499902725220e-02
-9.420344233512878418e-02
4.632695019245147705e-02
5.648063868284225464e-02
5.980048328638076782e-02
-5.302519723773002625e-02
6.216968409717082977e-03
7.263369858264923096e-02
3.191958740353584290e-02
7.027794420719146729e-02
-1.105714812874794006e-01
1.162707526236772537e-02
-5.251295119524002075e-02
-7.548027485609054565e-02
-8.921196311712265015e-02
-2.767429687082767487e-02
-2.029597945511341095e-02
1.478918828070163727e-02
3.480363637208938599e-02
5.121887847781181335e-02
5.964651703834533691e-02
-3.954497165977954865e-03
8.990138769149780273e-03
-1.275131255388259888e-01
-2.846209704875946045e-02
-1.262113898992538452e-01
-8.526150137186050415e-02
4.135765880346298218e-02
4.756655171513557434e-02
-3.389497473835945129e-02
-8.247242122888565063e-02
6.778740137815475464e-02
9.844316542148590088e-02
-1.112919673323631287e-01
-8.996044285595417023e-03
-3.262596577405929565e-02
-6.156493350863456726e-02
-6.785311549901962280e-02
3.745797276496887207e-02
-2.976505458354949951e-02
-1.228834968060255051e-02
5.044332891702651978e-02
-5.994632095098495483e-02
4.478616267442703247e-02
-7.352776080369949341e-02
-1.273690462112426758e-01
3.214518353343009949e-02
3.460714221000671387e-02
-1.087237596511840820e-01
6.425919383764266968e-02
6.189195904880762100e-03
1.135998219251632690e-01
9.773472324013710022e-03
4.093136638402938843e-02
-1.667534583248198032e-03
5.958127230405807495e-02
-5.217565968632698059e-02
1.851205527782440186e-02
-1.106004230678081512e-02
4.029999673366546631e-02
2.188579365611076355e-02
-9.140234440565109253e-02
1.058870404958724976e-01
5.149341747164726257e-02
2.994973585009574890e-02
9.665377438068389893e-02
-5.595625564455986023e-02
9.497870504856109619e-02
-3.785621374845504761e-02
5.242559127509593964e-03
-5.641049891710281372e-02
5.995677039027214050e-02
3.609165176749229431e-02
6.714980304241180420e-02
-3.183175995945930481e-02
5.239514261484146118e-02
-1.043688692152500153e-02
-5.930194258689880371e-02
8.277882635593414307e-02
-9.078200161457061768e-02
1.104047074913978577e-01
1.514032483100891113e-02
3.986340761184692383e-02
-1.128442138433456421e-01
1.280351541936397552e-02
9.280963242053985596e-02
-1.149233728647232056e-01
2.064057439565658569e-02
2.459562569856643677e-02
-2.857274748384952545e-02
-1.141150016337633133e-02
6.762534379959106445e-02
2.061872743070125580e-02
7.129418104887008667e-02
-7.623465359210968018e-02
-2.823442593216896057e-02
2.937591169029474258e-03
-7.904165983200073242e-02
7.279950380325317383e-02
-4.429825022816658020e-02
-4.252331703901290894e-02
9.651173837482929230e-03
-1.831943914294242859e-02
-6.889894604682922363e-02
-1.085437834262847900e-03
-8.424927480518817902e-03
8.642040193080902100e-02
1.370591521263122559e-01
-3.547578305006027222e-02
-4.817876219749450684e-02
-2.242885902523994446e-02
7.422410696744918823e-02
1.269332878291606903e-02
-4.571524448692798615e-03
6.871747225522994995e-02
-1.190894618630409241e-01
-1.029579620808362961e-02
-3.409357368946075439e-02
-3.754947334527969360e-02
5.635109730064868927e-03
-6.539020687341690063e-02
6.184452027082443237e-02
5.851631611585617065e-02
4.111012909561395645e-03
-1.276639383286237717e-02
-5.694687366485595703e-02
-2.521705627441406250e-02
-7.620171457529067993e-02
5.146559327840805054e-02
-6.732182204723358154e-02
4.615482315421104431e-02
9.220042079687118530e-02
-6.743900477886199951e-02
2.253528498113155365e-02
-9.951965510845184326e-02
4.101971909403800964e-02
5.820552632212638855e-02
-3.022849000990390778e-02
2.534362301230430603e-02
-9.544640779495239258e-02
-1.961969956755638123e-02
-7.940445095300674438e-02
-8.620285987854003906e-02
-7.718469202518463135e-02
8.837622404098510742e-02
4.157795757055282593e-02
-6.720865517854690552e-02
-9.957280755043029785e-02
-9.502288699150085449e-02
4.519348591566085815e-02
-8.996166288852691650e-02
3.178464621305465698e-02
-2.513857744634151459e-02
-5.186632275581359863e-02
-2.759362384676933289e-02
4.411915689706802368e-02
-1.266199536621570587e-02
-5.581928417086601257e-02
-4.171371087431907654e-02
-5.906458944082260132e-02
5.778794363141059875e-02
-7.663768529891967773e-02
-1.076533347368240356e-01
1.176202576607465744e-02
1.296566147357225418e-02
6.599454581737518311e-02
-7.470696419477462769e-02
4.193438217043876648e-02
-4.796604067087173462e-02
-8.931613713502883911e-02
8.964698761701583862e-02
7.735967636108398438e-02
3.830141201615333557e-02
2.935235574841499329e-02
-7.253791391849517822e-02
-6.699272245168685913e-02
1.125577241182327271e-01
7.544739637523889542e-03
1.282172929495573044e-02
3.571926429867744446e-02
-6.629465520381927490e-02
-3.388784080743789673e-02
8.235672861337661743e-02
6.916781514883041382e-02
9.700266271829605103e-02
-9.778382629156112671e-02
-1.345232427120208740e-01
3.747630165889859200e-03
7.836380973458290100e-03
9.534448385238647461e-02
4.924006015062332153e-02
8.767732232809066772e-02
-3.588521108031272888e-02
4.745653364807367325e-03
-6.328016519546508789e-03
-6.841702759265899658e-02
-8.269450813531875610e-02
-1.770076528191566467e-02
8.362489752471446991e-03
-1.230287179350852966e-02
1.599298045039176941e-02
-1.080742850899696350e-01
7.333206944167613983e-03
1.154072023928165436e-02
-8.954572677612304688e-02
-1.364949941635131836e-01
-1.065242514014244080e-01
1.945295371115207672e-02
5.912054330110549927e-02
1.237097429111599922e-03
2.569737471640110016e-02
2.050999924540519714e-02
4.394152387976646423e-02
-3.405817970633506775e-02
3.935002163052558899e-02
-4.165234044194221497e-02
-2.840361930429935455e-02
7.778726518154144287e-02
7.156746834516525269e-02
1.098692789673805237e-01
2.602137252688407898e-02
-1.210836172103881836e-01
1.485360264778137207e-01
1.111275404691696167e-01
-1.030798703432083130e-01
1.228844746947288513e-01
1.465957146137952805e-02
4.068849235773086548e-02
8.415875025093555450e-03
6.857176125049591064e-02
8.391737937927246094e-03
-7.692524045705795288e-02
-3.120521828532218933e-02
4.491400346159934998e-02
-2.768696751445531845e-03
-3.875345364212989807e-02
-7.054277509450912476e-02
-5.054531618952751160e-02
-7.193444669246673584e-02
7.191643863916397095e-02
-1.028433442115783691e-02
-8.510269224643707275e-02
1.115875020623207092e-01
4.920564964413642883e-02
4.410809278488159180e-02
2.066021226346492767e-02
3.062147274613380432e-02
5.083082988858222961e-02
3.721108660101890564e-02
1.444255113601684570e-01
4.538015276193618774e-02
-9.997500479221343994e-02
-4.548636265099048615e-03
-7.735149562358856201e-02
6.720021367073059082e-02
-4.017682746052742004e-02
-6.380335986614227295e-02
-3.247307240962982178e-02
5.848402529954910278e-02
5.328985303640365601e-02
-7.172916829586029053e-02
-9.871999733150005341e-03
-6.995580345392227173e-02
3.153061959892511368e-03
8.998660743236541748e-02
6.560941040515899658e-02
8.645053207874298096e-02
-1.466288138180971146e-02
1.909632608294487000e-02
1.584329875186085701e-03
-9.808187931776046753e-02
1.621876657009124756e-02
-4.958841577172279358e-02
-1.935284398496150970e-02
-1.509841997176408768e-02
4.923104867339134216e-02
-1.711046546697616577e-01
6.560368835926055908e-02
1.162385568022727966e-01
-3.122403286397457123e-02
6.263017654418945312e-02
-1.188971996307373047e-01
3.624600823968648911e-03
-8.162906020879745483e-02
1.132151857018470764e-01
-8.125139772891998291e-02
-1.467314315959811211e-03
-6.296108663082122803e-02
4.846637696027755737e-02
-1.208881884813308716e-01
-5.146292597055435181e-02
1.490831822156906128e-01
-8.602801710367202759e-02
-1.343819200992584229e-01
6.573531776666641235e-02
2.505996450781822205e-02
5.179334804415702820e-02
7.835941016674041748e-02
-8.089622482657432556e-03
1.405658293515443802e-02
9.544073045253753662e-02
2.896603941917419434e-02
-5.508311465382575989e-02
1.631855405867099762e-02
-1.200051307678222656e-01
1.036086827516555786e-01
-5.353918671607971191e-02
-4.975075274705886841e-02
-1.057624444365501404e-01
4.126912355422973633e-02
-9.739723056554794312e-02
2.119000814855098724e-02
2.579965628683567047e-02
2.092464640736579895e-02
1.229135394096374512e-01
-6.373188644647598267e-02
-3.263210505247116089e-02
3.184667322784662247e-03
-1.826727390289306641e-02
-2.301961556077003479e-02
-5.184959247708320618e-02
-1.237490400671958923e-01
-1.700122356414794922e-01
3.841711208224296570e-02
-7.992184907197952271e-02
-1.215285528451204300e-02
-1.305800047703087330e-03
1.080482453107833862e-01
-2.431556768715381622e-02
-1.986302249133586884e-02
1.425053775310516357e-01
-3.370914491824805737e-04
-4.238818213343620300e-02
-8.110380172729492188e-02
-2.656237408518791199e-02
5.966131761670112610e-02
5.370032787322998047e-02
5.878829210996627808e-02
-5.312977824360132217e-03
1.099255830049514771e-01
-7.363329082727432251e-02
5.352777987718582153e-02
2.524151001125574112e-03
-6.290877610445022583e-02
5.107625573873519897e-02
-6.662802398204803467e-02
-1.876088604331016541e-02
3.375042602419853210e-02
-9.947450459003448486e-02
-2.861084975302219391e-02
3.837937489151954651e-02
4.039432853460311890e-02
-2.231826819479465485e-02
8.376690000295639038e-02
1.562478579580783844e-02
1.200317516922950745e-01
1.287740422412753105e-03
-5.500182509422302246e-02
-2.490406855940818787e-02
1.724165529012680054e-01
-1.357572823762893677e-01
-5.052128341048955917e-03
1.037847176194190979e-01
-8.607526123523712158e-02
2.009882964193820953e-02
-8.648371696472167969e-02
6.811373680830001831e-02
-6.724902987480163574e-02
5.120990797877311707e-02
-2.905501797795295715e-02
1.550640445202589035e-02
-4.699566215276718140e-02
-1.959306001663208008e-02
3.931747749447822571e-02
-3.836201038211584091e-03
3.171530738472938538e-02
-5.859015136957168579e-02
-6.396886706352233887e-02
7.743275165557861328e-02
-7.207010686397552490e-02
-2.125587500631809235e-02
2.649225853383541107e-02
-9.062551707029342651e-02
4.843312874436378479e-02
1.635009050369262695e-02
-1.284409034997224808e-02
7.386086881160736084e-02
-8.226043730974197388e-02
-1.194100826978683472e-02
-3.834573179483413696e-02
5.583073943853378296e-02
6.144748255610466003e-02
-6.953720003366470337e-02
2.007849141955375671e-02
-1.444010883569717407e-01
4.737492278218269348e-02
6.540319323539733887e-02
6.422924995422363281e-02
-4.083780571818351746e-02
-9.319647401571273804e-02
-5.502190068364143372e-02
4.615627601742744446e-02
-8.225880563259124756e-02
1.073787212371826172e-01
-1.756634190678596497e-02
-2.332393079996109009e-03
6.303305923938751221e-02
-7.600654661655426025e-02
2.225297130644321442e-02
1.633736342191696167e-01
1.213093027472496033e-01
2.380075119435787201e-02
5.906132515519857407e-03
-3.846387192606925964e-02
-2.674251736607402563e-04
2.339667268097400665e-02
4.163194447755813599e-03
-2.088724635541439056e-02
4.057078063488006592e-02
-3.135279566049575806e-02
5.210142210125923157e-02
6.034597754478454590e-04
-9.112554043531417847e-02
-1.080165058374404907e-02
-4.903466254472732544e-02
9.785498678684234619e-02
-1.470578312873840332e-01
4.988842457532882690e-02
7.045371085405349731e-02
6.429788470268249512e-02
8.932855725288391113e-02
9.100195951759815216e-03
-6.194730848073959351e-02
-7.173398137092590332e-02
1.295327097177505493e-01
7.592711597681045532e-03
1.752639748156070709e-02
6.045138090848922729e-02
1.018880605697631836e-01
-5.190646648406982422e-02
-6.636068969964981079e-02
-2.411280758678913116e-02
-5.347412824630737305e-02
-7.303774356842041016e-02
8.811540901660919189e-02
2.198677323758602142e-02
-7.881027460098266602e-02
1.000563725829124451e-01
-6.281645502895116806e-03
7.407699525356292725e-02
4.367179796099662781e-02
2.759229205548763275e-02
-6.164941191673278809e-02
1.400263011455535889e-01
-8.648049086332321167e-02
-1.289432644844055176e-01
8.515281975269317627e-02
-5.454418808221817017e-02
4.522695392370223999e-02
1.471231319010257721e-02
7.602664828300476074e-02
-1.349676549434661865e-01
4.071081429719924927e-02
1.122304797172546387e-02
1.603764481842517853e-02
-3.456581383943557739e-02
-3.949679806828498840e-02
-7.752660661935806274e-02
-6.074725463986396790e-02
-6.373174488544464111e-02
-6.884215772151947021e-02
-1.479316055774688721e-01
6.228036433458328247e-02
-1.296143829822540283e-01
1.081638708710670471e-01
-2.193584665656089783e-02
1.073635369539260864e-01
-8.795963972806930542e-02
2.162800356745719910e-02
-2.489011548459529877e-02
-6.285734474658966064e-02
1.710496395826339722e-01
-1.405664719641208649e-02
7.811994850635528564e-02
-4.451311193406581879e-03
-7.262665033340454102e-02
-7.706216070801019669e-03
-5.440844222903251648e-02
5.386837199330329895e-02
1.539464890956878662e-01
1.117406934499740601e-01
-4.466556385159492493e-02
-5.646427348256111145e-02
2.943335473537445068e-02
4.033932834863662720e-02
-1.045470833778381348e-01
1.623257249593734741e-01
4.786670953035354614e-02
2.658846043050289154e-02
-7.641270011663436890e-02
-2.947485540062189102e-03
8.106867223978042603e-02
2.135547995567321777e-02
-5.612940713763237000e-02
1.121979504823684692e-01
4.663093760609626770e-02
2.650673128664493561e-02
1.380055695772171021e-01
4.714959859848022461e-02
-4.620229452848434448e-02
3.596025705337524414e-02
-2.973828837275505066e-02
2.834625483956187963e-04
-8.125200122594833374e-02
-9.140274673700332642e-02
7.847332954406738281e-02
-7.691711187362670898e-02
-6.821924448013305664e-02
5.242323130369186401e-02
-8.373192697763442993e-02
-1.327036879956722260e-02
9.048975259065628052e-02
4.096962884068489075e-02
-3.860260173678398132e-02
-2.876607142388820648e-02
-1.526847947388887405e-02
1.164748817682266235e-01
5.392475053668022156e-02
-1.376796662807464600e-01
-8.815889060497283936e-02
-8.779945969581604004e-02
-2.861076034605503082e-02
-1.365060508251190186e-01
-2.308250591158866882e-02
7.644762098789215088e-02
1.238414198160171509e-01
1.611234806478023529e-02
-8.914303034543991089e-02
-3.860734775662422180e-02
-3.976941108703613281e-02
1.013446897268295288e-01
1.794005557894706726e-02
1.382620073854923248e-02
-1.415783166885375977e-01
-8.441598713397979736e-02
1.253995597362518311e-01
-2.041195891797542572e-02
1.917049288749694824e-03
-1.077261939644813538e-01
1.036257483065128326e-02
4.421907290816307068e-02
-6.881935149431228638e-02
8.609208464622497559e-02
4.288810864090919495e-02
4.698125645518302917e-02
-2.488462720066308975e-03
9.289288893342018127e-03
8.027817308902740479e-02
-1.842686906456947327e-02
-3.745293244719505310e-02
-1.041264981031417847e-01
-6.979676336050033569e-02
-2.316982252523303032e-03
-5.268087238073348999e-02
-5.238618329167366028e-02
-6.917528063058853149e-02
-7.683139294385910034e-03
5.004450678825378418e-03
4.581668972969055176e-02
9.024518728256225586e-02
-8.546103537082672119e-02
-2.905075252056121826e-02
-9.162056446075439453e-02
-6.114329211413860321e-03
-7.687176018953323364e-02
-4.667929187417030334e-02
9.614816866815090179e-03
-3.846036642789840698e-02
2.526192367076873779e-02
1.196272224187850952e-01
3.695389628410339355e-02
-2.270208671689033508e-02
5.384319275617599487e-02
-9.320653229951858521e-02
5.351457744836807251e-02
-2.260587736964225769e-02
-7.486243546009063721e-02
7.552254945039749146e-02
4.377024248242378235e-02
4.495548456907272339e-02
-1.034386903047561646e-01
3.025361336767673492e-02
-3.297117352485656738e-02
-3.448949009180068970e-02
4.200662486255168915e-03
4.219898581504821777e-02
1.634130254387855530e-02
-6.555928289890289307e-02
-6.250515580177307129e-04
1.496452372521162033e-02
-2.749267220497131348e-02
4.111897200345993042e-02
-6.482793390750885010e-02
-9.570214897394180298e-02
-3.203061223030090332e-02
4.317555949091911316e-02
1.865267753601074219e-03
-9.979977458715438843e-02
-2.715024352073669434e-02
1.675758808851242065e-01
-6.720410287380218506e-02
2.953659370541572571e-02
-1.631176918745040894e-01
7.222658395767211914e-02
-5.458321422338485718e-02
2.789722010493278503e-02
-1.087960824370384216e-01
-8.060377836227416992e-02
7.212013006210327148e-02
6.985419895499944687e-03
2.422296442091464996e-02
5.671159550547599792e-02
-1.149763837456703186e-01
-1.204298734664916992e-01
-3.850014880299568176e-02
-3.371440246701240540e-02
5.108811706304550171e-02
-2.295651845633983612e-02
1.582955755293369293e-02
1.548374295234680176e-01
-3.368015959858894348e-02
2.271292172372341156e-02
-6.677089631557464600e-02
2.389972843229770660e-02
-2.494044974446296692e-02
3.827300295233726501e-02
-3.099625930190086365e-02
1.478784531354904175e-01
-6.906078755855560303e-02
2.109850570559501648e-02
4.474723245948553085e-03
1.091246157884597778e-01
-5.054291337728500366e-02
7.128568738698959351e-02
-6.069590523838996887e-02
3.751887753605842590e-02
-5.754093453288078308e-02
-4.490870237350463867e-02
2.602954208850860596e-02
-2.075728401541709900e-02
-9.643839672207832336e-03
1.492242328822612762e-02
1.028105840086936951e-01
1.666155457496643066e-02
6.745760329067707062e-03
-1.244271993637084961e-01
-9.019428491592407227e-02
4.073040559887886047e-02
4.340438917279243469e-02
-1.307572424411773682e-02
6.498247385025024414e-02
-1.287554055452346802e-01
-1.113460287451744080e-01
1.581678353250026703e-02
-1.133456677198410034e-01
-4.318718984723091125e-02
-1.140198335051536560e-01
-7.142301648855209351e-02
1.540811639279127121e-02
-1.718191802501678467e-02
1.208452954888343811e-01
4.744706675410270691e-02
-1.048279628157615662e-01
1.241977438330650330e-01
-8.021498098969459534e-03
5.964802578091621399e-02
1.198087781667709351e-01
1.429489254951477051e-02
6.004947423934936523e-02
2.095028385519981384e-02
-4.768466204404830933e-02
-3.049726411700248718e-02
3.960968181490898132e-02
2.057943120598793030e-02
-7.942733913660049438e-02
8.645004034042358398e-02
9.285364300012588501e-03
5.129931494593620300e-02
-1.236546505242586136e-02
-2.771999873220920563e-02
8.547744713723659515e-03
4.804369807243347168e-02
-6.508375704288482666e-02
-7.155665010213851929e-02
8.550821244716644287e-02
-5.145285278558731079e-02
-8.806271851062774658e-02
-4.314750432968139648e-02
-1.710522733628749847e-02
-4.612299799919128418e-02
7.325300574302673340e-02
-1.236067637801170349e-01
-6.394454743713140488e-03
-1.685696886852383614e-03
-1.115609519183635712e-02
6.613577902317047119e-02
1.118393689393997192e-01
8.896230161190032959e-02
-1.143599767237901688e-02
3.530921414494514465e-02
3.898181766271591187e-02
-8.837397396564483643e-02
-5.374851822853088379e-02
-5.544326454401016235e-02
-6.259708106517791748e-02
-3.977168351411819458e-02
1.478175818920135498e-02
-2.623060345649719238e-02
-1.901434920728206635e-02
2.749725058674812317e-02
2.936124801635742188e-02
7.305208593606948853e-02
-5.974726751446723938e-02
-7.856848090887069702e-02
7.090342044830322266e-02
2.477065101265907288e-02
-3.461882472038269043e-02
-1.023156642913818359e-01
-8.539272239431738853e-04
-1.279362440109252930e-01
5.181327578611671925e-04
-7.017014175653457642e-02
5.523928999900817871e-02
-1.070877909660339355e-02
-5.870569869875907898e-02
6.700535118579864502e-02
1.188891679048538208e-01
-3.294726461172103882e-02
-8.396996557712554932e-02
2.730561234056949615e-02
-4.990725312381982803e-03
-1.291401684284210205e-01
1.379569470882415771e-01
1.154629737138748169e-01
1.173677667975425720e-01
-9.301042556762695312e-02
-1.223144307732582092e-01
6.718485057353973389e-02
-9.556150436401367188e-02
8.917152136564254761e-02
-1.108750700950622559e-02
2.228790428489446640e-03
-6.356064230203628540e-02
-5.695514753460884094e-02
1.562994122505187988e-01
-1.284737884998321533e-02
1.009176596999168396e-01
-1.176227778196334839e-01
1.099174767732620239e-01
-3.189319744706153870e-02
7.148100435733795166e-02
-2.493566647171974182e-02
-6.822771579027175903e-02
1.823811978101730347e-02
-5.206140130758285522e-02
-8.891609497368335724e-03
2.099483460187911987e-02
-9.317849576473236084e-02
3.557233139872550964e-02
-9.212867170572280884e-02
-1.286585349589586258e-02
1.249051317572593689e-01
-5.887349322438240051e-02
-1.056538335978984833e-02
-8.821654133498668671e-03
2.004987932741641998e-02
1.842374354600906372e-02
-4.254756867885589600e-02
-7.271782308816909790e-02
4.220686107873916626e-02
4.307377152144908905e-03
-7.803057879209518433e-02
-3.219182044267654419e-02
3.714346140623092651e-02
1.802340149879455566e-03
1.593475602567195892e-02
-7.501353323459625244e-02
-8.108089119195938110e-02
-4.061517305672168732e-03
4.404914006590843201e-02
-1.225789040327072144e-01
8.467261493206024170e-02
-9.507546201348304749e-03
1.071717590093612671e-01
6.609369814395904541e-02
4.103627055883407593e-03
-1.167618781328201294e-01
1.086368933320045471e-01
2.920223399996757507e-02
9.929636120796203613e-02
6.282778084278106689e-02
7.428397983312606812e-02
-2.458045817911624908e-02
-5.040258402004837990e-04
1.449974775314331055e-01
-2.712912485003471375e-02
6.103509571403264999e-03
-7.382863759994506836e-02
7.353888358920812607e-03
1.384957730770111084e-01
3.699031099677085876e-02
2.818443998694419861e-02
1.503138393163681030e-01
7.009354978799819946e-02
-4.390956461429595947e-02
5.424454808235168457e-03
-4.339355044066905975e-03
-8.406570553779602051e-02
3.146314620971679688e-02
-7.093295454978942871e-03
4.800778813660144806e-03
-3.004920855164527893e-02
-1.518988758325576782e-01
-5.752410739660263062e-02
-2.791506424546241760e-02
-1.651102863252162933e-02
1.201919317245483398e-01
4.483492299914360046e-02
3.249131888151168823e-02
-4.799064248800277710e-02
2.094109728932380676e-02
-2.296329103410243988e-02
6.601224094629287720e-02
3.399330424144864082e-03
3.568159788846969604e-02
-7.309194654226303101e-02
8.535286784172058105e-02
-7.288800086826086044e-03
-1.113662570714950562e-01
8.836180204525589943e-04
4.220579937100410461e-02
1.935707777738571167e-02
-7.756648957729339600e-02
1.288380287587642670e-02
-9.841267019510269165e-02
4.765596240758895874e-02
-5.672280117869377136e-02
1.664027571678161621e-02
7.741264998912811279e-02
1.033335477113723755e-01
-1.869616657495498657e-02
-1.218878999352455139e-01
-2.280490659177303314e-02
-1.085319183766841888e-02
5.714832618832588196e-02
-1.890465058386325836e-02
1.819176599383354187e-02
2.676050737500190735e-02
4.295203834772109985e-02
-2.291652932763099670e-02
-5.315887928009033203e-02
-3.089360892772674561e-02
7.370942831039428711e-02
-6.329561024904251099e-02
9.695741347968578339e-03
2.771119214594364166e-02
1.808652654290199280e-02
1.120075732469558716e-01
5.328516289591789246e-02
3.092526271939277649e-02
-5.943729728460311890e-02
4.881022125482559204e-02
5.125688761472702026e-02
3.450845927000045776e-02
-2.833614312112331390e-02
7.216590642929077148e-02
1.386872082948684692e-01
1.846833899617195129e-02
3.766224533319473267e-02
7.049806416034698486e-02
3.932909294962882996e-02
-7.836512476205825806e-02
6.430751085281372070e-02
2.464100718498229980e-03
5.519987270236015320e-02
1.116255577653646469e-02
-6.654306501150131226e-02
-3.404013812541961670e-02
-8.074256777763366699e-02
1.264976263046264648e-01
-6.783436238765716553e-02
-1.481169648468494415e-02
1.348895020782947540e-02
-6.391902454197406769e-03
8.739445358514785767e-02
1.465182937681674957e-02
1.447253227233886719e-01
8.944602310657501221e-02
7.225154340267181396e-02
-8.541966229677200317e-02
4.582109395414590836e-03
6.122361496090888977e-02
2.353436127305030823e-02
6.216928595677018166e-04
-1.050386205315589905e-01
1.515873987227678299e-02
-1.299800537526607513e-02
-1.927676796913146973e-02
3.285861015319824219e-02
-5.647350475192070007e-02
-7.221831381320953369e-02
4.116061329841613770e-02
7.867878675460815430e-02
5.093155056238174438e-02
-7.377423346042633057e-02
1.283424645662307739e-01
-2.808964252471923828e-02
1.797070540487766266e-02
-2.568035759031772614e-02
-5.105813220143318176e-02
6.579061597585678101e-02
-8.416797220706939697e-02
3.274547308683395386e-02
-4.858890920877456665e-02
-3.415953367948532104e-02
-4.628449678421020508e-03
-1.533796451985836029e-02
7.311776280403137207e-03
3.765607997775077820e-02
5.631570890545845032e-02
2.373236790299415588e-02
1.367784738540649414e-01
5.588736012578010559e-02
8.437514305114746094e-02
-1.033919863402843475e-02
-1.690064929425716400e-02
4.470098763704299927e-02
-1.114491969347000122e-01
-5.267877504229545593e-02
-1.713247224688529968e-02
4.432175308465957642e-02
-1.385690718889236450e-01
1.246749311685562134e-01
-8.420430123805999756e-02
-4.754927009344100952e-02
-3.149893134832382202e-02
-5.404840782284736633e-02
-4.653789103031158447e-03
-3.345749527215957642e-02
3.858147934079170227e-02
-2.255891822278499603e-02
-4.395252466201782227e-02
-4.520033299922943115e-02
-6.458912044763565063e-02
8.168686926364898682e-02
1.531727910041809082e-01
-6.248497869819402695e-03
1.075570210814476013e-01
-9.012055583298206329e-03
3.464994207024574280e-02
3.579112142324447632e-02
-1.707769930362701416e-02
1.250340603291988373e-02
2.069907635450363159e-02
-9.235475957393646240e-02
-1.046337634325027466e-01
1.840364933013916016e-02
-4.799415171146392822e-02
-5.553150177001953125e-02
-6.880989670753479004e-02
1.094541233032941818e-02
-3.060071729123592377e-02
1.567173004150390625e-02
-2.344227582216262817e-02
1.959178782999515533e-02
3.453963994979858398e-02
9.510581195354461670e-02
1.461831480264663696e-02
-2.466772915795445442e-03
5.619125813245773315e-02
3.532726690173149109e-02
1.576008051633834839e-01
-1.150704268366098404e-02
-1.796960085630416870e-02
4.151052236557006836e-02
3.852335736155509949e-02
-1.234550308436155319e-02
5.957502126693725586e-02
3.091892227530479431e-02
4.753099009394645691e-02
-2.842596173286437988e-02
-1.473254412412643433e-01
-5.314736813306808472e-02
5.529654771089553833e-02
-4.153108596801757812e-02
-2.218702994287014008e-02
