3.538850322365760803e-02
5.610104277729988098e-02
7.434198260307312012e-02
-5.536624230444431305e-03
4.006652161478996277e-02
-1.013798639178276062e-01
-8.577892929315567017e-02
-3.348115086555480957e-02
1.005113963037729263e-02
-1.565313935279846191e-01
8.754296600818634033e-02
4.863803088665008545e-02
7.734310626983642578e-02
-2.118212729692459106e-02
9.787997603416442871e-02
-1.126776114688254893e-04
-3.411189839243888855e-02
-1.438516774214804173e-04
2.122687548398971558e-02
4.055069759488105774e-02
1.185142174363136292e-01
4.823884740471839905e-02
2.208924666047096252e-02
1.105809956789016724e-01
5.051256716251373291e-02
-1.721169054508209229e-02
-3.977913782000541687e-02
-1.831615716218948364e-02
6.227577105164527893e-03
-5.006768554449081421e-02
3.237432986497879028e-02
5.592735111713409424e-02
1.681915600784122944e-03
-1.763568259775638580e-02
-5.012627318501472473e-02
-1.437399238348007202e-01
7.140697911381721497e-03
-4.635326936841011047e-02
5.854452401399612427e-02
-2.219911478459835052e-02
7.616481184959411621e-02
1.045742556452751160e-01
8.855122723616659641e-04
6.285893917083740234e-02
7.706887274980545044e-02
1.125657185912132263e-01
1.224280968308448792e-01
1.021229848265647888e-01
9.873385541141033173e-03
-8.034898340702056885e-02
-2.905469387769699097e-02
-5.193316191434860229e-02
1.432074792683124542e-02
2.343894727528095245e-02
-8.771214634180068970e-02
6.942127947695553303e-04
-5.557547509670257568e-02
2.742999978363513947e-02
-6.824390031397342682e-03
-7.894283533096313477e-02
9.605965018272399902e-02
-1.350362896919250488e-01
8.040250837802886963e-02
6.087629124522209167e-02
-4.587075114250183105e-02
-8.438232541084289551e-02
2.240847796201705933e-02
1.016463637351989746e-01
4.598339274525642395e-02
-2.958045154809951782e-02
-1.199385598301887512e-01
-1.325872242450714111e-01
-5.805177241563796997e-02
-1.119768805801868439e-02
-5.778056383132934570e-02
2.936713956296443939e-02
-1.096416041254997253e-01
4.365383461117744446e-02
-2.285943832248449326e-03
2.501602657139301300e-02
4.607058316469192505e-02
-5.908083170652389526e-02
-1.183039769530296326e-01
2.925192564725875854e-02
-9.515576064586639404e-02
-4.174245521426200867e-02
-7.791915535926818848e-02
-7.101209834218025208e-03
-7.139734178781509399e-02
1.114038527011871338e-01
2.670640498399734497e-02
-1.156121641397476196e-01
7.579034194350242615e-03
6.622292846441268921e-02
-1.051836833357810974e-01
-6.747958809137344360e-02
4.091418907046318054e-02
-7.074341177940368652e-02
3.445185720920562744e-02
-8.926731348037719727e-02
8.778849244117736816e-02
7.868482731282711029e-03
8.948948234319686890e-02
2.640646323561668396e-02
1.487945020198822021e-01
-3.781519457697868347e-02
-8.193220198154449463e-02
1.715276949107646942e-02
1.504468731582164764e-02
-3.440920263528823853e-02
-3.092643618583679199e-02
-1.954774558544158936e-02
-5.855573713779449463e-02
-9.030474722385406494e-02
6.599844992160797119e-02
1.073907315731048584e-02
-3.162216022610664368e-02
1.108085289597511292e-01
9.848404675722122192e-02
-9.499216079711914062e-02
-2.453511208295822144e-02
9.770315140485763550e-03
6.804667413234710693e-02
5.739183723926544189e-02
-9.406569600105285645e-02
9.026299230754375458e-03
-2.769501693546772003e-02
-3.433556109666824341e-02
1.865088008344173431e-02
1.119074225425720215e-02
1.595849753357470036e-03
-3.376112133264541626e-02
-3.137474507093429565e-02
-6.346116214990615845e-02
-6.117691099643707275e-02
2.497697249054908752e-02
-6.118416786193847656e-02
-5.293836444616317749e-02
-6.783487647771835327e-02
3.050623636227101088e-04
-2.304591983556747437e-02
-8.923712186515331268e-03
7.805562764406204224e-02
1.304742507636547089e-02
-9.730987995862960815e-02
7.788506895303726196e-02
-7.650471478700637817e-02
-3.702071309089660645e-02
-4.818366467952728271e-02
-7.196214795112609863e-02
4.431687295436859131e-02
4.607076290994882584e-03
1.094768196344375610e-02
4.643289744853973389e-02
-2.519540488719940186e-03
-2.933617122471332550e-02
-2.471654675900936127e-02
-9.182397276163101196e-03
2.528272755444049835e-02
-1.910093426704406738e-02
-8.010458201169967651e-02
8.241213113069534302e-02
-2.894108183681964874e-02
-8.521419763565063477e-02
-5.167352780699729919e-02
1.631581485271453857e-01
6.530520040541887283e-03
-5.700725596398115158e-03
-1.258294936269521713e-02
-5.294607579708099365e-02
3.143308311700820923e-02
1.465870626270771027e-02
5.488944053649902344e-02
4.291575029492378235e-02
6.713908910751342773e-02
7.653931528329849243e-02
-4.929946735501289368e-03
5.699945613741874695e-03
-3.904614225029945374e-02
-8.708741515874862671e-02
1.599308801814913750e-03
-7.075458019971847534e-02
-1.232727617025375366e-01
-8.525517582893371582e-02
4.354606568813323975e-02
-1.153870299458503723e-02
1.094107702374458313e-02
4.944461211562156677e-02
1.997749693691730499e-02
-6.311214715242385864e-02
1.870545186102390289e-02
-3.272948041558265686e-02
-8.629873394966125488e-03
-6.360200233757495880e-03
-2.398720756173133850e-02
-5.815922468900680542e-02
-2.575933560729026794e-02
3.132468461990356445e-02
6.139220669865608215e-02
4.855214059352874756e-02
8.423376828432083130e-02
6.555609405040740967e-02
-3.581446781754493713e-02
-8.741129189729690552e-02
-5.151478946208953857e-02
-1.732953451573848724e-02
-4.397448152303695679e-02
6.062360480427742004e-02
2.651429921388626099e-02
7.579551637172698975e-02
2.535756211727857590e-03
2.765400568023324013e-03
2.683302015066146851e-02
-4.251807183027267456e-02
-3.528178110718727112e-02
-1.104627270251512527e-03
1.255442015826702118e-02
-7.018943876028060913e-02
1.690474711358547211e-02
2.057509869337081909e-02
-2.643743157386779785e-02
1.024385988712310791e-01
2.219887450337409973e-02
-1.333490908145904541e-01
4.954290762543678284e-02
7.748554646968841553e-02
6.236502900719642639e-02
1.431900262832641602e-02
-8.881453424692153931e-02
2.879801020026206970e-02
-4.293743148446083069e-02
-5.535831302404403687e-02
2.953414060175418854e-02
-4.287359304726123810e-03
-8.690339326858520508e-02
2.239699847996234894e-02
1.002268120646476746e-02
-7.239188998937606812e-02
-7.283775508403778076e-02
8.030483877519145608e-05
-7.725320011377334595e-02
-2.870984934270381927e-02
-1.483194231986999512e-01
1.110228374600410461e-01
-4.503635317087173462e-02
-8.324077725410461426e-02
-6.635569036006927490e-02
-1.412743628025054932e-01
1.182662099599838257e-01
-4.274420067667961121e-02
-8.450385183095932007e-03
-9.960110299289226532e-03
4.738745093345642090e-02
1.703147962689399719e-02
1.670366525650024414e-02
-3.610769659280776978e-02
-1.271001622080802917e-02
9.848706424236297607e-02
-1.323318332433700562e-01
2.840815670788288116e-02
-1.740490496158599854e-01
-1.472930074669420719e-03
-7.038609683513641357e-02
-3.419724479317665100e-02
-5.138777568936347961e-02
-1.413398236036300659e-01
3.312234580516815186e-02
-5.730445683002471924e-02
2.245337143540382385e-02
5.001680180430412292e-02
1.149990037083625793e-01
9.570498019456863403e-03
-3.465704992413520813e-02
-1.234887987375259399e-01
4.576365929096937180e-03
1.043527387082576752e-02
1.635963469743728638e-02
1.003754511475563049e-02
7.145815342664718628e-02
-2.649808302521705627e-02
1.429183641448616982e-03
-4.045319557189941406e-02
3.210532665252685547e-02
-2.261350862681865692e-02
7.368102669715881348e-02
3.942391276359558105e-02
-3.565643355250358582e-02
-6.516843289136886597e-02
5.763918161392211914e-02
4.300420731306076050e-02
-3.803461417555809021e-02
-1.199546381831169128e-01
-5.337523669004440308e-02
1.060158666223287582e-02
4.576859995722770691e-03
5.248931422829627991e-02
3.277748823165893555e-02
3.283075988292694092e-02
-7.008273899555206299e-02
7.721057534217834473e-02
5.309462547302246094e-03
-5.697318539023399353e-02
-6.602413207292556763e-02
6.689277291297912598e-02
-2.579184621572494507e-02
4.986804723739624023e-02
8.580027520656585693e-02
-7.938042283058166504e-02
-9.191736578941345215e-02
-1.139920279383659363e-01
-1.995176076889038086e-02
-2.335793152451515198e-02
4.946047812700271606e-02
9.138122200965881348e-02
-1.255027134902775288e-03
6.740013509988784790e-02
6.372264027595520020e-02
3.230402246117591858e-02
-4.168897122144699097e-02
5.166436731815338135e-02
2.750544808804988861e-02
8.569295704364776611e-02
4.583198949694633484e-02
1.316430270671844482e-01
1.517634931951761246e-02
-5.543742328882217407e-02
8.542678505182266235e-02
-3.841510415077209473e-02
3.216342255473136902e-02
7.673835009336471558e-02
-5.044465139508247375e-02
6.098998710513114929e-03
6.044174078851938248e-03
-4.013751447200775146e-02
4.202069342136383057e-02
-1.698109880089759827e-02
2.929291501641273499e-02
5.775639042258262634e-02
-9.189772605895996094e-02
-9.236911684274673462e-02
-4.684485867619514465e-02
-2.539923787117004395e-02
-1.389219705015420914e-02
-5.903496965765953064e-02
4.256416857242584229e-02
-9.453393518924713135e-02
1.384793082252144814e-03
-7.060852646827697754e-02
-6.199719011783599854e-02
-9.422987699508666992e-02
-5.674174800515174866e-02
-3.542323783040046692e-02
8.137257769703865051e-03
-9.550164639949798584e-02
6.688158959150314331e-02
-2.053698152303695679e-02
4.083535447716712952e-02
-8.633007109165191650e-02
-1.593662798404693604e-02
5.391396954655647278e-02
-7.748190313577651978e-02
-2.642482146620750427e-02
-5.638037808239459991e-03
1.689057983458042145e-02
7.232617936097085476e-04
-8.470740914344787598e-02
1.152206286787986755e-01
-5.999704822897911072e-02
1.133720725774765015e-01
-8.254191279411315918e-02
-2.735446020960807800e-02
7.319645583629608154e-02
2.855289261788129807e-03
2.218006178736686707e-02
-5.876353010535240173e-02
-3.087197430431842804e-02
-2.332071214914321899e-02
5.808166787028312683e-02
-7.451551407575607300e-02
-2.769031375646591187e-02
-1.204640138894319534e-02
4.894084483385086060e-02
6.099894270300865173e-02
-7.200029212981462479e-03
3.810907481238245964e-03
-6.138640921562910080e-03
-6.132125109434127808e-02
-1.923132687807083130e-02
1.489490270614624023e-02
-1.917822286486625671e-02
3.086801432073116302e-02
-9.021875262260437012e-02
6.859280914068222046e-02
-7.142672780901193619e-03
-3.386181592941284180e-02
3.608012199401855469e-02
-7.979089766740798950e-02
-3.773428872227668762e-02
-3.128487989306449890e-02
-2.140963822603225708e-02
1.277475338429212570e-02
-6.058223545551300049e-02
1.363826692104339600e-01
-7.371527701616287231e-02
-1.401553582400083542e-02
-7.593297213315963745e-02
3.764786943793296814e-02
-1.416277438402175903e-01
-1.738307438790798187e-02
9.313455224037170410e-02
-2.577124349772930145e-02
1.207493245601654053e-01
-3.011050447821617126e-02
7.255187630653381348e-02
2.536612749099731445e-02
-1.605485938489437103e-02
-9.671503305435180664e-02
4.691591486334800720e-02
5.312770605087280273e-02
-8.067615330219268799e-02
-2.629402093589305878e-03
-5.436365306377410889e-02
-7.867845147848129272e-02
-6.357063353061676025e-02
5.271043255925178528e-02
-1.265993863344192505e-01
-6.727674603462219238e-02
-3.074582479894161224e-02
-2.278781868517398834e-02
7.234415411949157715e-02
4.517429322004318237e-02
7.334765791893005371e-02
1.141151413321495056e-02
-4.266918823122978210e-02
-4.928342998027801514e-02
-1.318180561065673828e-01
-8.506771177053451538e-03
-8.565358072519302368e-02
-3.233049437403678894e-02
4.951750114560127258e-02
5.395855009555816650e-02
5.122039094567298889e-02
6.142973899841308594e-02
-9.829758852720260620e-02
3.334136307239532471e-02
6.800679489970207214e-03
7.523020356893539429e-02
-4.904707893729209900e-02
-3.873706236481666565e-02
-7.299292483367025852e-04
-1.454360038042068481e-01
1.507010776549577713e-03
5.388515070080757141e-02
4.897302947938442230e-03
-3.914628550410270691e-02
1.097528338432312012e-01
-1.411732379347085953e-02
-1.252950867637991905e-03
4.358472675085067749e-02
-6.746792234480381012e-03
-4.290248453617095947e-02
-1.179885342717170715e-01
5.761030688881874084e-02
-7.732259482145309448e-02
-3.582559153437614441e-02
2.338221669197082520e-02
-1.853235252201557159e-02
-1.349445730447769165e-01
6.920330971479415894e-02
8.741079270839691162e-02
7.974832504987716675e-02
-8.090859651565551758e-02
1.454917062073945999e-02
-7.553949952125549316e-02
-4.929122328758239746e-02
-3.621242940425872803e-02
4.294446110725402832e-02
-2.480174228549003601e-02
5.462728068232536316e-02
-2.620263956487178802e-02
-6.518329679965972900e-02
1.471426058560609818e-02
7.284019887447357178e-02
-2.437086217105388641e-02
-1.124812513589859009e-01
-5.740761756896972656e-02
-7.783698290586471558e-02
6.461368501186370850e-02
8.019154518842697144e-02
2.317226957529783249e-03
4.388524591922760010e-02
1.528999023139476776e-02
-1.280223950743675232e-02
1.063134614378213882e-02
3.569261729717254639e-02
-7.343173772096633911e-02
2.200835570693016052e-02
6.484859436750411987e-02
1.740995422005653381e-02
-3.093118779361248016e-02
1.023467071354389191e-02
-6.779624149203300476e-03
-2.023878321051597595e-02
6.831881403923034668e-02
-4.894516989588737488e-02
5.171497911214828491e-02
1.357141435146331787e-01
2.609958127140998840e-02
5.899412184953689575e-02
-1.001854836940765381e-01
9.386042505502700806e-02
1.027216762304306030e-01
-1.014193892478942871e-01
-9.924892336130142212e-02
1.440277323126792908e-02
-7.948561012744903564e-02
-9.774133563041687012e-02
5.724574625492095947e-02
-1.383291780948638916e-01
-3.636040911078453064e-02
-2.532749250531196594e-02
7.122641801834106445e-02
3.491045534610748291e-02
-1.135076046921312809e-03
-7.720295339822769165e-02
1.246600318700075150e-02
8.679130673408508301e-02
7.836672663688659668e-02
-2.449890039861202240e-02
1.295824795961380005e-01
-1.306557655334472656e-02
1.077304854989051819e-01
-5.281876027584075928e-02
1.928770728409290314e-02
-7.002986222505569458e-02
-2.477671951055526733e-02
-3.996596485376358032e-02
-2.752846106886863708e-02
-9.038043022155761719e-02
4.871990997344255447e-03
4.010884836316108704e-02
9.368267655372619629e-02
2.606383897364139557e-02
2.072374895215034485e-02
1.711032539606094360e-02
-4.569064825773239136e-03
-5.834898725152015686e-02
1.100965440273284912e-01
2.287453413009643555e-02
-5.731882154941558838e-02
-4.601032659411430359e-02
1.801747642457485199e-02
4.241981729865074158e-02
-1.595894433557987213e-02
6.918683648109436035e-02
-7.412191480398178101e-02
-9.690187871456146240e-02
-4.673631489276885986e-02
3.069117292761802673e-02
4.407650977373123169e-02
7.616620510816574097e-02
-1.370106637477874756e-01
-4.325581341981887817e-02
-1.323443744331598282e-02
3.464807569980621338e-02
5.020739044994115829e-04
3.278159350156784058e-02
-3.032640554010868073e-02
7.744412124156951904e-02
5.000729858875274658e-02
-1.668473705649375916e-02
8.121410012245178223e-02
-2.825286611914634705e-02
-6.266900151968002319e-02
8.968094736337661743e-02
-7.623097300529479980e-02
5.444493889808654785e-02
-1.259943842887878418e-01
-6.049382686614990234e-02
-2.826155163347721100e-02
1.722739450633525848e-02
6.028017029166221619e-02
3.366760537028312683e-02
-6.568256765604019165e-02
8.581545203924179077e-02
-7.238764315843582153e-02
-2.905479073524475098e-02
-5.731359496712684631e-02
-1.570340618491172791e-02
-2.858003042638301849e-02
3.987406194210052490e-02
-7.738722860813140869e-02
-4.328860342502593994e-02
3.261153819039463997e-03
7.383306324481964111e-02
-5.578994750976562500e-02
2.255569584667682648e-02
-5.851892009377479553e-02
1.043311581015586853e-01
1.088329181075096130e-01
3.529387712478637695e-02
2.026388235390186310e-02
9.106903523206710815e-02
5.372740328311920166e-02
-6.813958287239074707e-02
-2.069865586236119270e-03
-9.415326267480850220e-02
6.041291169822216034e-03
8.360322564840316772e-02
-8.486311882734298706e-02
-1.374686229974031448e-02
-3.061936981976032257e-02
5.118731409311294556e-02
7.725687325000762939e-02
1.248671337962150574e-01
-1.106247752904891968e-01
9.509457647800445557e-02
1.249601226300001144e-02
6.295701116323471069e-02
-5.599961802363395691e-02
1.342675182968378067e-02
-8.601372130215167999e-03
7.081121951341629028e-02
9.083740413188934326e-02
1.205919086933135986e-01
-1.148189157247543335e-01
-1.248467061668634415e-02
-2.798631414771080017e-02
7.227485533803701401e-03
-3.461031615734100342e-02
1.446456611156463623e-01
-8.843145333230495453e-03
2.996320836246013641e-02
8.729126304388046265e-02
-8.739277720451354980e-02
-1.560952980071306229e-03
2.382958121597766876e-02
4.158042371273040771e-02
-8.026903122663497925e-02
-3.831797279417514801e-03
7.865426130592823029e-03
2.095080167055130005e-02
-6.614618748426437378e-02
5.546775832772254944e-02
1.928164809942245483e-02
5.717495456337928772e-02
-3.555490821599960327e-02
-9.379920363426208496e-02
6.473525613546371460e-02
-1.011616885662078857e-01
-4.680022224783897400e-02
2.497176826000213623e-02
2.929766895249485970e-03
3.665475174784660339e-02
7.828891277313232422e-02
6.060441955924034119e-02
-6.486742943525314331e-02
-2.380624786019325256e-02
-1.528660114854574203e-02
-4.243994131684303284e-02
5.712148919701576233e-02
-2.206814847886562347e-02
5.771820992231369019e-02
2.461676672101020813e-02
7.736995816230773926e-02
7.595790550112724304e-03
7.542231678962707520e-02
1.004798114299774170e-01
4.044383391737937927e-02
-3.958757966756820679e-02
2.689448371529579163e-02
-2.015738189220428467e-02
4.539366438984870911e-02
-1.882346719503402710e-02
-2.344281226396560669e-02
-3.652994334697723389e-02
6.917288899421691895e-02
2.645023539662361145e-02
-5.754701793193817139e-02
-1.401137840002775192e-02
5.166655778884887695e-02
1.121611241251230240e-02
-4.849090240895748138e-03
-5.190517380833625793e-02
1.016890257596969604e-02
-4.944923892617225647e-02
-7.486876845359802246e-02
2.427816949784755707e-02
8.934476971626281738e-02
2.031940966844558716e-02
8.022923767566680908e-02
1.437235390767455101e-03
3.704648464918136597e-03
-2.505330555140972137e-02
-1.102838218212127686e-01
7.752139121294021606e-02
1.050602495670318604e-01
2.151143550872802734e-02
-1.807790249586105347e-02
2.665155567228794098e-02
-5.048066005110740662e-02
2.423115819692611694e-02
-1.351992599666118622e-02
-9.470929391682147980e-03
5.569106433540582657e-03
-1.085096895694732666e-01
-6.290768831968307495e-02
-1.025545131415128708e-02
3.865554556250572205e-02
-1.285459753125905991e-02
-5.131832137703895569e-02
-4.454006627202033997e-02
1.336956676095724106e-02
4.270707815885543823e-02
-2.458677813410758972e-02
3.874960914254188538e-02
2.960895188152790070e-02
3.505510836839675903e-02
7.025446742773056030e-02
6.142036244273185730e-02
7.801548391580581665e-02
1.496112160384654999e-02
-1.793046854436397552e-02
1.226106751710176468e-02
-7.176896184682846069e-02
9.629600495100021362e-02
-9.452694095671176910e-03
-7.045034319162368774e-02
-1.001920402050018311e-01
7.912794500589370728e-02
-3.533042594790458679e-02
5.669675394892692566e-02
-4.816790297627449036e-02
7.101026922464370728e-02
5.615597218275070190e-02
1.700979284942150116e-02
8.497273921966552734e-02
1.457213461399078369e-01
-2.104468643665313721e-02
-1.136746350675821304e-02
6.105479970574378967e-02
2.338913828134536743e-02
6.837849039584398270e-03
-8.230363577604293823e-02
4.420067742466926575e-02
-2.734682336449623108e-02
-5.730570107698440552e-02
7.514335960149765015e-02
5.263091996312141418e-03
-4.226157441735267639e-02
-1.479093264788389206e-02
-9.579762816429138184e-02
5.487660691142082214e-02
4.729665070772171021e-02
3.006742335855960846e-02
1.682110130786895752e-03
3.623084351420402527e-02
3.353821486234664917e-02
-1.179364100098609924e-01
-6.834975443780422211e-03
2.748231869190931320e-03
-5.554378032684326172e-02
-6.002961099147796631e-02
7.041334360837936401e-02
-1.431565880775451660e-01
-4.213593900203704834e-02
5.349785462021827698e-02
-3.103280812501907349e-02
-9.611863642930984497e-02
-5.831325054168701172e-02
-6.068013235926628113e-02
1.076013222336769104e-01
1.242903172969818115e-01
7.869783788919448853e-02
-6.137668387964367867e-04
-1.342675387859344482e-01
5.634254962205886841e-02
1.323604676872491837e-02
-6.152392923831939697e-02
6.461980938911437988e-02
2.724120952188968658e-02
8.237822353839874268e-02
5.401328578591346741e-02
9.885238111019134521e-02
2.304467558860778809e-02
-6.911007314920425415e-02
-2.909051626920700073e-02
3.447100520133972168e-03
2.767771296203136444e-02
-4.181872308254241943e-02
8.043841272592544556e-02
2.199225127696990967e-03
-3.193771839141845703e-02
8.906634896993637085e-02
-7.655063271522521973e-02
-1.964731700718402863e-02
-5.135349929332733154e-02
1.196441054344177246e-02
8.895286172628402710e-02
2.471579983830451965e-02
1.915711537003517151e-02
-1.051863003522157669e-02
6.174597516655921936e-02
-6.286703050136566162e-02
-2.140635997056961060e-02
8.732915855944156647e-03
4.859689250588417053e-02
-7.503350079059600830e-02
1.278468817472457886e-01
8.490662276744842529e-02
-4.229444265365600586e-02
-4.226201027631759644e-02
-3.566457703709602356e-02
-3.788755834102630615e-02
7.019907981157302856e-02
-1.509432680904865265e-02
-1.662565208971500397e-02
1.884127780795097351e-02
-5.145378410816192627e-02
-2.639372646808624268e-02
-3.417786210775375366e-02
-1.029125750064849854e-01
-2.116055972874164581e-02
7.129956036806106567e-02
-1.772898249328136444e-02
-6.206244975328445435e-02
6.867632269859313965e-02
-5.931590497493743896e-02
-3.077504411339759827e-02
6.571502983570098877e-02
-9.374495595693588257e-02
5.119440704584121704e-02
5.873608589172363281e-02
6.038123369216918945e-02
-9.392684698104858398e-02
5.588499084115028381e-02
-7.296716328710317612e-03
-5.419995263218879700e-02
-6.457088515162467957e-03
1.151868402957916260e-01
3.534403070807456970e-02
-1.411600224673748016e-02
-1.039196401834487915e-01
1.616828702390193939e-02
2.544544264674186707e-02
1.441192254424095154e-02
-4.157669097185134888e-02
9.917259216308593750e-03
6.796200177632272243e-04
7.201018929481506348e-02
-5.862706154584884644e-02
1.206659972667694092e-01
9.801800362765789032e-03
-1.651512533426284790e-01
-4.496710002422332764e-02
-4.050008207559585571e-02
8.587486296892166138e-02
-5.435253307223320007e-02
3.423774987459182739e-02
-3.373154625296592712e-02
-3.529983013868331909e-02
-3.715767338871955872e-02
2.561970986425876617e-02
-4.647247493267059326e-03
-1.686682552099227905e-02
-7.029053568840026855e-02
3.837082907557487488e-02
1.360266804695129395e-01
-6.072553619742393494e-02
-6.448163185268640518e-04
2.414733637124300003e-03
1.069715246558189392e-01
1.272991746664047241e-01
6.395179778337478638e-02
-7.712129037827253342e-03
1.604270003736019135e-02
-6.626892089843750000e-02
-7.884098589420318604e-02
-9.595002047717571259e-03
-9.425495751202106476e-03
-4.362653940916061401e-02
2.904857136309146881e-02
7.566527277231216431e-02
4.689659923315048218e-02
-2.612382173538208008e-02
-7.759402971714735031e-03
1.384067162871360779e-02
8.439876884222030640e-02
1.791016943752765656e-02
-1.863722652196884155e-01
-5.967014282941818237e-02
-3.339631110429763794e-02
-6.296648085117340088e-02
-1.176914374809712172e-04
4.858702793717384338e-02
-6.921410560607910156e-02
7.733396440744400024e-02
-1.814832724630832672e-02
-5.697454512119293213e-02
3.697168081998825073e-02
1.118415445089340210e-01
-1.452830433845520020e-02
-6.090706586837768555e-02
1.155017614364624023e-01
6.367295980453491211e-02
3.916014358401298523e-02
-2.178802341222763062e-02
-2.166997455060482025e-02
3.654565289616584778e-02
-2.198766358196735382e-02
-9.602770209312438965e-02
-2.884205244481563568e-02
-2.594489790499210358e-02
-2.578447014093399048e-02
-2.935702353715896606e-02
6.004072725772857666e-02
1.774038188159465790e-02
5.034928023815155029e-02
-7.720391731709241867e-03
-3.250211477279663086e-02
3.975440561771392822e-02
9.769888967275619507e-02
2.122789993882179260e-02
-2.400112338364124298e-02
4.252047091722488403e-02
1.153381541371345520e-02
5.327963829040527344e-02
-1.109835430979728699e-01
3.594001382589340210e-02
-4.227880015969276428e-02
1.049811765551567078e-01
-6.664350628852844238e-03
1.413310170173645020e-01
-1.059930622577667236e-01
3.668172284960746765e-02
-4.402485489845275879e-02
1.313980221748352051e-01
-7.696934044361114502e-02
-9.624835103750228882e-03
2.917307242751121521e-02
-4.190761595964431763e-02
3.988630138337612152e-03
9.658004343509674072e-02
6.727626919746398926e-02
-1.798348873853683472e-02
-2.080249413847923279e-02
5.993383377790451050e-02
4.448464140295982361e-02
-8.185933530330657959e-02
-8.298810571432113647e-02
5.761640518903732300e-02
2.363861352205276489e-02
-1.162358280271291733e-02
2.342431992292404175e-02
7.368361949920654297e-02
-2.309953235089778900e-02
3.612459450960159302e-02
-1.857060007750988007e-02
-8.813266456127166748e-02
-2.953949943184852600e-02
-5.989108979701995850e-02
2.600140869617462158e-02
2.408451773226261139e-02
-2.823632676154375076e-03
2.203042432665824890e-02
-2.793647162616252899e-02
1.297626942396163940e-01
2.954643964767456055e-02
2.413442917168140411e-02
-1.200274527072906494e-01
2.173199877142906189e-02
3.423809260129928589e-02
-8.744248002767562866e-02
-5.038446187973022461e-02
1.103549636900424957e-02
7.659110426902770996e-02
1.158533035777509212e-03
6.274723261594772339e-02
1.723928004503250122e-02
-6.908023357391357422e-02
1.377018168568611145e-03
-7.863528281450271606e-02
-9.171975404024124146e-02
-7.721840590238571167e-02
6.710585951805114746e-02
-8.364855498075485229e-02
3.141783177852630615e-03
7.609798759222030640e-02
-9.751794859766960144e-03
9.257192164659500122e-02
8.086515218019485474e-02
-1.229714509099721909e-02
-2.156865596771240234e-02
8.734747022390365601e-02
-3.143294528126716614e-02
-1.059653460979461670e-01
-9.998761117458343506e-02
1.057363953441381454e-02
8.978799916803836823e-03
4.087753593921661377e-02
4.353381320834159851e-02
6.522779166698455811e-02
7.634285092353820801e-02
9.187366068363189697e-02
1.570815220475196838e-02
9.696273505687713623e-02
-7.976423203945159912e-02
-1.216853503137826920e-02
-1.322667673230171204e-02
1.359942462295293808e-02
-1.448826193809509277e-01
1.182430312037467957e-01
-1.098305806517601013e-01
5.765645951032638550e-02
-1.973153837025165558e-02
-2.631913870573043823e-02
-1.349245905876159668e-01
-3.147728741168975830e-02
-9.608946740627288818e-02
-4.067498818039894104e-02
8.998050540685653687e-02
9.276492148637771606e-02
-2.442647702991962433e-03
8.013013750314712524e-02
