3.184865042567253113e-02
-3.555665165185928345e-02
-1.014832854270935059e-01
1.230413652956485748e-02
1.329038441181182861e-01
-5.554166622459888458e-03
8.855247497558593750e-02
5.485381931066513062e-02
-1.280862092971801758e-02
2.736917696893215179e-02
-1.657063886523246765e-02
6.028379127383232117e-02
-3.220327571034431458e-02
4.146271198987960815e-02
5.349283292889595032e-02
-8.975900709629058838e-02
9.538408368825912476e-02
5.714269354939460754e-02
-2.079427614808082581e-02
-8.297887444496154785e-02
-2.504302654415369034e-03
-1.118366345763206482e-01
1.813478767871856689e-01
1.023088470101356506e-01
-8.701385930180549622e-03
-1.892776414752006531e-02
1.474321354180574417e-02
2.402851358056068420e-02
-1.731766909360885620e-01
6.707804650068283081e-02
-2.571905031800270081e-02
-9.839086234569549561e-02
-1.163150221109390259e-01
8.723195642232894897e-02
9.665383398532867432e-02
-1.145940972492098808e-03
2.401434630155563354e-02
-2.947383746504783630e-02
-7.787999510765075684e-02
6.164197251200675964e-02
4.996724054217338562e-02
2.784166298806667328e-02
2.895004674792289734e-02
1.114800572395324707e-01
1.255831122398376465e-02
1.080826744437217712e-01
9.257866442203521729e-02
2.199446223676204681e-02
8.945180103182792664e-03
-3.817314654588699341e-02
1.009846478700637817e-01
4.090319946408271790e-02
3.864460065960884094e-02
-6.502326577901840210e-02
1.389857232570648193e-01
-7.323303818702697754e-02
-1.868024468421936035e-03
-4.733260720968246460e-02
1.600411236286163330e-01
4.528909176588058472e-02
-6.456927862018346786e-03
-6.476302444934844971e-02
6.006623059511184692e-02
1.491607725620269775e-01
-4.506912827491760254e-02
-2.629758417606353760e-02
1.118980422616004944e-01
3.449714928865432739e-02
6.665677577257156372e-02
8.227822929620742798e-02
5.304319784045219421e-02
1.525065004825592041e-01
-6.979665905237197876e-02
2.275517582893371582e-02
3.924658149480819702e-02
4.848685115575790405e-02
-1.252839267253875732e-01
6.436983495950698853e-02
7.490466535091400146e-02
3.221159055829048157e-02
2.087719738483428955e-02
6.612459570169448853e-02
-1.753287166357040405e-01
-7.994978129863739014e-02
-1.035199165344238281e-01
-1.289720647037029266e-02
-4.228201508522033691e-02
6.716714054346084595e-02
1.383068859577178955e-01
-1.183364260941743851e-02
-1.646440103650093079e-02
-1.035893708467483521e-01
2.413788437843322754e-02
8.690528571605682373e-02
3.043173253536224365e-02
-9.562037140130996704e-02
7.177700102329254150e-02
4.929695278406143188e-02
-1.779009588062763214e-02
-1.030645985156297684e-02
-1.231321319937705994e-01
1.005386188626289368e-02
-1.048910245299339294e-01
-1.063218116760253906e-01
-7.689186185598373413e-02
-5.566183477640151978e-02
4.516551643610000610e-02
1.601989008486270905e-02
-4.010874778032302856e-02
-7.386407349258661270e-03
1.105056256055831909e-01
-8.040831983089447021e-02
2.125914767384529114e-02
1.924413070082664490e-02
-1.122874021530151367e-01
3.119086287915706635e-02
-2.833393774926662445e-02
1.634586602449417114e-02
1.525321602821350098e-02
5.778850987553596497e-02
-8.391551673412322998e-02
7.995693013072013855e-03
-7.898239046335220337e-02
2.870861673727631569e-03
-3.400689363479614258e-02
2.266345545649528503e-02
3.035720065236091614e-02
1.380364447832107544e-01
2.151655592024326324e-02
5.127622932195663452e-02
-1.842194423079490662e-02
-4.326225817203521729e-02
2.940509282052516937e-02
-7.780481874942779541e-02
3.337725624442100525e-02
-1.698496565222740173e-02
-1.146192327141761780e-01
-2.546943724155426025e-02
6.615497171878814697e-02
6.851144134998321533e-02
1.135712638497352600e-01
-1.106004565954208374e-01
-5.456324294209480286e-02
1.078696623444557190e-01
5.394134670495986938e-02
6.414362788200378418e-02
1.868723146617412567e-02
2.427526190876960754e-02
7.904765754938125610e-02
4.792123287916183472e-02
-6.739729549735784531e-03
8.878169953823089600e-02
5.935724452137947083e-02
-7.368777692317962646e-02
2.188226580619812012e-02
-7.174927741289138794e-02
-1.283406931906938553e-02
-1.012110710144042969e-01
1.356413811445236206e-01
-3.148278594017028809e-02
6.750853359699249268e-02
-5.112875252962112427e-02
-4.135323315858840942e-02
-2.444570139050483704e-02
2.489870879799127579e-03
3.517479449510574341e-02
-4.946519806981086731e-02
7.423023134469985962e-02
-5.949664860963821411e-02
4.160678386688232422e-02
7.218872755765914917e-02
3.136158734560012817e-02
-2.755982801318168640e-02
9.180059283971786499e-02
-2.496877498924732208e-02
-1.347924489527940750e-02
-2.695344761013984680e-02
-9.585325606167316437e-03
2.411873824894428253e-02
5.055140703916549683e-02
-1.057780236005783081e-01
1.035922542214393616e-01
-5.525540560483932495e-02
3.973460197448730469e-02
1.226949468255043030e-01
-8.333702385425567627e-02
1.646090298891067505e-02
-1.166021451354026794e-01
1.690982878208160400e-01
6.409964710474014282e-02
-2.876956388354301453e-02
1.429398311302065849e-03
-5.435658618807792664e-02
2.749796770513057709e-02
4.027118906378746033e-02
-5.320665426552295685e-03
-3.975828364491462708e-02
1.938204839825630188e-02
4.122944921255111694e-02
-6.828040629625320435e-02
-2.134193433448672295e-03
1.551853716373443604e-01
4.967653658241033554e-03
1.298777908086776733e-01
8.634275197982788086e-02
1.170149073004722595e-03
2.689344808459281921e-02
-5.427438020706176758e-02
4.904442932456731796e-03
-1.530410163104534149e-02
-2.598580671474337578e-03
-1.345247309654951096e-02
-2.886588871479034424e-02
1.161568146198987961e-02
4.663270339369773865e-02
-2.282437495887279510e-02
1.040358394384384155e-01
-1.071617975831031799e-01
-1.361929439008235931e-02
-7.954590022563934326e-02
7.938967645168304443e-02
1.037729531526565552e-01
-5.114340782165527344e-02
1.383774876594543457e-01
4.334641247987747192e-02
5.913158133625984192e-02
-1.860457286238670349e-02
-1.167074441909790039e-01
-3.845004364848136902e-02
-7.362890243530273438e-02
-1.046669110655784607e-01
5.705839395523071289e-02
8.240753412246704102e-02
1.058885604143142700e-01
-4.475813359022140503e-02
6.751168519258499146e-02
-1.189150195568799973e-02
-4.913476482033729553e-02
1.123546361923217773e-01
4.622415453195571899e-02
-7.536442577838897705e-02
-3.563278540968894958e-02
2.035666257143020630e-02
-1.171579360961914062e-01
1.042144186794757843e-02
3.425588458776473999e-02
1.113804616034030914e-02
7.432933896780014038e-02
8.416845649480819702e-02
-2.479827031493186951e-02
2.064274065196514130e-02
1.103338226675987244e-01
-1.056549884378910065e-02
-7.472826540470123291e-02
5.916894227266311646e-02
-5.264454986900091171e-03
2.557992562651634216e-02
7.401628792285919189e-02
-1.478745602071285248e-02
-1.278187483549118042e-01
7.511700689792633057e-02
5.255628749728202820e-02
-9.381202608346939087e-02
1.177159324288368225e-01
-5.373697727918624878e-02
-3.596355393528938293e-02
3.685615211725234985e-02
-4.957474768161773682e-03
8.318158239126205444e-02
-3.417538478970527649e-02
-1.287312805652618408e-01
6.566713005304336548e-02
-1.013114005327224731e-01
-2.065617777407169342e-02
-5.254042893648147583e-02
-6.376054883003234863e-02
-6.444891542196273804e-02
4.141557216644287109e-02
7.963463431224226952e-04
3.209165856242179871e-02
6.807583570480346680e-02
-4.262866824865341187e-02
1.693643033504486084e-01
8.226324617862701416e-02
7.876466028392314911e-03
6.235270947217941284e-02
-1.369201987981796265e-01
-7.090795040130615234e-02
-1.968024112284183502e-02
8.178386837244033813e-02
8.541110157966613770e-02
-2.402501553297042847e-02
4.415161907672882080e-02
-8.136455714702606201e-02
-4.328688606619834900e-02
-8.710104227066040039e-02
-3.262865543365478516e-02
-3.480535699054598808e-03
-8.322079479694366455e-02
-1.246793419122695923e-01
-6.451977044343948364e-02
-6.962444633245468140e-02
2.962224557995796204e-02
-2.472133934497833252e-02
-3.708616271615028381e-02
2.221167460083961487e-02
-8.319364860653877258e-03
-8.863804861903190613e-03
-1.826147176325321198e-02
8.771424740552902222e-02
-8.251154422760009766e-02
-2.416355349123477936e-02
-1.300805211067199707e-01
-5.975601822137832642e-02
6.889120489358901978e-02
-5.083798244595527649e-02
2.915345504879951477e-02
4.970160499215126038e-02
-9.290305525064468384e-02
3.042743308469653130e-03
8.062417060136795044e-02
2.261816337704658508e-02
-4.406159371137619019e-02
5.162149667739868164e-02
-1.305553503334522247e-02
2.206828258931636810e-02
-8.886824548244476318e-02
-4.898868501186370850e-02
2.190421521663665771e-02
2.237862721085548401e-02
-6.166610866785049438e-03
1.300719678401947021e-01
-5.823986977338790894e-02
-3.626002743840217590e-02
-1.050821915268898010e-01
-5.554251000285148621e-02
-3.152314573526382446e-02
-6.897608935832977295e-02
9.751898050308227539e-02
9.595740586519241333e-02
-5.780347064137458801e-02
3.093712730333209038e-03
-3.267607465386390686e-02
-4.014762118458747864e-02
-3.043035604059696198e-02
-1.399780344218015671e-02
6.609082967042922974e-02
-3.558886423707008362e-02
-4.813540726900100708e-02
5.867286771535873413e-02
7.574343681335449219e-02
-3.670454770326614380e-02
-5.754186585545539856e-02
9.052986651659011841e-02
2.110857702791690826e-02
-8.040924370288848877e-02
5.582877248525619507e-02
4.314938932657241821e-02
-2.311664633452892303e-02
-1.451704651117324829e-01
6.684678792953491211e-02
-5.118077248334884644e-02
3.387342765927314758e-02
5.395327135920524597e-02
-1.055399402976036072e-01
-1.145210042595863342e-01
-3.646767139434814453e-02
-5.063221603631973267e-02
-5.768859386444091797e-02
3.798653557896614075e-02
-2.021094039082527161e-02
-9.084092080593109131e-02
-7.605834305286407471e-02
1.375003904104232788e-01
-1.227964162826538086e-01
-1.734167151153087616e-02
-4.467043094336986542e-03
-5.162527412176132202e-02
5.492097139358520508e-02
-6.607945263385772705e-02
-1.275720298290252686e-01
5.088464170694351196e-02
-1.762311160564422607e-02
-3.519960120320320129e-02
-1.696886308491230011e-02
5.198983103036880493e-02
-6.769517064094543457e-02
3.855770919471979141e-03
-7.515273988246917725e-02
6.618859618902206421e-02
5.162716656923294067e-02
8.726476132869720459e-02
1.067578345537185669e-01
-5.831187218427658081e-02
9.939333051443099976e-02
7.385388016700744629e-02
-5.869011208415031433e-02
7.664108276367187500e-02
-9.841293096542358398e-02
-7.214669883251190186e-02
6.934483349323272705e-02
-6.043143942952156067e-02
-6.772061437368392944e-02
-4.322287440299987793e-02
8.027283847332000732e-02
-3.633782640099525452e-02
8.067452907562255859e-02
-1.191316172480583191e-02
-3.081410005688667297e-02
4.457277804613113403e-02
-7.103233039379119873e-02
-6.462649907916784286e-03
5.332655832171440125e-02
-1.143301725387573242e-01
5.733909457921981812e-02
-1.322879791259765625e-01
-6.158919259905815125e-02
1.532370895147323608e-01
-1.802776753902435303e-01
-1.391488034278154373e-02
-9.409064054489135742e-02
-8.274237625300884247e-03
-1.102716326713562012e-01
2.534532546997070312e-02
2.251669391989707947e-02
1.091457456350326538e-01
7.703215628862380981e-02
7.030930370092391968e-02
3.841041028499603271e-02
9.153509885072708130e-02
8.739648386836051941e-03
-6.035889312624931335e-02
9.011365473270416260e-02
-5.505627393722534180e-02
-5.605290178209543228e-03
1.197837814688682556e-01
2.250342257320880890e-02
-7.488592714071273804e-02
-1.144116893410682678e-01
4.202027991414070129e-02
-1.042119413614273071e-01
-5.235452670603990555e-03
-6.999862194061279297e-02
-6.404822319746017456e-02
-2.762122452259063721e-02
-4.072260484099388123e-02
-5.951746180653572083e-02
-4.141443222761154175e-02
1.687283441424369812e-02
5.768882110714912415e-02
-6.195888668298721313e-02
-8.687682449817657471e-03
-6.430532038211822510e-02
1.828062981367111206e-01
-3.260468319058418274e-02
-7.793836295604705811e-02
6.963051855564117432e-02
6.073123216629028320e-02
-4.405028745532035828e-02
1.902813091874122620e-02
1.996236108243465424e-02
8.707191795110702515e-02
3.305133804678916931e-02
-9.450662881135940552e-02
-5.332313850522041321e-02
-1.860304153524339199e-03
1.238383501768112183e-01
-1.197179183363914490e-01
-2.593501470983028412e-02
-1.020928658545017242e-02
3.601981326937675476e-02
7.488241046667098999e-02
-1.377808302640914917e-01
1.483030617237091064e-01
-1.979681290686130524e-02
1.066836491227149963e-01
-6.979815661907196045e-02
-9.902115166187286377e-02
5.091462656855583191e-02
-4.651696886867284775e-03
6.612256914377212524e-02
-2.072125859558582306e-02
3.296193433925509453e-03
-7.643505814485251904e-04
3.181231021881103516e-02
-1.973835006356239319e-02
-1.462445594370365143e-02
-7.619298994541168213e-02
-1.095252260565757751e-01
1.977889798581600189e-02
1.575788832269608974e-03
4.451244324445724487e-02
1.529742497950792313e-02
5.439838767051696777e-02
1.312889717519283295e-02
9.058389812707901001e-02
3.624791279435157776e-03
-2.037779986858367920e-02
1.316321827471256256e-02
-3.741635382175445557e-02
-4.681630805134773254e-02
-1.691645383834838867e-02
8.225005120038986206e-02
8.832691609859466553e-02
-4.957178141921758652e-03
4.450143873691558838e-02
-1.708883792161941528e-02
-1.018497394397854805e-03
-1.460994184017181396e-01
-3.243921324610710144e-02
-6.200402975082397461e-02
-2.110817935317754745e-03
9.150376915931701660e-02
-3.400021791458129883e-02
-3.637664020061492920e-02
1.264422386884689331e-01
8.929766714572906494e-02
-6.042003631591796875e-02
-3.034532628953456879e-02
-1.951089128851890564e-02
1.565705612301826477e-02
4.726568702608346939e-03
-1.592866145074367523e-02
3.223295882344245911e-02
3.359317034482955933e-02
1.612556278705596924e-01
1.025908812880516052e-01
9.737104922533035278e-02
4.759290069341659546e-02
3.984975814819335938e-02
-6.077980250120162964e-02
-1.187218874692916870e-01
8.651281148195266724e-02
5.699793621897697449e-02
-9.388080239295959473e-02
4.621847718954086304e-02
-1.188939437270164490e-01
9.165413677692413330e-02
-3.677681088447570801e-03
-9.925661981105804443e-02
-1.969718560576438904e-02
-8.948856592178344727e-02
6.939466111361980438e-03
-1.272924095392227173e-01
-9.087437391281127930e-02
1.377521175891160965e-02
1.318258047103881836e-02
2.260893525090068579e-04
-6.152021139860153198e-02
-9.069719165563583374e-02
3.067532088607549667e-03
-2.155511453747749329e-02
1.536858035251498222e-03
-1.173573732376098633e-01
-1.629948616027832031e-03
9.925515949726104736e-02
5.309199169278144836e-02
-1.960345730185508728e-02
-2.592807076871395111e-02
3.373707085847854614e-02
1.125333458185195923e-01
1.364920437335968018e-01
-1.482257544994354248e-01
1.114859953522682190e-01
-4.478904604911804199e-02
6.245755404233932495e-02
1.536180544644594193e-02
8.399330079555511475e-02
-3.414826095104217529e-02
-3.219602629542350769e-02
3.707237914204597473e-02
-1.140936650335788727e-02
1.071897521615028381e-01
5.855837836861610413e-03
2.021144516766071320e-02
7.408263534307479858e-02
4.900879412889480591e-02
5.565471202135086060e-02
-3.578867763280868530e-02
7.638547569513320923e-02
2.227741293609142303e-02
1.684345304965972900e-02
2.054382115602493286e-01
8.305125683546066284e-02
-9.265512228012084961e-02
-1.145291551947593689e-01
1.033307425677776337e-02
3.656905144453048706e-02
9.273116290569305420e-02
-8.904626592993736267e-03
-2.434418722987174988e-02
-2.695129252970218658e-02
2.976690791547298431e-02
-2.897922648116946220e-03
2.157671935856342316e-02
-7.726214826107025146e-02
-4.670362919569015503e-02
5.218373611569404602e-02
7.068870216608047485e-02
-2.679469529539346695e-03
2.609917148947715759e-02
-1.218105014413595200e-02
3.164369985461235046e-02
1.852104440331459045e-02
6.619489938020706177e-02
1.028445959091186523e-01
3.925165534019470215e-02
-1.170476675033569336e-01
4.947059787809848785e-03
3.664354234933853149e-02
-2.067568944767117500e-03
-1.539398133754730225e-01
5.413521453738212585e-02
4.716661758720874786e-03
-1.088051423430442810e-01
1.568080298602581024e-02
6.100978702306747437e-02
-4.434280842542648315e-02
5.183566734194755554e-02
-8.459089696407318115e-02
6.402458064258098602e-03
-6.890971958637237549e-02
-1.177715044468641281e-02
-4.508645087480545044e-02
-2.121964469552040100e-02
-8.423323743045330048e-03
2.514379099011421204e-02
-9.713003039360046387e-02
3.145113587379455566e-02
-7.426835596561431885e-03
1.875869557261466980e-02
3.915807977318763733e-02
-2.306750789284706116e-02
-4.474328458309173584e-02
-1.857984438538551331e-02
1.963534764945507050e-02
-9.961096942424774170e-02
-9.361302852630615234e-02
-7.929143309593200684e-02
7.497040927410125732e-02
1.832376793026924133e-02
-9.990157932043075562e-02
-3.810095787048339844e-02
-3.240702673792839050e-02
6.173298507928848267e-02
5.445672199130058289e-02
-1.473918408155441284e-01
-2.636126615107059479e-02
1.461984962224960327e-02
-4.522139579057693481e-02
-1.783983595669269562e-02
-5.417265370488166809e-02
5.017446726560592651e-02
1.169310659170150757e-01
-1.786387860774993896e-01
-6.443400681018829346e-02
1.652179211378097534e-01
2.024369873106479645e-02
1.461279951035976410e-02
-5.222028493881225586e-02
1.817634515464305878e-02
1.463824063539505005e-01
-9.922666847705841064e-02
-2.401899732649326324e-02
-2.250410243868827820e-02
-7.109934836626052856e-02
-4.111001268029212952e-02
9.901871532201766968e-02
1.457836013287305832e-02
4.246924072504043579e-02
-8.366458117961883545e-02
9.154354780912399292e-02
-9.901144355535507202e-02
-2.097348123788833618e-02
1.694850996136665344e-02
2.415331825613975525e-02
8.308850973844528198e-02
8.462150394916534424e-02
1.451297104358673096e-01
-1.282932888716459274e-02
-1.187119856476783752e-01
5.026748031377792358e-02
-1.826405972242355347e-01
-1.179906772449612617e-03
9.178177267313003540e-02
-7.768773287534713745e-02
-6.533215939998626709e-02
1.216861233115196228e-01
-3.238586336374282837e-02
-1.783776329830288887e-03
-9.189439564943313599e-02
-1.160022243857383728e-01
6.868054717779159546e-02
-5.925795435905456543e-02
5.962979793548583984e-02
-1.409479230642318726e-02
7.149363309144973755e-02
-5.098596960306167603e-02
7.722554355859756470e-02
-3.307270258665084839e-02
-1.186088174581527710e-01
3.972692880779504776e-03
7.245041429996490479e-03
6.628987938165664673e-02
1.198668107390403748e-01
-1.159523874521255493e-01
-1.152659207582473755e-01
-7.951070368289947510e-02
3.236424922943115234e-02
-1.524562835693359375e-01
2.735109627246856689e-02
1.144748106598854065e-01
2.223813906311988831e-02
-1.027652025222778320e-01
-3.024548664689064026e-02
-2.186000905930995941e-02
6.702412851154804230e-03
-9.621238708496093750e-02
5.919818207621574402e-02
1.146616935729980469e-01
-1.290927678346633911e-01
-3.692880645394325256e-02
-3.698389604687690735e-02
2.733258064836263657e-03
-3.567751124501228333e-02
-8.977056294679641724e-02
-2.983460389077663422e-02
6.302414834499359131e-02
3.819734975695610046e-02
-1.216755248606204987e-02
-3.192865056917071342e-03
-8.284002542495727539e-03
-3.490485623478889465e-02
-7.006324082612991333e-02
-3.309451788663864136e-02
-6.176259368658065796e-02
1.495675295591354370e-01
3.333361446857452393e-02
4.845352843403816223e-02
-4.174225777387619019e-02
-1.236438751220703125e-03
-8.691807836294174194e-02
5.667411163449287415e-02
1.181652098894119263e-01
4.246255010366439819e-02
-3.800676390528678894e-02
-4.114178568124771118e-02
1.070153862237930298e-01
7.055753469467163086e-02
-1.270371079444885254e-01
-3.406880050897598267e-02
-6.737387180328369141e-02
-3.725006058812141418e-02
3.648375719785690308e-02
3.118632733821868896e-02
4.400825500488281250e-02
-9.706491976976394653e-02
8.716057240962982178e-02
5.524570494890213013e-02
3.561458736658096313e-02
-4.450831934809684753e-02
-4.699582979083061218e-02
-7.105369865894317627e-02
1.258069127798080444e-01
3.295223042368888855e-02
-8.065329492092132568e-02
7.373909652233123779e-02
-4.372627288103103638e-02
-3.334242152050137520e-03
-2.422091085463762283e-03
7.690586149692535400e-02
-4.986474663019180298e-02
-8.447501063346862793e-02
-3.520877286791801453e-02
-2.832273580133914948e-02
-4.957108944654464722e-02
-1.006739884614944458e-01
1.973753795027732849e-02
-1.348959654569625854e-01
6.709158420562744141e-02
-3.094577230513095856e-02
7.141961157321929932e-02
-4.278940148651599884e-03
8.750386536121368408e-02
-7.712038606405258179e-02
-9.241285733878612518e-03
-1.999960467219352722e-02
-3.955487534403800964e-02
3.698226436972618103e-02
-7.907305657863616943e-02
1.351684629917144775e-01
-1.635109446942806244e-02
-1.014457717537879944e-01
-1.782841281965374947e-03
8.062697947025299072e-02
1.356396474875509739e-03
-6.858329474925994873e-02
-1.601294241845607758e-02
7.028273306787014008e-03
1.699884384870529175e-01
4.920125007629394531e-02
2.738405391573905945e-02
-8.280757814645767212e-02
1.027736905962228775e-02
4.539200663566589355e-02
-1.544212102890014648e-01
-1.259573996067047119e-01
1.234512776136398315e-02
7.689607143402099609e-02
6.748567521572113037e-02
-7.839892804622650146e-02
-1.107440590858459473e-01
4.974690079689025879e-02
6.926851719617843628e-02
2.657716907560825348e-02
7.936533540487289429e-02
2.373429760336875916e-02
-2.385295554995536804e-02
4.639238864183425903e-02
-1.066666096448898315e-01
5.865531414747238159e-02
6.085753440856933594e-02
2.490409463644027710e-02
1.299345493316650391e-02
4.773337021470069885e-02
4.047360271215438843e-02
1.269364077597856522e-02
6.962663028389215469e-03
-7.679075002670288086e-03
1.029703393578529358e-01
1.544584035873413086e-01
8.628661930561065674e-02
1.018390338867902756e-02
-8.460226468741893768e-03
-4.227061942219734192e-02
5.630593746900558472e-02
-1.354777347296476364e-02
-2.120861411094665527e-02
1.523692607879638672e-01
-1.790740527212619781e-02
-3.257041424512863159e-02
-3.801043704152107239e-02
3.695947676897048950e-02
1.012156344950199127e-02
1.184888929128646851e-01
-6.656624376773834229e-02
-6.250634789466857910e-02
-1.212185397744178772e-01
1.072502112947404385e-03
-1.718551479279994965e-02
3.662996692582964897e-03
-5.878203362226486206e-02
-9.077576547861099243e-02
3.293398022651672363e-02
-6.940799206495285034e-02
1.280844025313854218e-02
3.569069504737854004e-02
-1.053231209516525269e-02
-4.337101057171821594e-02
5.340710282325744629e-02
1.384162455797195435e-01
-1.164420023560523987e-01
-3.099712170660495758e-02
-5.005209892988204956e-02
3.156799823045730591e-02
-6.179671734571456909e-02
-9.073579311370849609e-02
-7.132884860038757324e-02
4.621094837784767151e-02
9.971195459365844727e-02
-5.535076186060905457e-02
-2.128069102764129639e-02
9.973945468664169312e-02
1.109661832451820374e-01
6.562481820583343506e-02
4.596717283129692078e-02
4.855781048536300659e-02
2.439172938466072083e-02
9.381578303873538971e-03
-3.956372290849685669e-02
1.152385585010051727e-02
3.872021916322410107e-04
1.018584426492452621e-02
-1.661098375916481018e-02
-4.942318052053451538e-02
2.623810805380344391e-02
-1.012869328260421753e-01
6.952192634344100952e-02
-1.309188269078731537e-02
1.488265860825777054e-02
4.781813919544219971e-02
4.637814685702323914e-02
2.520410157740116119e-02
2.638963423669338226e-02
2.199215255677700043e-02
5.674258992075920105e-02
1.451451610773801804e-02
-7.819237187504768372e-03
-2.668190561234951019e-02
-4.673279449343681335e-02
-7.645979523658752441e-02
1.132261008024215698e-01
1.066138297319412231e-01
-2.274951711297035217e-02
1.566392369568347931e-02
-3.143957257270812988e-02
-2.444492839276790619e-02
4.284514859318733215e-02
-1.657592877745628357e-02
-3.287439793348312378e-02
8.277828991413116455e-02
5.577952787280082703e-02
-1.014696210622787476e-01
2.361088991165161133e-03
-4.777909070253372192e-02
-1.150168627500534058e-01
3.299321979284286499e-02
1.467269659042358398e-01
-8.171592652797698975e-02
-9.435632824897766113e-02
1.437435485422611237e-02
7.155520468950271606e-02
-7.865323126316070557e-02
-9.665904939174652100e-02
-1.653284393250942230e-02
-4.213035851716995239e-02
-7.980259507894515991e-02
-5.608654767274856567e-02
-1.119941473007202148e-01
6.092004850506782532e-02
-3.479939652606844902e-03
2.473721653223037720e-02
-6.519164890050888062e-02
-3.873483091592788696e-02
-5.911154299974441528e-02
9.435898065567016602e-02
1.807872951030731201e-01
1.075252443552017212e-01
6.895957887172698975e-02
6.947664916515350342e-02
6.547142565250396729e-02
1.105820387601852417e-01
7.922825962305068970e-02
6.006966158747673035e-02
-2.987052872776985168e-02
-8.039505779743194580e-02
-5.947523564100265503e-02
8.278917521238327026e-02
1.085505262017250061e-01
7.434335350990295410e-02
-7.852849364280700684e-02
-7.132939249277114868e-02
1.407334953546524048e-02
5.088627338409423828e-03
6.085113435983657837e-02
1.964116655290126801e-02
-4.937681928277015686e-02
1.531377136707305908e-01
-1.200988888740539551e-02
5.973938107490539551e-02
3.978473320603370667e-02
2.346355281770229340e-02
-2.213693782687187195e-02
7.191574573516845703e-02
1.015848740935325623e-01
-1.038082614541053772e-01
-1.523342132568359375e-01
-8.102162927389144897e-02
3.816195949912071228e-02
-5.911421775817871094e-02
-8.082753419876098633e-02
-1.234647408127784729e-01
4.555625095963478088e-02
-5.374324508011341095e-03
8.289447054266929626e-03
-7.937718182802200317e-02
-4.977289587259292603e-02
6.032818555831909180e-02
1.333342492580413818e-01
-5.802393704652786255e-02
-4.671609029173851013e-02
1.383105218410491943e-01
1.047018170356750488e-01
-5.227314308285713196e-02
-4.205392673611640930e-02
-7.215578109025955200e-02
5.638036876916885376e-02
-8.452502079308032990e-03
-5.747522041201591492e-02
-6.342627108097076416e-02
-2.098774071782827377e-03
7.090322673320770264e-02
3.521830961108207703e-02
-1.318032741546630859e-01
4.114029929041862488e-02
6.299965828657150269e-02
6.052085012197494507e-02
3.433713689446449280e-02
4.412629455327987671e-02
-3.111968934535980225e-02
1.842359825968742371e-02
-5.274813622236251831e-02
1.471454650163650513e-01
8.101294934749603271e-02
-2.654757536947727203e-02
-1.097593922168016434e-02
2.248948812484741211e-02
1.155143603682518005e-01
-9.402777254581451416e-02
1.150266639888286591e-02
-5.289461091160774231e-02
1.120894216001033783e-02
-5.834724754095077515e-02
5.999996513128280640e-02
1.087096780538558960e-01
-2.000891976058483124e-02
-2.059432212263345718e-03
-8.603749424219131470e-02
6.070771813392639160e-02
-4.548482224345207214e-02
-1.333117932081222534e-01
5.008606985211372375e-02
7.294195890426635742e-02
1.894450164400041103e-03
