-1.150891277939081192e-02
-5.340398848056793213e-02
-4.260037094354629517e-02
5.488526448607444763e-02
7.500408589839935303e-02
-2.236531116068363190e-03
-5.746854469180107117e-02
-1.729950681328773499e-02
-2.962842024862766266e-02
-1.840363070368766785e-02
-3.704766184091567993e-02
-6.736299395561218262e-02
7.777309417724609375e-02
-5.898008495569229126e-02
3.344031423330307007e-02
8.163557201623916626e-02
3.449296578764915466e-02
-8.417900651693344116e-02
-1.755854673683643341e-02
-2.297861129045486450e-02
4.028019309043884277e-02
-5.355223268270492554e-02
-3.214760217815637589e-03
1.038175914436578751e-02
7.326426915824413300e-03
1.895390637218952179e-02
-4.982423782348632812e-02
5.268429405987262726e-03
5.056929215788841248e-02
-1.901074312627315521e-02
-1.844605244696140289e-02
1.578352786600589752e-02
-2.678369637578725815e-03
-7.800307124853134155e-03
2.035566791892051697e-02
-6.702486425638198853e-02
-7.391029596328735352e-02
5.761036649346351624e-02
-1.339703798294067383e-02
6.016548722982406616e-02
-6.150224432349205017e-02
2.010020986199378967e-02
-1.498791482299566269e-02
5.139990895986557007e-02
1.991149969398975372e-02
-3.206319734454154968e-02
8.947041630744934082e-02
-1.255290675908327103e-02
3.206455707550048828e-02
-9.608065709471702576e-03
-9.354037232697010040e-03
-3.618032112717628479e-02
-6.221430376172065735e-03
-2.090632729232311249e-02
-8.954849094152450562e-02
6.752314977347850800e-03
-5.402079969644546509e-02
3.438757732510566711e-03
8.113821595907211304e-02
-3.864238411188125610e-02
-9.337380528450012207e-03
-1.792241353541612625e-03
2.052053250372409821e-02
3.650230541825294495e-02
-2.353069745004177094e-02
-2.248532138764858246e-02
5.019547790288925171e-02
9.193322062492370605e-02
5.624861270189285278e-02
-1.987376995384693146e-02
6.925662606954574585e-02
-2.075322344899177551e-02
6.395809352397918701e-02
-1.839871704578399658e-02
1.995855011045932770e-02
2.910547703504562378e-02
-6.806323677301406860e-02
1.052875351160764694e-02
9.330220520496368408e-03
2.152563445270061493e-02
-9.030907414853572845e-03
-3.086137818172574043e-03
-1.444818568415939808e-03
-4.730329290032386780e-02
-5.759365390986204147e-03
1.612684875726699829e-02
-3.710014745593070984e-02
-9.343282133340835571e-02
-1.652587950229644775e-02
-6.353018432855606079e-02
-9.786075912415981293e-03
4.897762835025787354e-02
5.972973257303237915e-02
-9.575395844876766205e-03
-4.085510596632957458e-02
-1.753194630146026611e-02
-2.079113386571407318e-02
-1.081321109086275101e-02
1.974955946207046509e-02
2.533536963164806366e-02
-6.472947448492050171e-02
-1.047807186841964722e-02
7.267808914184570312e-02
6.122642010450363159e-02
-4.974913597106933594e-02
-1.814363338053226471e-02
-1.784759201109409332e-02
2.306812256574630737e-02
-4.458675626665353775e-03
2.138570509850978851e-02
-1.619279198348522186e-02
-1.162729971110820770e-02
-3.304431959986686707e-02
-3.310613706707954407e-02
-2.591162733733654022e-02
-5.772661534138023853e-04
-6.856744736433029175e-02
3.842843696475028992e-02
-1.007645949721336365e-02
-3.993973881006240845e-02
-5.735857412219047546e-02
2.122414298355579376e-02
1.033964157104492188e-01
8.926580101251602173e-02
-2.910465700551867485e-04
-6.932486593723297119e-02
4.011778905987739563e-02
-2.892567217350006104e-02
-3.261348465457558632e-03
9.545698016881942749e-02
-1.500698830932378769e-02
3.177215903997421265e-02
2.403190592303872108e-03
-1.541829202324151993e-02
-7.694692909717559814e-02
5.023026838898658752e-02
-4.553501680493354797e-02
-6.615492515265941620e-03
-8.050044067203998566e-03
-2.766286209225654602e-02
-4.299635067582130432e-02
-1.983065158128738403e-02
-5.481152608990669250e-02
-8.735990151762962341e-03
2.629929780960083008e-02
2.692074887454509735e-02
9.025542438030242920e-02
7.015957683324813843e-02
1.406177878379821777e-02
4.317587986588478088e-02
-2.497461624443531036e-02
8.845011889934539795e-02
1.479800511151552200e-02
3.014557296410202980e-03
3.122868202626705170e-02
-3.888799250125885010e-02
5.031642690300941467e-02
6.006081239320337772e-04
-5.634848959743976593e-03
-1.346297655254602432e-02
-3.255476057529449463e-02
-3.016511164605617523e-02
-1.807826757431030273e-02
9.766432456672191620e-03
2.080870978534221649e-02
-5.460517480969429016e-02
4.531231522560119629e-02
8.460542303510010242e-04
3.240945190191268921e-02
-7.784847170114517212e-02
8.107574284076690674e-02
-8.008780889213085175e-03
4.385401308536529541e-02
-1.897145435214042664e-02
-1.795502007007598877e-02
1.073012873530387878e-02
-3.552117943763732910e-02
2.642395533621311188e-02
1.297047641128301620e-02
-1.072740554809570312e-01
3.786045685410499573e-02
-4.635634541045874357e-04
1.924924552440643311e-02
-4.022556915879249573e-02
1.230028364807367325e-02
2.788834273815155029e-02
-2.017477713525295258e-02
4.539256542921066284e-02
-9.457622468471527100e-02
3.007394820451736450e-02
-7.502314448356628418e-02
-4.899524152278900146e-02
1.433002203702926636e-02
7.100421190261840820e-02
-2.927239052951335907e-02
3.080300614237785339e-02
2.059004642069339752e-02
-1.474478468298912048e-02
8.263391442596912384e-03
5.795841291546821594e-02
-3.685000166296958923e-02
-4.566648602485656738e-02
-3.113783523440361023e-02
-1.564820110797882080e-02
-3.634114190936088562e-02
8.732980489730834961e-02
-1.070700585842132568e-02
2.041101455688476562e-03
-6.552059948444366455e-02
-4.574177414178848267e-02
-4.547103773802518845e-03
3.131580725312232971e-02
1.696898415684700012e-02
-1.509460899978876114e-02
-1.680046133697032928e-02
-3.174898028373718262e-02
5.015900358557701111e-02
-1.684234291315078735e-02
-2.922022901475429535e-02
6.264698226004838943e-03
3.365401353221386671e-04
-7.185371220111846924e-02
3.194699063897132874e-02
-1.044649630784988403e-01
7.375252991914749146e-02
1.117561198770999908e-02
-4.257891327142715454e-03
4.825145471841096878e-03
2.505526132881641388e-02
6.307925283908843994e-02
1.153744198381900787e-02
-7.255339622497558594e-02
1.780567690730094910e-02
4.217851534485816956e-02
1.822874648496508598e-03
6.274296343326568604e-02
-1.127720531076192856e-02
-7.830875925719738007e-03
6.865319609642028809e-02
-2.426378056406974792e-02
-2.745011588558554649e-03
-5.598280206322669983e-02
-4.248208925127983093e-02
3.141684457659721375e-02
7.371245324611663818e-02
-5.905050784349441528e-02
7.439925521612167358e-02
4.319742321968078613e-02
2.785468660295009613e-02
-7.876137271523475647e-03
-6.485050916671752930e-02
9.339685738086700439e-02
1.587706431746482849e-02
-1.418746076524257660e-02
5.751332733780145645e-03
8.993516117334365845e-02
1.062570214271545410e-01
4.351499676704406738e-02
-2.876194193959236145e-02
-1.775744743645191193e-02
4.326953087002038956e-03
-3.261601552367210388e-02
-1.034250133670866489e-03
-1.286672614514827728e-02
3.953238204121589661e-02
9.840562194585800171e-02
-1.192409079521894455e-03
4.946133866906166077e-02
2.001583576202392578e-02
-5.820927210152149200e-03
-7.207249291241168976e-03
6.326145678758621216e-02
6.006369367241859436e-02
-1.185695268213748932e-02
7.809446007013320923e-02
-6.849636882543563843e-02
4.326410591602325439e-02
1.236999593675136566e-02
2.036793343722820282e-02
-3.220190061256289482e-03
5.550854280591011047e-02
-4.261647164821624756e-02
2.513621747493743896e-02
-8.745207637548446655e-02
1.172933727502822876e-02
2.825169358402490616e-03
4.085990041494369507e-02
-1.268700063228607178e-01
9.551558643579483032e-02
6.478027254343032837e-02
2.762850001454353333e-02
6.194383278489112854e-02
-4.461014177650213242e-03
5.052557587623596191e-02
5.014169961214065552e-03
7.943966239690780640e-02
-1.248218584805727005e-02
4.351383075118064880e-02
-1.316254027187824249e-02
2.239009179174900055e-02
-4.623012617230415344e-02
4.254240542650222778e-02
-3.619171306490898132e-02
5.309937149286270142e-02
2.506696432828903198e-02
1.063222140073776245e-01
-5.173129215836524963e-02
-5.863914638757705688e-02
-8.377422578632831573e-03
-4.185502603650093079e-02
-5.034400522708892822e-02
-7.583179324865341187e-02
5.355327203869819641e-02
-8.966117165982723236e-03
2.435988374054431915e-02
-2.225573407486081123e-03
-4.277176037430763245e-02
5.041622743010520935e-02
6.199476122856140137e-02
-4.972381144762039185e-02
2.933963574469089508e-02
2.903637662529945374e-02
-3.921914100646972656e-02
3.134480118751525879e-02
-4.572666063904762268e-02
7.721460424363613129e-03
-3.023289516568183899e-02
2.086612395942211151e-02
4.147561639547348022e-02
-7.040363270789384842e-03
-9.155474603176116943e-02
-1.202152110636234283e-02
1.213211566209793091e-02
-9.963425248861312866e-02
-1.105217933654785156e-01
1.432994147762656212e-03
-2.925152331590652466e-02
-2.673023939132690430e-02
-4.695924371480941772e-02
3.483984991908073425e-02
4.554558079689741135e-03
7.716513704508543015e-03
-2.918816171586513519e-02
5.753225833177566528e-02
-1.890753279440104961e-03
4.698927327990531921e-02
2.940529724583029747e-03
2.741776406764984131e-02
3.410762920975685120e-02
-5.985531583428382874e-02
5.201725289225578308e-02
-1.306039094924926758e-02
-7.676895707845687866e-02
1.407324895262718201e-02
-3.367600264027714729e-03
4.034067690372467041e-02
-9.356135502457618713e-03
-7.743598427623510361e-03
-9.207301586866378784e-02
1.132176890969276428e-01
1.752489246428012848e-02
-1.680434122681617737e-02
-4.764428734779357910e-02
3.957209363579750061e-02
2.422995679080486298e-02
-7.982122898101806641e-02
1.960849855095148087e-03
5.043914169073104858e-02
4.286544770002365112e-02
9.082902222871780396e-02
3.394448198378086090e-03
-2.909852191805839539e-02
1.157879456877708435e-02
2.651837281882762909e-02
-1.600370369851589203e-02
3.371471166610717773e-02
5.631207022815942764e-03
9.370483458042144775e-02
3.394381329417228699e-02
-1.493651885539293289e-02
-1.458472386002540588e-02
-4.673478752374649048e-02
-6.448061764240264893e-02
6.471487134695053101e-02
-2.971833758056163788e-02
2.166591212153434753e-02
-1.331949234008789062e-02
-3.740487247705459595e-02
5.811765044927597046e-02
4.019573330879211426e-02
1.791942398995161057e-03
-6.919949501752853394e-02
-1.148353423923254013e-02
-7.341489195823669434e-02
6.694318354129791260e-02
-6.285340059548616409e-03
2.457338757812976837e-02
-9.491005912423133850e-03
7.360471785068511963e-02
3.187803551554679871e-02
5.032807961106300354e-02
1.163661405444145203e-01
-8.457934111356735229e-02
7.427205331623554230e-03
3.412013128399848938e-02
-3.478400781750679016e-02
-1.093595568090677261e-02
-1.847636699676513672e-02
2.230509184300899506e-02
-2.416484244167804718e-02
-8.644253946840763092e-03
-1.423375029116868973e-02
-2.793421968817710876e-02
4.034957289695739746e-02
4.741848632693290710e-02
2.303227968513965607e-02
6.796908378601074219e-02
3.774724155664443970e-02
1.459358818829059601e-02
-3.090838715434074402e-02
-3.785121813416481018e-02
1.177867595106363297e-02
5.284075066447257996e-02
5.888623744249343872e-02
1.114326119422912598e-01
-3.190725296735763550e-02
-1.671696454286575317e-02
2.927039051428437233e-03
3.100360557436943054e-02
6.041040644049644470e-02
-1.074156314134597778e-01
4.112553223967552185e-02
1.015046797692775726e-02
6.188147887587547302e-02
3.550465917214751244e-03
-1.359081827104091644e-03
6.114228162914514542e-03
5.261777713894844055e-02
3.193507716059684753e-02
-4.334624391049146652e-03
9.285674244165420532e-02
-1.631289348006248474e-02
-3.016365692019462585e-02
-1.884073577821254730e-02
8.713423460721969604e-02
-2.562602236866950989e-02
-2.156097814440727234e-02
1.415461860597133636e-02
8.926578797399997711e-03
5.989132076501846313e-02
1.851455657742917538e-03
-5.696317553520202637e-02
4.169404506683349609e-03
-1.675828918814659119e-02
3.202912583947181702e-02
-3.129682689905166626e-02
5.219667032361030579e-02
-2.177307941019535065e-02
-6.402093172073364258e-02
-3.159140422940254211e-02
-3.500079736113548279e-02
-2.109911851584911346e-02
-2.638747356832027435e-02
-4.690138250589370728e-02
-3.187812864780426025e-02
3.141429275274276733e-02
6.041742488741874695e-02
-4.832739010453224182e-02
-7.356657832860946655e-02
3.422866016626358032e-02
-4.422261938452720642e-02
5.906229373067617416e-03
-7.678310573101043701e-02
4.524478572420775890e-04
3.058392554521560669e-02
-7.797883823513984680e-03
2.714993059635162354e-02
-1.037020049989223480e-02
-2.195064909756183624e-02
-1.498170290142297745e-02
5.196843296289443970e-03
-4.125673323869705200e-02
-4.858237132430076599e-02
-4.928786680102348328e-02
-2.031688392162322998e-02
1.911418075906112790e-05
-2.914337441325187683e-02
1.720881275832653046e-02
5.717248190194368362e-03
3.263060003519058228e-02
-3.752783685922622681e-02
7.045655697584152222e-02
-2.052659913897514343e-02
-6.518051028251647949e-02
1.880487985908985138e-02
3.068679384887218475e-02
-3.057676553726196289e-02
-5.513760447502136230e-02
-1.743254065513610840e-02
2.678667753934860229e-02
6.606306135654449463e-02
-4.393216967582702637e-02
-4.164415970444679260e-02
-5.961582809686660767e-02
3.474651277065277100e-02
-3.015133552253246307e-02
4.797531291842460632e-02
-2.838535606861114502e-02
-3.918553143739700317e-02
2.846489194780588150e-03
2.598541975021362305e-02
-2.730002626776695251e-02
-5.943290144205093384e-02
7.819700054824352264e-03
-3.317677415907382965e-03
7.039174437522888184e-02
-3.920979425311088562e-02
-1.986628584563732147e-02
1.923139020800590515e-02
-6.157416477799415588e-02
-2.274259738624095917e-02
8.938858658075332642e-02
2.807600609958171844e-02
-5.635409802198410034e-02
-1.317655388265848160e-02
7.924906164407730103e-02
-3.359079360961914062e-02
-2.190819568932056427e-02
-3.069178201258182526e-02
5.684787407517433167e-02
5.121941491961479187e-02
-1.101408968679606915e-03
2.236913517117500305e-02
-4.316594451665878296e-03
-5.045121069997549057e-03
-2.599902264773845673e-02
-7.157815620303153992e-03
1.224421057850122452e-02
-2.339230850338935852e-02
-7.138013839721679688e-02
7.425922155380249023e-02
3.984269499778747559e-02
-1.340125687420368195e-02
2.248207293450832367e-02
-6.672887504100799561e-02
-1.187057979404926300e-02
3.468231065198779106e-03
-9.007691405713558197e-03
-3.734561428427696228e-02
-9.881277382373809814e-02
-9.560534358024597168e-02
1.092258095741271973e-02
-8.216659724712371826e-02
-7.657421380281448364e-02
4.830594733357429504e-02
-1.493474189192056656e-02
3.220321983098983765e-02
-5.489481985569000244e-02
-1.180875860154628754e-02
-5.382531508803367615e-02
-6.767248362302780151e-02
-2.478464879095554352e-02
-4.930977150797843933e-02
-5.395492911338806152e-02
3.908894211053848267e-02
3.522736951708793640e-02
-1.078728772699832916e-02
-5.975233018398284912e-02
9.533904492855072021e-03
8.254988491535186768e-02
7.818625308573246002e-03
2.373370155692100525e-02
8.692020177841186523e-02
3.844254463911056519e-02
5.816613510251045227e-02
-6.664910167455673218e-02
3.160824999213218689e-02
4.018811136484146118e-02
1.129515767097473145e-01
-1.310599851422011852e-03
-1.334758196026086807e-02
-9.694008529186248779e-02
2.002158871619030833e-04
8.416700363159179688e-02
7.205136120319366455e-02
2.200833149254322052e-02
-2.588663622736930847e-02
-8.383137732744216919e-02
2.238824591040611267e-02
-5.396829918026924133e-02
8.558848500251770020e-02
1.831324771046638489e-02
-5.192344263195991516e-02
5.672258511185646057e-02
2.391790598630905151e-02
5.849904567003250122e-02
-4.341053962707519531e-02
-1.338849067687988281e-01
-2.164085023105144501e-02
-1.925413683056831360e-02
-9.899558871984481812e-02
-3.735204786062240601e-02
1.001885160803794861e-02
-6.876396946609020233e-03
-3.034546272829174995e-03
2.516303444281220436e-03
2.939064055681228638e-02
4.234338179230690002e-02
1.292436420917510986e-01
-2.654451876878738403e-02
-8.220180124044418335e-02
6.128790602087974548e-02
3.036295063793659210e-02
5.096054077148437500e-02
-5.220067128539085388e-02
-9.020434692502021790e-03
-4.043814167380332947e-02
-1.032444387674331665e-01
4.052915424108505249e-02
3.326837345957756042e-02
2.841690741479396820e-02
-4.047486186027526855e-02
-3.816061466932296753e-02
2.577155828475952148e-04
-5.783183500170707703e-02
-5.209185183048248291e-02
-1.165018696337938309e-02
4.796257242560386658e-02
-1.344861648976802826e-02
3.946285322308540344e-02
9.180825948715209961e-02
-6.840935442596673965e-03
-2.437849156558513641e-02
3.895783051848411560e-02
-6.887634843587875366e-02
2.965157479047775269e-02
-1.162869017571210861e-02
-2.320890873670578003e-02
-1.372505258768796921e-02
-3.338808938860893250e-02
-1.306189037859439850e-02
4.323086142539978027e-02
-3.293549269437789917e-02
6.079342588782310486e-02
1.002193521708250046e-02
-1.256296336650848389e-01
1.662315055727958679e-02
3.959866985678672791e-02
2.450506761670112610e-02
-8.507949858903884888e-02
6.939279288053512573e-02
1.943839155137538910e-02
8.074054494500160217e-03
1.768266432918608189e-03
-6.754838675260543823e-02
-3.538121283054351807e-02
-6.390427798032760620e-02
-7.373728603124618530e-02
-9.011524915695190430e-02
-2.690341090783476830e-03
9.494503028690814972e-03
4.893955774605274200e-04
-3.422524780035018921e-02
-1.192364189773797989e-02
-4.706969857215881348e-02
-2.914943033829331398e-03
-6.130773946642875671e-02
7.568892091512680054e-02
-1.607124507427215576e-02
-2.873839810490608215e-02
-5.958279967308044434e-02
2.748120017349720001e-02
-8.171092718839645386e-02
-8.999860845506191254e-03
-3.591016633436083794e-03
3.837260976433753967e-02
-2.651946991682052612e-02
-3.784021735191345215e-02
-8.579085022211074829e-02
-7.155047357082366943e-02
9.818660095334053040e-03
-6.967680156230926514e-02
6.736472994089126587e-02
6.509181857109069824e-02
-4.152324050664901733e-02
1.561973895877599716e-02
-5.407187622040510178e-03
7.765609025955200195e-02
-4.735196474939584732e-03
5.810157582163810730e-02
4.997599869966506958e-03
-2.372965030372142792e-02
5.221533775329589844e-02
-2.617652527987957001e-02
5.411629006266593933e-02
3.414864093065261841e-02
-3.977495059370994568e-02
-1.502319891005754471e-02
1.129855122417211533e-02
-7.973727583885192871e-02
2.936135279014706612e-03
2.243913337588310242e-02
3.582150489091873169e-02
-9.667748585343360901e-03
-1.898729242384433746e-02
-1.443492062389850616e-02
7.810810208320617676e-02
-1.003294289112091064e-01
3.946328535676002502e-02
1.554959733039140701e-02
-7.614205125719308853e-03
2.288162894546985626e-02
-4.693529754877090454e-02
5.489686876535415649e-02
4.032441228628158569e-02
-3.137499839067459106e-02
6.808628141880035400e-02
2.249655500054359436e-02
-3.167092427611351013e-02
-2.819588221609592438e-02
-6.593290716409683228e-03
-1.563527062535285950e-02
1.570833288133144379e-02
-2.317184768617153168e-02
-5.351654440164566040e-02
-1.925675570964813232e-02
9.324536658823490143e-03
2.206872776150703430e-02
3.529322519898414612e-02
-4.614087939262390137e-02
-2.103148773312568665e-02
3.045005351305007935e-02
-1.543277874588966370e-02
-6.793062388896942139e-02
-8.756505697965621948e-02
3.081471472978591919e-02
1.243249326944351196e-02
2.060553990304470062e-02
3.246705280616879463e-03
-1.202867832034826279e-02
3.580423444509506226e-02
2.796214632689952850e-02
1.496867556124925613e-02
-7.521501928567886353e-02
1.721733808517456055e-02
-4.792156815528869629e-02
7.191551476716995239e-02
-8.847513049840927124e-02
4.139452427625656128e-02
9.246966242790222168e-02
-1.185330655425786972e-02
-8.756751567125320435e-02
-3.689972311258316040e-02
4.121264070272445679e-02
3.285207971930503845e-02
-6.266868859529495239e-02
1.796017773449420929e-02
3.011086955666542053e-02
5.056198686361312866e-03
-2.872057026252150536e-03
5.176551267504692078e-02
7.486648857593536377e-02
-1.546575222164392471e-02
1.111929938197135925e-01
-1.887033320963382721e-02
-3.386041149497032166e-02
2.469083108007907867e-02
-6.731208413839340210e-02
-6.561622768640518188e-02
-9.773588180541992188e-02
3.746313601732254028e-02
-1.561109628528356552e-02
-7.749506831169128418e-02
1.354973856359720230e-02
4.056346416473388672e-02
-1.318022608757019043e-02
-7.985269278287887573e-02
4.137980565428733826e-02
4.749521985650062561e-02
1.343772839754819870e-02
-6.629598885774612427e-02
2.287339046597480774e-02
-8.784532546997070312e-02
1.036128029227256775e-02
-1.649218238890171051e-02
6.583826243877410889e-02
-4.579032957553863525e-02
-5.147472023963928223e-02
-6.409046798944473267e-02
-5.726459622383117676e-02
4.394214227795600891e-02
3.466237708926200867e-02
-5.539169535040855408e-02
-3.852710127830505371e-02
3.688216581940650940e-02
-1.554257236421108246e-02
-9.730455279350280762e-02
2.091753669083118439e-02
-6.089695170521736145e-02
4.985761642456054688e-02
3.431613370776176453e-02
6.029418855905532837e-02
2.367978449910879135e-03
-2.700860425829887390e-02
5.296375602483749390e-02
4.303823411464691162e-02
4.876532405614852905e-02
4.758579283952713013e-02
1.693460904061794281e-02
-6.530385464429855347e-02
-1.881554163992404938e-02
-1.089884527027606964e-02
-1.961461268365383148e-02
-2.499306946992874146e-02
-2.351817302405834198e-02
-3.947223350405693054e-02
-4.149111360311508179e-02
-4.062007740139961243e-02
-6.143870577216148376e-02
2.181294746696949005e-02
3.423098474740982056e-02
2.236745879054069519e-02
1.001616045832633972e-01
-4.621466249227523804e-02
-7.135573774576187134e-03
-1.595896296203136444e-02
3.361322218552231789e-03
1.394563354551792145e-02
2.131060697138309479e-02
6.792358309030532837e-02
-4.717502370476722717e-02
-4.461292177438735962e-02
7.272069156169891357e-02
-2.652154862880706787e-02
-1.810720749199390411e-02
3.844079375267028809e-02
-1.542498450726270676e-02
-7.107461243867874146e-02
-6.881812121719121933e-03
-4.887720197439193726e-02
-4.403957724571228027e-02
4.180603101849555969e-02
-5.401136726140975952e-02
-2.623943984508514404e-02
-5.805627908557653427e-03
4.037442803382873535e-02
3.658353537321090698e-02
-3.867055103182792664e-02
1.717679761350154877e-02
-7.948943972587585449e-02
7.985891401767730713e-02
1.587760262191295624e-02
-3.225270286202430725e-02
4.077012464404106140e-02
-5.715406313538551331e-02
8.768685162067413330e-03
-5.874635279178619385e-02
5.245640873908996582e-02
2.487227879464626312e-02
2.480687573552131653e-02
1.049857363104820251e-01
2.743580006062984467e-02
-5.024837329983711243e-02
-1.118624303489923477e-02
5.104955285787582397e-03
2.448703162372112274e-02
-1.142548210918903351e-02
3.158998489379882812e-02
-3.423229977488517761e-02
-3.951450437307357788e-02
4.173763841390609741e-02
2.230517938733100891e-02
1.831630989909172058e-02
-8.919660001993179321e-02
-6.768932193517684937e-02
1.517250761389732361e-02
-1.778370328247547150e-02
-5.977113917469978333e-02
-2.077997475862503052e-02
6.770928949117660522e-02
-5.390429496765136719e-02
1.351735554635524750e-02
1.144222635775804520e-02
2.930006943643093109e-02
1.783245243132114410e-02
-2.718673646450042725e-02
-4.853248596191406250e-02
5.793267861008644104e-02
1.223900169134140015e-02
7.820443809032440186e-02
-5.722291395068168640e-02
-5.100214853882789612e-02
-6.215951591730117798e-02
1.246314216405153275e-02
-1.390161179006099701e-02
-7.689400808885693550e-04
-3.693877533078193665e-02
-7.233346346765756607e-03
4.707441106438636780e-02
-8.083464205265045166e-02
-5.677149072289466858e-02
-1.049229595810174942e-02
-2.207286283373832703e-02
-2.695092186331748962e-02
3.173396736383438110e-02
-4.253239184617996216e-02
-7.286266982555389404e-02
1.942237280309200287e-02
-2.388986758887767792e-02
2.006094343960285187e-02
4.991611931473016739e-03
-1.704066805541515350e-02
-8.372630923986434937e-03
5.000617355108261108e-03
3.500363230705261230e-02
1.215384807437658310e-02
2.566136047244071960e-02
1.923095062375068665e-02
3.827674314379692078e-02
-1.348472945392131805e-02
-1.062493957579135895e-02
6.996148824691772461e-02
2.002458274364471436e-02
3.406558930873870850e-02
8.543850481510162354e-02
5.177726037800312042e-03
-7.727927993983030319e-03
5.773585755378007889e-03
-8.378275483846664429e-02
5.237825587391853333e-02
7.001977879554033279e-03
1.186762284487485886e-02
-9.556309133768081665e-02
5.131229758262634277e-02
-2.965871477499604225e-03
-2.289630239829421043e-03
2.824724279344081879e-02
9.392696619033813477e-02
7.808069884777069092e-02
1.988029293715953827e-02
1.067438628524541855e-02
-5.291686207056045532e-02
1.646949560381472111e-03
9.703695029020309448e-02
-7.348474860191345215e-02
7.607612758874893188e-02
-5.935103818774223328e-02
-4.535435233265161514e-03
5.158183723688125610e-02
5.960409715771675110e-02
-8.866805583238601685e-02
-8.571171201765537262e-03
9.041831642389297485e-02
4.409192875027656555e-02
-3.484219685196876526e-02
-5.294525250792503357e-02
-1.696469634771347046e-02
-2.682114765048027039e-02
-2.316765114665031433e-02
-4.856607317924499512e-02
7.071087509393692017e-02
-2.804307639598846436e-02
2.687038294970989227e-02
3.511397168040275574e-02
-5.524915084242820740e-02
1.765277120284736156e-03
2.295142412185668945e-02
-7.637286931276321411e-02
3.100879304111003876e-02
5.693369358777999878e-02
-4.749320819973945618e-02
3.495887666940689087e-02
-3.567842394113540649e-02
-4.940054565668106079e-02
2.774476446211338043e-02
3.498918190598487854e-02
6.686900556087493896e-02
-4.587746225297451019e-03
-1.016003862023353577e-01
-1.340248901396989822e-02
4.074856638908386230e-02
8.067629486322402954e-02
-1.633051899261772633e-03
-3.814189881086349487e-02
-1.073119323700666428e-02
-7.097564637660980225e-02
-9.614838659763336182e-02
-1.349007058888673782e-02
2.116316556930541992e-02
-1.541204564273357391e-02
1.836517592892050743e-03
-5.368217360228300095e-03
1.300789765082299709e-03
-6.264702230691909790e-02
5.274243280291557312e-02
8.481393009424209595e-02
3.595944121479988098e-02
-1.019942853599786758e-02
-1.340227667242288589e-02
1.425587385892868042e-02
5.660183355212211609e-02
3.984351456165313721e-02
-3.151901066303253174e-02
-2.221947722136974335e-02
4.711160063743591309e-02
-6.007066927850246429e-03
4.677438177168369293e-03
1.178511530160903931e-01
2.296436950564384460e-02
2.884863689541816711e-02
6.149653345346450806e-03
-2.879113703966140747e-02
3.352206666022539139e-03
-1.578806340694427490e-02
2.646805904805660248e-02
-3.868003934621810913e-02
-4.676649346947669983e-02
-5.646165460348129272e-02
-3.180140629410743713e-02
7.199551165103912354e-02
-5.516848340630531311e-02
-3.475160803645849228e-03
-2.409697137773036957e-02
-1.295835822820663452e-01
