-2.398235909640789032e-02
2.311685495078563690e-02
7.021393626928329468e-02
-5.454293917864561081e-03
1.684205047786235809e-02
-1.714321598410606384e-02
3.077645227313041687e-02
5.700856819748878479e-02
4.565737396478652954e-02
-7.076937705278396606e-02
-1.898521929979324341e-02
2.427987940609455109e-02
-9.780161082744598389e-03
-8.529742062091827393e-02
-1.711630448698997498e-02
7.139522582292556763e-02
6.809595227241516113e-02
1.991669833660125732e-02
-8.765066415071487427e-02
-7.573253661394119263e-02
1.084262132644653320e-02
2.645884826779365540e-02
-2.042524889111518860e-02
5.512046441435813904e-02
9.967741370201110840e-02
-4.141012206673622131e-02
-3.281766921281814575e-02
1.205279864370822906e-02
6.393900513648986816e-02
-6.501336395740509033e-02
-3.035047464072704315e-02
-4.920078441500663757e-02
-8.860165253281593323e-03
-6.507439166307449341e-02
-7.033531367778778076e-02
3.893726691603660583e-02
-6.026530265808105469e-02
4.207404702901840210e-02
-5.223384127020835876e-02
3.669803589582443237e-02
-5.451447144150733948e-02
2.250849269330501556e-02
2.746743150055408478e-02
1.184780243784189224e-02
3.222243487834930420e-02
1.071731653064489365e-02
-2.047594264149665833e-02
-7.589098066091537476e-02
5.828787107020616531e-03
2.803131192922592163e-02
3.574472665786743164e-02
-4.366729035973548889e-02
-8.780039101839065552e-02
-1.170648634433746338e-01
8.804062008857727051e-02
-1.268955692648887634e-02
-7.936119288206100464e-02
-2.172318100929260254e-02
-9.733989089727401733e-02
-4.183840379118919373e-02
6.012465059757232666e-02
-2.173372358083724976e-02
-3.703269734978675842e-02
4.763121902942657471e-02
-1.989545673131942749e-02
-1.615395396947860718e-02
-7.939284294843673706e-02
1.050623971968889236e-02
1.395429018884897232e-03
4.261359944939613342e-02
-2.652017585933208466e-02
2.978286938741803169e-03
5.945849232375621796e-03
3.784427419304847717e-02
-5.287659168243408203e-02
2.631365694105625153e-02
1.172051951289176941e-02
1.323716063052415848e-02
2.932687290012836456e-02
3.591398010030388832e-03
2.394902147352695465e-02
-8.268986828625202179e-03
-5.429375544190406799e-02
-1.271864771842956543e-02
-3.337815031409263611e-02
3.907676320523023605e-03
3.271541371941566467e-02
-4.949916526675224304e-02
2.484901063144207001e-02
7.844606041908264160e-02
7.398843020200729370e-02
-7.253091782331466675e-02
-5.969220027327537537e-02
-1.156770065426826477e-02
-3.580799093469977379e-03
-2.303276583552360535e-02
-2.504641376435756683e-02
-4.245829209685325623e-02
5.094687920063734055e-03
-6.405968451872467995e-04
6.963174790143966675e-02
-3.480416536331176758e-02
-9.966812096536159515e-03
7.627178914844989777e-03
8.492906927131116390e-04
-1.296366006135940552e-01
2.902475558221340179e-02
6.413516402244567871e-02
3.725669160485267639e-02
-1.181621327996253967e-01
-1.274773199111223221e-02
3.779340768232941628e-04
-4.841978475451469421e-02
2.704551629722118378e-02
-1.983453519642353058e-02
2.402284741401672363e-02
-7.493998855352401733e-02
-3.049117140471935272e-02
-1.318477187305688858e-02
7.910609990358352661e-02
4.412060603499412537e-03
3.229832276701927185e-02
4.784173890948295593e-02
-7.479536347091197968e-03
-1.229663789272308350e-01
-5.452001094818115234e-02
-7.478518038988113403e-02
-8.367729187011718750e-02
1.571331359446048737e-02
-7.781735062599182129e-02
4.037025850266218185e-03
5.671655014157295227e-02
2.391971834003925323e-02
5.218243598937988281e-02
4.073739424347877502e-02
-9.130527824163436890e-02
-1.669185049831867218e-02
1.903748884797096252e-02
5.296741425991058350e-02
-1.017642673105001450e-02
-1.401405408978462219e-02
2.035558782517910004e-02
-7.974363118410110474e-02
-1.990987174212932587e-02
-7.854395359754562378e-02
-6.315326318144798279e-03
1.736527192406356335e-04
9.622330218553543091e-02
2.834570221602916718e-02
-6.551632285118103027e-02
-3.768120892345905304e-03
-8.299882709980010986e-02
1.979594677686691284e-02
5.238309130072593689e-02
-3.566012904047966003e-02
-2.474879473447799683e-02
2.661021985113620758e-02
5.129587836563587189e-03
2.468236722052097321e-02
-2.086034230887889862e-02
2.609464526176452637e-02
-2.260749926790595055e-03
2.953385747969150543e-02
-5.342772975564002991e-02
3.089024871587753296e-02
-5.775291100144386292e-02
6.902371067553758621e-03
-2.556758560240268707e-02
-1.274918322451412678e-03
-3.379624709486961365e-02
-6.804671883583068848e-02
7.022183388471603394e-02
3.930261358618736267e-02
-4.600391536951065063e-02
2.447918243706226349e-02
-3.758776560425758362e-02
-6.534362211823463440e-03
9.961759671568870544e-03
-6.408703327178955078e-02
5.854904279112815857e-02
-5.167154967784881592e-02
2.339686825871467590e-02
2.118396572768688202e-02
-1.729305484332144260e-03
-3.042189963161945343e-02
-7.104107737541198730e-02
5.120700690895318985e-03
-7.847452163696289062e-02
-5.283311381936073303e-02
1.104376539587974548e-01
9.274476021528244019e-02
1.249118056148290634e-02
-5.205023288726806641e-02
1.115649845451116562e-02
1.660382188856601715e-02
-1.606171578168869019e-02
6.798419356346130371e-02
4.466393217444419861e-02
-6.644312757998704910e-03
1.934796199202537537e-02
-1.090278178453445435e-01
7.510527968406677246e-02
-1.562746055424213409e-02
-7.216805126518011093e-03
1.076656356453895569e-01
8.635292202234268188e-02
1.284143328666687012e-02
5.490499362349510193e-02
3.584701195359230042e-02
4.822935163974761963e-02
-1.373875420540571213e-02
6.411307305097579956e-02
5.780388042330741882e-02
-1.149594131857156754e-02
-3.457070793956518173e-03
-1.433226186782121658e-02
1.623887754976749420e-02
-5.707434192299842834e-02
2.484622411429882050e-02
-3.449735790491104126e-02
1.463652253150939941e-01
9.235703945159912109e-02
7.861673831939697266e-02
1.996533200144767761e-02
5.256674438714981079e-02
4.546799510717391968e-02
-2.087184973061084747e-02
-1.909426227211952209e-02
2.955176122486591339e-02
-2.752323634922504425e-02
2.785219438374042511e-02
1.106456853449344635e-02
-9.973399341106414795e-03
6.055919080972671509e-02
3.347018733620643616e-02
-5.099045112729072571e-02
-3.826290741562843323e-02
-3.911218419671058655e-02
-1.212834417819976807e-01
3.303904458880424500e-02
-2.596411295235157013e-02
2.091591805219650269e-02
7.955373078584671021e-02
8.282759785652160645e-02
2.681553922593593597e-02
-3.176800534129142761e-02
-3.383495286107063293e-02
-3.287786245346069336e-02
-6.078226957470178604e-03
-6.639043986797332764e-02
-4.226256627589464188e-03
-3.391055017709732056e-02
-1.404559123329818249e-03
1.551454886794090271e-02
5.026157200336456299e-02
1.436595339328050613e-02
2.600493840873241425e-02
-1.173998112790286541e-03
1.916957087814807892e-02
5.112706124782562256e-02
3.941756859421730042e-02
3.441838920116424561e-02
2.786194672808051109e-03
9.154358878731727600e-03
-5.424976348876953125e-02
-1.053266003727912903e-01
-3.652681771200150251e-04
2.181573584675788879e-02
1.918746344745159149e-02
-5.370116606354713440e-02
-7.665158063173294067e-02
-1.101744826883077621e-02
-3.529946133494377136e-02
3.099453262984752655e-02
7.337992638349533081e-02
-1.038520783185958862e-01
1.538712624460458755e-02
-3.889713063836097717e-02
5.277912318706512451e-02
-1.750666648149490356e-02
7.144147157669067383e-02
4.056456312537193298e-02
-5.610769614577293396e-02
-5.292899440973997116e-03
6.434001773595809937e-02
-6.224260479211807251e-02
-3.651727735996246338e-02
1.972868666052818298e-02
1.432116236537694931e-02
-7.994606345891952515e-02
-2.610090561211109161e-02
-4.455883428454399109e-02
3.164285048842430115e-02
-4.950447380542755127e-02
1.698220893740653992e-02
-4.799971356987953186e-03
-1.363781932741403580e-02
-3.648076578974723816e-02
-5.519697442650794983e-02
1.972005330026149750e-02
3.678155690431594849e-02
-6.995897740125656128e-02
-4.454768449068069458e-02
5.393454059958457947e-02
1.427497062832117081e-02
1.770183444023132324e-02
-1.015778332948684692e-01
5.464329570531845093e-02
-3.566080704331398010e-02
-1.843612291850149632e-03
2.195199206471443176e-02
-4.114942159503698349e-03
-3.219124302268028259e-02
1.659447443671524525e-03
1.127383951097726822e-02
-7.212697714567184448e-02
-2.366556413471698761e-02
-1.856701448559761047e-02
2.861727960407733917e-02
2.702328376471996307e-02
-7.826962321996688843e-02
4.504805803298950195e-02
5.895585194230079651e-02
-1.174269989132881165e-01
-3.313282877206802368e-02
1.036012358963489532e-02
3.094407357275485992e-02
2.405396103858947754e-02
-4.362657666206359863e-02
-4.092966020107269287e-02
-2.518394030630588531e-02
-2.411034516990184784e-02
-1.766469329595565796e-02
-1.302695646882057190e-02
3.184638917446136475e-02
4.127899184823036194e-02
-6.317145377397537231e-02
-4.083427414298057556e-02
6.923399865627288818e-02
-5.199593678116798401e-02
1.214990671724081039e-02
2.815656177699565887e-02
-7.064969837665557861e-02
-2.957192249596118927e-03
-2.161712758243083954e-02
5.266904830932617188e-02
1.467380765825510025e-02
7.365047186613082886e-02
-6.401497870683670044e-02
2.919213287532329559e-02
-2.999897673726081848e-02
-2.176443301141262054e-02
1.925907656550407410e-02
-2.439851686358451843e-02
-1.499134581536054611e-02
2.688099071383476257e-02
-5.005643144249916077e-02
3.222157806158065796e-02
5.232290923595428467e-02
2.446575090289115906e-02
4.796930402517318726e-02
-5.196540057659149170e-02
3.838698193430900574e-02
-3.882939228788018227e-03
-1.033412758260965347e-02
2.340642362833023071e-02
1.011627838015556335e-01
8.861804008483886719e-02
-7.991050183773040771e-02
2.092089690268039703e-02
-4.194853454828262329e-02
1.089697554707527161e-01
-1.982217468321323395e-02
2.075766772031784058e-02
2.919907495379447937e-02
-3.567135706543922424e-02
3.875112906098365784e-02
-4.543496668338775635e-02
6.215909495949745178e-02
5.431312322616577148e-02
6.580237299203872681e-02
-1.383098657242953777e-03
-5.943007767200469971e-02
1.343648415058851242e-02
3.986996784806251526e-02
9.021504968404769897e-02
4.933271557092666626e-02
-4.296673461794853210e-02
2.157456055283546448e-02
-1.823255233466625214e-02
-1.027333457022905350e-02
5.602302774786949158e-02
-6.244200468063354492e-02
6.389706581830978394e-02
3.164941677823662758e-03
-6.237800419330596924e-02
4.303493350744247437e-02
-1.484953518956899643e-02
-1.044517681002616882e-01
5.628019571304321289e-02
-1.082340721040964127e-02
-1.728341355919837952e-02
2.256976999342441559e-02
8.380720019340515137e-02
-8.984337747097015381e-02
9.691529907286167145e-03
1.332791987806558609e-03
2.897685579955577850e-02
-7.612565904855728149e-02
-5.056229606270790100e-02
1.233402267098426819e-02
-2.494330517947673798e-02
-5.029375851154327393e-02
-2.790933288633823395e-02
-8.287387341260910034e-02
-4.326334223151206970e-03
1.292888540774583817e-02
9.240670502185821533e-02
-2.929312549531459808e-02
-3.079169802367687225e-02
8.743932098150253296e-02
8.676615357398986816e-02
4.773554950952529907e-02
8.443486876785755157e-03
-9.823497384786605835e-03
-4.031391814351081848e-03
-9.076697379350662231e-02
5.607344955205917358e-02
9.971410036087036133e-03
-5.910934507846832275e-02
-1.043597143143415451e-02
3.731815889477729797e-02
-3.300173953175544739e-02
4.391754046082496643e-03
1.298425532877445221e-02
1.649081893265247345e-02
-4.011196643114089966e-02
7.176729850471019745e-03
-4.216203838586807251e-02
1.830711215734481812e-02
6.011476367712020874e-02
2.488437294960021973e-02
3.641958162188529968e-02
-1.362548861652612686e-02
-6.493094842880964279e-03
-6.227846443653106689e-02
5.949432030320167542e-03
1.409947220236063004e-02
-3.753417730331420898e-02
-5.509717389941215515e-02
3.702681278809905052e-03
9.542934130877256393e-04
-3.135838359594345093e-02
1.153386291116476059e-02
-9.414776228368282318e-03
1.389617379754781723e-02
4.452430084347724915e-02
1.924624480307102203e-02
1.591255329549312592e-02
3.558270633220672607e-02
6.836363580077886581e-03
1.161607098765671253e-03
-2.863606251776218414e-02
-1.158976648002862930e-02
4.049949720501899719e-02
9.691122174263000488e-02
3.711692988872528076e-02
3.231311216950416565e-02
8.908782154321670532e-03
-1.829574257135391235e-02
6.432729214429855347e-02
-1.597355492413043976e-02
-4.581425804644823074e-03
-6.616555899381637573e-02
-1.306136325001716614e-02
9.352922439575195312e-03
6.115092337131500244e-02
-2.599409781396389008e-02
-4.554590210318565369e-03
1.215209020301699638e-03
1.303622964769601822e-02
-1.743203494697809219e-03
-1.170746283605694771e-03
2.561495453119277954e-02
4.828765243291854858e-02
9.821507148444652557e-03
5.047047138214111328e-02
2.638049051165580750e-02
-4.931044578552246094e-02
-1.540113706141710281e-02
-2.356794290244579315e-02
3.765493258833885193e-02
8.496422320604324341e-02
3.050824394449591637e-03
-6.799353752285242081e-03
2.277228049933910370e-03
3.656761720776557922e-02
3.792344033718109131e-02
-2.898239344358444214e-02
2.641981281340122223e-02
-4.039765894412994385e-02
-4.037717357277870178e-02
-1.988978497684001923e-02
1.136401016265153885e-02
2.030480094254016876e-02
-1.968529075384140015e-02
-4.229721799492835999e-02
-3.904810920357704163e-02
4.593301936984062195e-02
-8.350403606891632080e-02
6.892763543874025345e-03
5.650778859853744507e-02
5.039177834987640381e-02
3.362769261002540588e-02
5.652708932757377625e-02
-9.130371361970901489e-02
3.616541624069213867e-02
-1.062322407960891724e-01
-5.642182752490043640e-02
1.452312991023063660e-02
5.997708067297935486e-02
9.654278866946697235e-03
-3.564378246665000916e-02
-6.276592612266540527e-02
2.302857488393783569e-02
-6.835196912288665771e-02
3.388523682951927185e-02
8.659285306930541992e-02
5.113726854324340820e-02
1.929407822899520397e-03
9.570927917957305908e-02
-2.730093151330947876e-02
4.580218717455863953e-02
-2.400348894298076630e-02
-4.181276075541973114e-03
2.410054206848144531e-03
-1.589345559477806091e-02
-2.030075341463088989e-02
-9.555315226316452026e-02
-7.455600053071975708e-02
-6.493268534541130066e-03
-4.159330204129219055e-02
-3.550453484058380127e-02
-2.537965215742588043e-02
1.139076147228479385e-02
-2.433915063738822937e-02
2.501852996647357941e-02
-5.308893695473670959e-02
6.070916075259447098e-03
-1.396043691784143448e-03
1.639956794679164886e-02
-9.475836157798767090e-02
2.619823208078742027e-03
5.614514462649822235e-03
-1.264306064695119858e-02
1.235137227922677994e-02
-4.197940696030855179e-03
-1.333532854914665222e-02
-2.259050123393535614e-02
-9.436919540166854858e-02
7.551655173301696777e-02
6.016405671834945679e-02
-4.486913979053497314e-02
1.324833650141954422e-02
5.203149467706680298e-02
-2.082516998052597046e-02
8.126402273774147034e-03
2.185625024139881134e-02
-2.191643975675106049e-02
-2.173981256783008575e-02
9.754512459039688110e-02
3.621274977922439575e-02
-1.052930355072021484e-01
-6.379445083439350128e-03
-5.017780885100364685e-02
-2.942302031442523003e-03
8.732039481401443481e-02
-3.009241819381713867e-02
2.884873934090137482e-02
-3.191876411437988281e-02
5.747842788696289062e-02
4.144100099802017212e-02
-4.023512825369834900e-02
-6.068700924515724182e-02
-6.024824082851409912e-02
-5.300001055002212524e-02
-2.712955884635448456e-02
-2.593214623630046844e-02
5.657302215695381165e-02
-1.245674863457679749e-02
-2.860253863036632538e-02
-7.929544895887374878e-02
-7.469929289072751999e-03
3.799830377101898193e-02
1.546608749777078629e-02
1.214796677231788635e-02
-3.311783075332641602e-04
9.967174381017684937e-03
2.403094433248043060e-03
-6.287049036473035812e-03
-4.903889819979667664e-02
7.878727465867996216e-02
6.844404339790344238e-02
3.532296419143676758e-02
-3.691706433892250061e-02
8.118434995412826538e-02
4.485911130905151367e-02
2.849208191037178040e-02
5.736873298883438110e-02
-1.924471557140350342e-02
3.218406438827514648e-02
1.140023693442344666e-01
-1.952742226421833038e-02
-9.224119782447814941e-02
3.020688146352767944e-02
7.136724144220352173e-02
-3.674037009477615356e-02
-7.518668472766876221e-02
8.835773915052413940e-03
2.281370945274829865e-02
6.195094436407089233e-02
9.857814013957977295e-02
-2.097510732710361481e-02
4.389364738017320633e-03
-2.058006450533866882e-02
-6.250985432416200638e-03
-6.205481290817260742e-02
-3.531639277935028076e-02
-4.091490432620048523e-02
-2.999923937022686005e-02
-6.663684267550706863e-03
1.091081998310983181e-03
1.005176380276679993e-01
-3.258174285292625427e-02
8.292517066001892090e-02
2.191545069217681885e-02
4.606062546372413635e-02
-9.254252538084983826e-03
2.031416259706020355e-02
2.884081751108169556e-02
1.413899660110473633e-02
1.444515865296125412e-02
-7.024402916431427002e-02
-7.225455250591039658e-03
1.942157931625843048e-02
-1.701353117823600769e-02
5.070437490940093994e-02
2.624050341546535492e-02
3.986198920756578445e-03
8.169467747211456299e-02
-2.045399695634841919e-02
1.273637637495994568e-02
8.174996823072433472e-03
-1.515541598200798035e-02
3.971015289425849915e-02
6.911962479352951050e-02
5.821836367249488831e-02
5.087971687316894531e-02
2.984601771458983421e-03
-5.106032267212867737e-02
-2.216523885726928711e-02
6.928153336048126221e-02
1.706785755231976509e-03
-4.408849030733108521e-02
4.075488075613975525e-02
4.948466643691062927e-02
-3.352562338113784790e-02
8.692007511854171753e-03
-6.094506755471229553e-02
2.838980173692107201e-03
1.350216940045356750e-02
6.342806667089462280e-02
5.848954431712627411e-03
-2.974828472360968590e-03
5.942457914352416992e-02
4.962342325598001480e-03
4.800887778401374817e-03
-1.615946553647518158e-02
-2.056325413286685944e-02
8.491089567542076111e-03
1.242204103618860245e-03
3.197890147566795349e-02
-5.267859995365142822e-02
-4.775056615471839905e-03
-6.352702528238296509e-02
7.685822783969342709e-04
7.022339850664138794e-02
2.205929346382617950e-02
-6.999651086516678333e-04
6.713387370109558105e-02
-9.635501541197299957e-03
-4.433902911841869354e-03
2.491516433656215668e-02
-3.044191561639308929e-02
-3.183197975158691406e-02
-8.076410740613937378e-02
-5.232388153672218323e-02
2.131655625998973846e-02
4.143553599715232849e-02
-1.496299169957637787e-02
1.992912497371435165e-03
-2.438716962933540344e-02
-3.271258622407913208e-02
-4.717127978801727295e-02
-9.842580184340476990e-03
-5.190995708107948303e-02
8.346531540155410767e-02
2.755879797041416168e-02
3.253255039453506470e-02
7.524354849010705948e-03
2.637109905481338501e-02
6.342475116252899170e-02
3.459309041500091553e-02
2.939954400062561035e-02
-2.896406687796115875e-02
-3.933711349964141846e-02
1.151576917618513107e-02
-1.279795728623867035e-02
2.773026376962661743e-02
2.288977429270744324e-02
-9.978754818439483643e-02
9.121472015976905823e-03
7.107704412192106247e-03
5.229707062244415283e-02
-1.058977562934160233e-02
-7.061692327260971069e-02
-3.115064650774002075e-02
5.026992782950401306e-02
-2.839382737874984741e-02
-3.600305691361427307e-02
-2.274424582719802856e-02
-1.027140952646732330e-02
-7.265736162662506104e-02
-6.638075411319732666e-02
-1.737472228705883026e-02
-6.498279981315135956e-03
-5.492502823472023010e-03
5.457472428679466248e-02
-3.117731958627700806e-02
1.381092984229326248e-02
8.000640571117401123e-02
1.065321639180183411e-02
-3.474938496947288513e-02
-9.500246495008468628e-03
7.035115361213684082e-02
8.170104585587978363e-03
5.267475545406341553e-02
4.546451568603515625e-02
3.302812576293945312e-02
-7.558736205101013184e-02
-3.811661386862397194e-03
-3.612921014428138733e-02
6.327490508556365967e-02
-9.868078865110874176e-03
1.061558444052934647e-02
-5.793471261858940125e-02
-2.583319437690079212e-04
-2.344333333894610405e-03
1.248757820576429367e-02
-1.223879493772983551e-02
5.417763721197843552e-03
-4.256041347980499268e-02
1.004421785473823547e-01
-4.115702211856842041e-02
5.009680613875389099e-02
7.909315079450607300e-02
-2.359131723642349243e-02
-2.676522731781005859e-02
3.394979052245616913e-03
-4.727224260568618774e-02
3.624957427382469177e-02
8.241530507802963257e-03
3.647312149405479431e-02
-5.474894307553768158e-03
-8.480406366288661957e-03
9.424498304724693298e-03
8.807741850614547729e-02
2.276308834552764893e-03
-3.869104757905006409e-02
5.586593970656394958e-02
3.512421250343322754e-02
-3.788176551461219788e-02
8.788637071847915649e-02
4.981289058923721313e-02
-4.536092653870582581e-02
6.827834248542785645e-02
1.057845726609230042e-02
1.070960983633995056e-02
-3.603329509496688843e-02
1.543294545263051987e-02
-4.927214235067367554e-02
7.270529866218566895e-02
7.996863871812820435e-02
-8.355087041854858398e-02
-4.504184424877166748e-02
-4.388926923274993896e-02
-1.291942875832319260e-02
3.810238465666770935e-02
-3.967725206166505814e-03
3.027899190783500671e-02
-1.918356493115425110e-02
4.255236685276031494e-02
-8.803684264421463013e-03
-9.416439384222030640e-02
2.426252514123916626e-02
1.055875048041343689e-01
9.868031367659568787e-03
-4.614737816154956818e-03
-9.274139069020748138e-03
-3.461330384016036987e-02
6.567629985511302948e-03
-3.249391540884971619e-02
-6.424123421311378479e-03
-8.748367428779602051e-02
-3.498721122741699219e-02
-5.559315532445907593e-02
-1.863374561071395874e-02
-3.864841163158416748e-02
5.747201666235923767e-02
-9.029572457075119019e-02
4.588484764099121094e-02
-5.370260402560234070e-02
-7.260468788444995880e-03
2.692881971597671509e-02
2.795249223709106445e-02
7.395850867033004761e-02
5.105858668684959412e-02
-1.922418922185897827e-02
3.784310817718505859e-02
-2.633086591958999634e-02
-7.092257961630821228e-03
-5.630530416965484619e-02
7.751069962978363037e-03
-5.876421928405761719e-04
-7.764924783259630203e-03
8.735148608684539795e-02
4.877831786870956421e-02
-2.155645005404949188e-02
1.256839372217655182e-02
-2.132360078394412994e-02
-1.201499160379171371e-02
8.422618359327316284e-02
6.643713265657424927e-02
8.006408810615539551e-03
-8.191961795091629028e-02
-8.876028656959533691e-02
-1.590991509146988392e-03
-7.428190112113952637e-02
6.194187328219413757e-03
-8.169281482696533203e-02
-1.871979422867298126e-02
-4.328340664505958557e-02
2.690232358872890472e-02
9.218375384807586670e-02
3.541085496544837952e-02
-1.300476863980293274e-02
-6.965024769306182861e-02
1.013220623135566711e-01
2.836598642170429230e-02
-5.144077166914939880e-02
-1.500321831554174423e-02
3.048285655677318573e-02
1.266944035887718201e-02
-1.166283246129751205e-02
-1.218208298087120056e-01
2.563038654625415802e-02
1.008714511990547180e-01
-3.263136371970176697e-02
4.540120810270309448e-02
-4.792509973049163818e-02
4.939291253685951233e-02
6.621454376727342606e-03
8.669462054967880249e-03
3.374677896499633789e-02
-1.292637782171368599e-03
-2.549549378454685211e-02
-3.743674978613853455e-02
6.224577501416206360e-02
1.187328025698661804e-01
-3.129317611455917358e-02
-1.126452162861824036e-02
-6.679168343544006348e-02
9.408705681562423706e-02
-9.906597435474395752e-02
-6.753525137901306152e-02
-8.155509829521179199e-02
-1.430790405720472336e-02
-1.427084766328334808e-02
-1.141883525997400284e-02
-3.877948969602584839e-02
3.093094751238822937e-02
-1.414094772189855576e-02
4.559528455138206482e-02
-2.401797287166118622e-02
-1.067666336894035339e-02
4.877460002899169922e-02
-6.569339311681687832e-04
-4.468885250389575958e-03
-1.244481280446052551e-02
3.449300676584243774e-02
5.495847761631011963e-02
-6.343688815832138062e-02
-1.022025272250175476e-01
5.970047786831855774e-02
1.563921384513378143e-02
-5.625410005450248718e-02
-2.872843667864799500e-02
-2.724837139248847961e-02
-6.596586108207702637e-02
-4.118929430842399597e-02
-3.691658005118370056e-02
3.462586179375648499e-02
-1.981783099472522736e-02
-2.799084037542343140e-02
-8.487507700920104980e-02
-4.085242375731468201e-02
-4.516312107443809509e-02
2.499668393284082413e-03
-1.767103187739849091e-02
-3.992216289043426514e-02
2.394548803567886353e-02
-4.559522494673728943e-02
-2.656752429902553558e-02
-9.485595673322677612e-02
-8.063591271638870239e-02
4.717222228646278381e-02
-3.653056919574737549e-02
3.036050871014595032e-02
-3.672935301437973976e-03
3.249301761388778687e-02
4.818028584122657776e-02
-2.565118484199047089e-03
1.264879945665597916e-02
1.946636475622653961e-02
2.470479719340801239e-02
-6.634839624166488647e-02
1.460069906897842884e-04
2.159877913072705269e-03
5.534033477306365967e-02
4.280095919966697693e-02
-1.833002641797065735e-02
2.365955896675586700e-02
-4.434347525238990784e-02
-3.325026109814643860e-02
4.132237285375595093e-02
-3.262220695614814758e-02
6.913283839821815491e-03
2.653423137962818146e-02
4.168002307415008545e-02
-2.147647179663181305e-02
-5.163325369358062744e-02
-5.715590901672840118e-03
-3.504067286849021912e-02
3.885400295257568359e-02
-5.066261067986488342e-02
-2.202652767300605774e-02
-1.036289036273956299e-01
3.308209404349327087e-02
-6.766557227820158005e-03
6.857149302959442139e-02
-5.991433560848236084e-02
1.400207355618476868e-02
6.135578081011772156e-02
-3.777775913476943970e-02
1.606327854096889496e-02
9.188863635063171387e-02
3.747593984007835388e-02
2.472850494086742401e-02
-5.438518151640892029e-02
1.212533637881278992e-01
-2.041483111679553986e-02
-9.881166741251945496e-03
2.042607031762599945e-02
-1.054183021187782288e-02
3.250535810366272926e-03
2.029060758650302887e-02
-6.557521969079971313e-02
-2.395222149789333344e-02
2.689277566969394684e-02
7.128371391445398331e-03
-5.460802093148231506e-02
8.020628243684768677e-02
5.079162493348121643e-02
-7.699511200189590454e-02
-6.549244746565818787e-03
-8.182215690612792969e-02
-6.721787154674530029e-02
-6.822005659341812134e-02
-1.483254693448543549e-02
1.040734052658081055e-01
2.459056489169597626e-02
6.857283413410186768e-02
2.231292985379695892e-02
-4.250957071781158447e-02
4.256621003150939941e-03
1.357941702008247375e-02
-6.736166030168533325e-02
-9.845489636063575745e-03
5.203115288168191910e-03
1.344698667526245117e-02
5.906074866652488708e-02
1.746991463005542755e-02
3.110787458717823029e-02
-3.052553720772266388e-02
-3.668068349361419678e-02
6.794387474656105042e-03
1.935013942420482635e-02
-8.940613828599452972e-03
-4.071376100182533264e-02
1.256803125143051147e-01
-6.651305407285690308e-02
-3.534972667694091797e-03
2.765288343653082848e-03
-6.282116286456584930e-03
-4.934863746166229248e-02
-1.969589293003082275e-02
-3.321838006377220154e-02
-5.829223617911338806e-02
-7.087218016386032104e-02
5.595859140157699585e-02
-4.453105106949806213e-02
3.688802942633628845e-02
-3.792215883731842041e-02
7.468455284833908081e-02
