-2.136720158159732819e-02
-6.569343060255050659e-02
5.339425057172775269e-02
-5.070120841264724731e-02
1.548193860799074173e-02
-4.699853435158729553e-02
3.341590985655784607e-03
5.168232321739196777e-02
-5.704968795180320740e-02
1.627477072179317474e-02
-6.080750003457069397e-02
-2.653757808730006218e-03
-5.315317958593368530e-02
4.474758356809616089e-02
2.260323055088520050e-02
4.636978358030319214e-02
-1.844264939427375793e-02
1.641313545405864716e-02
4.833002109080553055e-03
1.295695733278989792e-02
-2.393363416194915771e-02
9.531491994857788086e-02
4.295437247492372990e-05
7.807529717683792114e-02
-3.637070953845977783e-02
-8.245176821947097778e-02
1.021094992756843567e-01
5.683339666575193405e-03
-4.434625804424285889e-02
3.334553446620702744e-03
2.350827492773532867e-02
-1.989910379052162170e-02
3.178334608674049377e-02
7.158078998327255249e-02
-8.079134672880172729e-02
6.359858810901641846e-02
-5.176416039466857910e-02
-6.297045946121215820e-02
1.038549765944480896e-01
-7.634622044861316681e-03
-3.301672637462615967e-02
-4.173498600721359253e-02
-2.347628958523273468e-02
1.896941289305686951e-02
1.051962152123451233e-01
5.484625697135925293e-02
-3.485400695353746414e-03
-1.191489920020103455e-01
-8.552636951208114624e-03
2.101852791383862495e-03
-6.177040562033653259e-02
3.805430606007575989e-02
5.359328817576169968e-03
-4.769008606672286987e-02
3.293494135141372681e-02
-2.420104108750820160e-02
-5.624448508024215698e-02
2.572783455252647400e-02
-3.834882751107215881e-02
9.358224458992481232e-03
-4.323041997849941254e-03
-5.624772980809211731e-02
-1.057369820773601532e-02
-3.515539318323135376e-02
8.819891512393951416e-02
4.881015792489051819e-02
6.909092515707015991e-02
4.815409705042839050e-02
7.587829232215881348e-02
1.653674116823822260e-04
-3.556198254227638245e-02
-2.476659230887889862e-02
-3.388116508722305298e-02
4.607564583420753479e-02
1.560230180621147156e-02
8.347350358963012695e-02
3.678557276725769043e-02
-1.634343154728412628e-02
-4.071646556258201599e-02
-4.723155498504638672e-02
-1.923576369881629944e-02
5.289644747972488403e-02
-3.198725357651710510e-02
2.358725853264331818e-02
7.710123062133789062e-02
-1.454807072877883911e-02
3.341839835047721863e-02
-6.111983954906463623e-02
-1.486468827351927757e-03
-1.215893030166625977e-02
-2.013733796775341034e-02
1.327738165855407715e-03
-5.942178890109062195e-02
-7.069959491491317749e-02
6.752338260412216187e-02
-2.046264894306659698e-02
1.748382113873958588e-02
-1.208286453038454056e-02
1.026285160332918167e-02
-1.212996542453765869e-01
-1.721780374646186829e-02
-4.672208428382873535e-02
-6.609327346086502075e-02
-5.808813124895095825e-02
-8.705785125494003296e-02
1.101033240556716919e-01
-5.182738602161407471e-02
1.515309675596654415e-03
-1.801117323338985443e-02
-6.216872483491897583e-02
4.307989496737718582e-03
2.064177021384239197e-02
-1.374681130982935429e-03
1.155653689056634903e-02
-7.010979205369949341e-02
-3.547811508178710938e-02
-4.570803418755531311e-02
-1.363476365804672241e-02
-1.833203062415122986e-02
-5.510164424777030945e-02
-3.224240615963935852e-02
3.716421872377395630e-02
-3.747474774718284607e-02
7.999927550554275513e-02
-6.876125186681747437e-02
2.987112663686275482e-02
-3.032707795500755310e-02
-1.421974971890449524e-02
1.073606684803962708e-02
1.108049228787422180e-01
-1.536741852760314941e-02
-5.953400582075119019e-02
-1.362815964967012405e-02
-2.729617059230804443e-02
5.219076760113239288e-03
1.710608229041099548e-02
4.494956135749816895e-02
-6.919908523559570312e-02
-4.964543506503105164e-02
1.544523239135742188e-02
-6.312623620033264160e-02
1.855259202420711517e-02
-4.761380702257156372e-02
6.785184144973754883e-02
5.205119028687477112e-03
4.919249564409255981e-02
-5.585361272096633911e-02
-4.125392064452171326e-02
2.328175306320190430e-02
-6.978467106819152832e-02
7.385471463203430176e-02
-2.845606021583080292e-02
6.464310735464096069e-02
-5.329962447285652161e-02
2.529921196401119232e-02
-9.675372391939163208e-02
3.851060196757316589e-02
-3.073131665587425232e-02
1.094252988696098328e-02
4.342599585652351379e-02
-5.173617973923683167e-03
3.527913615107536316e-02
-1.563332416117191315e-02
-1.412018239498138428e-01
-4.438986629247665405e-02
-1.691397652029991150e-02
4.325564019381999969e-03
5.560620687901973724e-03
-1.476878114044666290e-02
-1.032671518623828888e-02
-4.920627921819686890e-02
-4.916793480515480042e-02
5.250969529151916504e-02
2.847697027027606964e-02
-2.169838361442089081e-02
-6.192160770297050476e-02
1.165311969816684723e-02
-7.057539373636245728e-02
4.422086104750633240e-02
5.368407443165779114e-02
-1.467703375965356827e-02
-5.027931183576583862e-02
-8.413860201835632324e-02
-9.160832315683364868e-02
-3.964267298579216003e-02
3.789875656366348267e-02
-5.113208200782537460e-03
9.543679654598236084e-02
-6.310736760497093201e-03
-4.039766266942024231e-02
4.958262201398611069e-03
-3.643593937158584595e-02
-1.063693389296531677e-01
2.450055256485939026e-02
-2.495460025966167450e-02
9.254304319620132446e-02
5.280765891075134277e-02
2.791365236043930054e-02
-1.253496203571557999e-02
-9.054275602102279663e-02
7.709683477878570557e-02
1.382451690733432770e-02
-9.858957678079605103e-02
9.487085975706577301e-03
-2.691424917429685593e-03
-1.711286045610904694e-02
5.766096711158752441e-02
-1.035042032599449158e-01
-3.413339331746101379e-02
4.480887949466705322e-02
5.865016579627990723e-02
-5.713661015033721924e-02
1.111605297774076462e-02
-4.903227463364601135e-02
-4.366933554410934448e-02
8.992101252079010010e-02
-4.034201428294181824e-02
1.514438306912779808e-03
4.591305926442146301e-02
3.514204174280166626e-02
-4.981821402907371521e-02
-9.991982020437717438e-03
-1.031036525964736938e-01
-6.500361859798431396e-02
-8.180059492588043213e-02
-7.646536827087402344e-02
4.328860715031623840e-02
-4.466941952705383301e-02
-1.191893965005874634e-02
2.056027203798294067e-02
-3.460997343063354492e-02
7.486692816019058228e-02
-3.438542410731315613e-02
3.382950648665428162e-02
-8.275283873081207275e-02
-4.746237769722938538e-02
7.995249330997467041e-02
1.395189017057418823e-02
-5.863993614912033081e-02
5.425024032592773438e-02
4.085512459278106689e-02
7.609354704618453979e-02
-5.916365981101989746e-02
3.527082502841949463e-02
-1.970473118126392365e-02
1.249542366713285446e-02
5.398228764533996582e-02
-7.126909494400024414e-02
3.968453034758567810e-02
3.531600162386894226e-02
-5.408294871449470520e-02
4.875615611672401428e-02
9.143766015768051147e-03
-1.680861413478851318e-02
-4.560471326112747192e-02
4.138335213065147400e-02
2.518330886960029602e-02
6.890802830457687378e-02
4.621814191341400146e-02
-9.140358306467533112e-03
-2.247219346463680267e-02
-3.594808652997016907e-02
-3.463486954569816589e-02
-4.483197256922721863e-02
4.427328333258628845e-02
-5.373329669237136841e-02
8.154054731130599976e-02
8.951434493064880371e-02
1.972121372818946838e-02
9.436262771487236023e-03
1.959544979035854340e-02
-4.604923352599143982e-02
-4.018415883183479309e-02
4.855069518089294434e-02
-6.700272113084793091e-02
-6.436594575643539429e-02
2.651644172146916389e-03
6.336920894682407379e-03
4.784744232892990112e-02
7.578829675912857056e-02
-7.000706344842910767e-02
2.927690371870994568e-02
3.157270839437842369e-03
7.182687520980834961e-02
3.207551687955856323e-02
1.109572127461433411e-01
-8.740482153370976448e-04
-5.365977808833122253e-02
4.656030610203742981e-02
-2.804492227733135223e-02
-6.723296642303466797e-02
-1.418133452534675598e-02
-4.552009981125593185e-03
1.668662205338478088e-02
-6.738894432783126831e-02
-3.005446121096611023e-02
3.473011031746864319e-02
5.203456059098243713e-02
-3.219131007790565491e-02
5.279813334345817566e-02
-9.783573448657989502e-02
6.710448116064071655e-02
-8.199822157621383667e-02
-4.982717707753181458e-02
3.583024721592664719e-03
-4.958714172244071960e-02
-3.788599744439125061e-02
3.482718020677566528e-02
-7.576025277376174927e-02
7.836917042732238770e-02
1.717966422438621521e-02
-1.244411151856184006e-02
-1.026217341423034668e-01
-6.945937871932983398e-02
2.482491359114646912e-02
6.495366990566253662e-02
4.989708214998245239e-02
1.834012567996978760e-02
5.950809642672538757e-02
-2.264719828963279724e-02
1.151453182101249695e-01
8.903913199901580811e-02
1.866120100021362305e-02
2.361343055963516235e-02
4.086807370185852051e-02
8.808813057839870453e-03
4.307572264224290848e-03
-5.288603901863098145e-02
1.840276643633842468e-02
-7.418899983167648315e-02
-2.341893874108791351e-02
-1.102129928767681122e-02
2.525795064866542816e-02
-3.894602507352828979e-02
-1.148099545389413834e-02
5.854368209838867188e-03
-1.241256203502416611e-02
5.868075415492057800e-02
-1.868893206119537354e-02
5.671526119112968445e-02
-1.880898373201489449e-03
2.043953537940979004e-02
5.617141723632812500e-03
2.698897756636142731e-02
-6.909505464136600494e-03
-4.556496068835258484e-02
8.448368310928344727e-02
3.127939254045486450e-02
-1.608005352318286896e-02
6.791456788778305054e-02
2.531942352652549744e-02
-1.112104859203100204e-02
-1.060616821050643921e-01
1.087084859609603882e-01
3.024017252027988434e-02
-5.692958831787109375e-02
-7.742200791835784912e-02
5.383037775754928589e-02
-2.997121401131153107e-02
9.964670240879058838e-02
-7.163418829441070557e-02
-7.525868713855743408e-02
-7.505699992179870605e-03
-4.892911761999130249e-02
-1.486695982748642564e-04
-1.496834401041269302e-02
-9.860880672931671143e-03
3.507320582866668701e-02
2.716850675642490387e-02
1.164762955158948898e-02
-4.737644642591476440e-02
-2.073182910680770874e-02
-1.143637821078300476e-01
-2.211873792111873627e-02
-9.002707153558731079e-02
3.932420909404754639e-02
6.983894109725952148e-02
4.226733371615409851e-02
2.699563838541507721e-02
-1.216339506208896637e-02
1.094766706228256226e-02
-2.654253318905830383e-02
-2.318223379552364349e-02
-8.633859455585479736e-03
3.407134488224983215e-02
1.685293950140476227e-02
6.205122172832489014e-02
3.639017790555953979e-02
9.362198412418365479e-02
1.113904919475317001e-02
-7.623182237148284912e-02
7.763933390378952026e-03
1.912339031696319580e-02
-3.024935163557529449e-02
3.714172542095184326e-02
-3.994961455464363098e-02
-9.343951940536499023e-03
9.280004887841641903e-04
-1.391828805208206177e-02
-5.491924006491899490e-03
7.485982961952686310e-03
-3.725710511207580566e-02
5.581224709749221802e-02
-3.127916529774665833e-02
-2.970699220895767212e-02
4.741755872964859009e-02
1.536296796984970570e-03
-2.546501718461513519e-02
-5.274238064885139465e-02
9.935493767261505127e-02
5.872859433293342590e-02
1.858519017696380615e-02
5.705278366804122925e-02
7.115234434604644775e-02
8.175461739301681519e-02
-4.220676422119140625e-02
-2.542115189135074615e-02
1.869668439030647278e-02
8.730023168027400970e-03
-8.241176605224609375e-02
2.495350688695907593e-02
3.451126068830490112e-02
-1.685384660959243774e-02
-1.323818881064653397e-02
-1.586242578923702240e-02
8.400314301252365112e-02
2.085699513554573059e-02
8.171335794031620026e-03
5.172233283519744873e-02
-2.556446008384227753e-02
-1.642381586134433746e-02
3.752393648028373718e-02
-3.819275274872779846e-02
-2.389729581773281097e-02
1.138429194688796997e-01
-7.658404111862182617e-02
1.093801669776439667e-02
-8.571852743625640869e-02
3.922166675329208374e-02
-6.799958646297454834e-02
1.856007426977157593e-02
-7.275611162185668945e-02
-5.121102184057235718e-02
2.357327938079833984e-02
2.599137090146541595e-02
1.478259917348623276e-02
-7.566653937101364136e-02
-1.721241697669029236e-02
-6.955354660749435425e-02
9.727595001459121704e-02
-6.675509363412857056e-02
1.276100799441337585e-02
-2.632018551230430603e-02
-8.849541097879409790e-02
-5.379668436944484711e-03
5.128459073603153229e-03
1.648830063641071320e-02
-3.687575832009315491e-02
-5.320609733462333679e-02
5.677375942468643188e-02
1.041609700769186020e-02
3.495722636580467224e-02
6.454073637723922729e-02
1.058260798454284668e-01
-9.953686967492103577e-03
-7.161601632833480835e-02
-2.511512674391269684e-02
-1.046397630125284195e-02
-1.775535196065902710e-02
6.536485999822616577e-02
8.515752106904983521e-02
-2.057460509240627289e-02
-3.634601458907127380e-02
3.181459382176399231e-02
2.961430884897708893e-02
6.556380540132522583e-03
-4.500865936279296875e-02
-5.514843761920928955e-02
-4.621015116572380066e-02
3.228262066841125488e-02
-2.794136526063084602e-03
4.936673492193222046e-02
7.732992526143789291e-03
9.196149185299873352e-03
3.840737044811248779e-02
4.735409840941429138e-02
1.937319175340235233e-03
-5.824375897645950317e-02
7.631973922252655029e-02
-1.035653427243232727e-02
6.283446401357650757e-02
-3.129645064473152161e-02
1.090290490537881851e-02
5.618233978748321533e-02
-1.314001996070146561e-02
-2.807394042611122131e-02
-1.805743388831615448e-02
3.334906697273254395e-02
-6.050714850425720215e-02
4.458617046475410461e-02
-8.285767585039138794e-02
-8.162408135831356049e-03
-7.412733137607574463e-02
3.330902755260467529e-02
2.773034013807773590e-02
2.212830260396003723e-02
-6.862866133451461792e-02
-3.462636470794677734e-02
1.319049950689077377e-02
1.277374476194381714e-02
-3.714139014482498169e-02
1.485404558479785919e-03
1.598429307341575623e-02
2.274971269071102142e-02
-4.900763183832168579e-02
7.217334210872650146e-02
-2.645594067871570587e-03
-2.024931274354457855e-02
1.173378601670265198e-01
-2.245481312274932861e-02
4.432284086942672729e-02
-1.998014934360980988e-02
2.168604731559753418e-02
9.316913783550262451e-03
-5.860391072928905487e-03
-9.977126121520996094e-02
4.994998127222061157e-02
-1.376877189613878727e-03
8.672109246253967285e-02
6.020862609148025513e-03
2.236571535468101501e-02
1.753069809637963772e-03
2.255664765834808350e-02
-1.118302494287490845e-01
6.828442215919494629e-02
-5.186821147799491882e-02
-1.031303405761718750e-01
-1.164724584668874741e-02
-2.020570263266563416e-02
8.600869774818420410e-02
5.272034183144569397e-02
-4.680402204394340515e-02
3.673209622502326965e-02
-8.104528533294796944e-04
-5.463344231247901917e-02
-2.469616010785102844e-02
1.911616325378417969e-02
8.167282491922378540e-02
-3.114461898803710938e-02
-1.749628223478794098e-02
2.219111425802111626e-03
-3.954532742500305176e-02
3.641843795776367188e-04
3.960887901484966278e-03
-6.784742232412099838e-03
1.557833794504404068e-02
4.324347525835037231e-02
-2.323286794126033783e-02
3.982214257121086121e-02
-1.058941613882780075e-02
3.954102471470832825e-02
-2.853149548172950745e-02
5.426733754575252533e-03
3.346740081906318665e-02
6.773098558187484741e-02
-5.392282456159591675e-02
4.166315123438835144e-02
-3.289987891912460327e-02
5.498179420828819275e-02
1.305069681257009506e-02
-5.790158733725547791e-02
-2.269902452826499939e-02
1.189605332911014557e-02
-7.111171633005142212e-02
-6.992295384407043457e-02
-2.767702750861644745e-02
6.383409723639488220e-03
8.154574036598205566e-02
4.427080973982810974e-02
6.014289800077676773e-03
-2.682821452617645264e-02
-7.173392921686172485e-03
3.287885803729295731e-03
-1.499208062887191772e-02
-1.697008870542049408e-02
-7.202557474374771118e-02
-3.097931621596217155e-03
-3.440603241324424744e-02
-5.610793083906173706e-02
6.789057701826095581e-02
2.385022304952144623e-02
4.208267666399478912e-03
-3.632073989138007164e-03
2.880250290036201477e-02
-1.487645972520112991e-02
-1.907379832118749619e-03
-3.133318573236465454e-02
2.349649742245674133e-02
-3.926481679081916809e-02
-2.719325758516788483e-02
-1.872153207659721375e-02
-1.031192019581794739e-01
-5.375292152166366577e-02
6.378319114446640015e-02
4.390327632427215576e-02
-8.872822858393192291e-03
7.938807457685470581e-02
3.381597250699996948e-02
-7.059920579195022583e-02
-3.201263258233666420e-03
-5.974052473902702332e-02
-3.500143764540553093e-03
-1.328745670616626740e-02
-4.210791364312171936e-02
-1.278712786734104156e-02
4.229429736733436584e-02
-2.130523510277271271e-02
-4.841582383960485458e-03
8.951900526881217957e-03
-2.066119015216827393e-02
4.145331680774688721e-02
-8.196805417537689209e-02
1.842770352959632874e-02
-3.758968040347099304e-02
9.317726641893386841e-02
4.758058115839958191e-02
-4.863029462285339832e-04
-6.657695770263671875e-02
-6.072641815990209579e-03
1.231279224157333374e-02
-7.351914048194885254e-02
-5.014814063906669617e-02
4.329436644911766052e-02
-1.751170493662357330e-02
1.680484041571617126e-02
-4.034753516316413879e-02
6.195318698883056641e-02
-3.970592468976974487e-02
6.550643593072891235e-03
-2.242420101538300514e-03
-4.018169268965721130e-02
-2.776697278022766113e-03
-3.844945132732391357e-02
-2.280730567872524261e-02
-3.397751972079277039e-02
-2.427350357174873352e-02
5.874570086598396301e-02
3.306914493441581726e-02
6.574793905019760132e-02
6.604152149520814419e-04
1.666697673499584198e-02
1.823369041085243225e-02
6.611849367618560791e-02
1.084808185696601868e-01
-2.267387509346008301e-02
-9.552582353353500366e-02
5.009074509143829346e-02
-7.732835412025451660e-02
7.352205365896224976e-02
5.501982197165489197e-02
-8.736973255872726440e-02
6.088186521083116531e-03
-8.259765803813934326e-03
-2.410907484591007233e-02
4.445052705705165863e-03
9.110713005065917969e-02
1.416780753061175346e-03
6.141111999750137329e-02
1.722165942192077637e-02
-3.954321518540382385e-02
2.342121879337355494e-04
-2.783635072410106659e-02
-3.174106404185295105e-02
3.127174079418182373e-02
1.777239888906478882e-02
-5.516164936125278473e-03
5.732072144746780396e-02
8.406343311071395874e-02
3.996832296252250671e-02
-3.686495125293731689e-02
6.241987273097038269e-02
-4.023159295320510864e-02
-9.966691723093390465e-04
1.640437543392181396e-02
4.216569010168313980e-03
-3.191684931516647339e-02
-7.682618498802185059e-02
-3.269264101982116699e-02
3.574307262897491455e-02
-9.841411560773849487e-02
-5.792654305696487427e-02
-3.225508145987987518e-03
1.116047278046607971e-01
-2.986644022166728973e-02
7.126750890165567398e-03
-3.253622725605964661e-02
-2.574330568313598633e-02
-6.064566969871520996e-02
-1.707530580461025238e-02
-1.957866176962852478e-02
-8.064204454421997070e-02
-5.358730629086494446e-02
-6.105254287831485271e-04
-6.104504317045211792e-02
1.843309029936790466e-02
3.299066424369812012e-02
3.667684504762291908e-03
-3.679353743791580200e-02
-9.343158453702926636e-03
-3.963734209537506104e-02
-1.431326661258935928e-02
3.025899641215801239e-02
7.005591690540313721e-02
2.700543031096458435e-03
-6.152158603072166443e-03
-4.007136449217796326e-02
-4.260937497019767761e-02
1.980284601449966431e-02
-2.108596265316009521e-02
-1.606939546763896942e-02
6.955436617136001587e-02
-1.724358461797237396e-02
4.633155837655067444e-02
-4.662744328379631042e-02
2.799692936241626740e-02
-4.495792835950851440e-02
3.078213520348072052e-02
3.805584460496902466e-02
1.198760815896093845e-03
-5.627185851335525513e-02
3.355676680803298950e-02
5.927864834666252136e-02
-2.319804206490516663e-02
6.915267091244459152e-03
6.366215646266937256e-02
-3.142062947154045105e-02
3.382821800187230110e-03
-1.158368308097124100e-02
-1.271565854549407959e-01
7.380672264844179153e-03
-3.843047097325325012e-02
-7.322004996240139008e-03
-1.205019466578960419e-02
5.681344494223594666e-02
1.089357491582632065e-02
1.076496243476867676e-01
-2.927626296877861023e-02
1.577922515571117401e-02
2.377083525061607361e-02
-2.346465364098548889e-03
-2.387214824557304382e-02
9.181553125381469727e-02
-6.441756337881088257e-02
5.166086181998252869e-02
-5.535049736499786377e-02
7.668103277683258057e-02
-5.679319426417350769e-02
-5.484492331743240356e-02
3.980576992034912109e-02
-4.366830922663211823e-03
2.900981530547142029e-02
3.481605648994445801e-02
-2.150211250409483910e-03
-8.633981645107269287e-02
-8.688465505838394165e-02
1.884405501186847687e-02
-3.542478755116462708e-02
-4.504907131195068359e-02
-2.598615549504756927e-02
3.381857275962829590e-02
5.622172728180885315e-03
-3.684118390083312988e-02
5.077862739562988281e-02
-8.164380490779876709e-02
-3.923501446843147278e-02
-1.326595991849899292e-02
-7.088682614266872406e-03
1.248793676495552063e-02
4.496410489082336426e-02
-6.377317011356353760e-02
6.661040335893630981e-02
3.066240809857845306e-02
4.062819480895996094e-02
4.815622791647911072e-02
2.691954374313354492e-03
3.411525161936879158e-03
-3.020940534770488739e-02
7.651597261428833008e-03
2.273290976881980896e-02
2.884874120354652405e-02
2.295394800603389740e-02
1.989439129829406738e-02
-2.181190811097621918e-02
9.748779982328414917e-02
3.505979105830192566e-02
1.627681218087673187e-02
6.955666001886129379e-03
-1.137295886874198914e-01
-1.321219559758901596e-02
-1.986279152333736420e-02
1.484896149486303329e-02
-1.309590786695480347e-01
4.205198958516120911e-02
7.220963388681411743e-02
-2.071832865476608276e-02
1.396134309470653534e-02
6.669420003890991211e-02
-2.010498754680156708e-02
3.009628131985664368e-02
7.900564372539520264e-02
6.041057407855987549e-02
3.311352059245109558e-02
6.052978336811065674e-02
1.577709428966045380e-02
-2.392434980720281601e-03
-3.489862382411956787e-02
-9.400998242199420929e-03
2.141339704394340515e-02
3.973361849784851074e-02
-8.215984702110290527e-02
-4.778714850544929504e-02
4.941701889038085938e-02
5.012566107325255871e-04
5.067642033100128174e-02
-3.372155129909515381e-02
4.923626407980918884e-02
1.757236430421471596e-03
5.521857738494873047e-02
-4.939585179090499878e-02
-1.883357018232345581e-02
-1.595757901668548584e-02
7.351452112197875977e-02
3.754334757104516029e-03
8.631925284862518311e-02
1.274200677871704102e-01
-8.733160048723220825e-02
6.583784520626068115e-02
1.638599298894405365e-02
-9.919450432062149048e-02
5.891629680991172791e-02
-1.966048585018143058e-04
1.414063107222318649e-02
-2.728798054158687592e-02
-5.952657666057348251e-03
-8.622165024280548096e-02
-8.837731927633285522e-02
-1.200285777449607849e-01
4.428559914231300354e-03
-6.571813486516475677e-03
2.278862334787845612e-02
4.197641834616661072e-02
-2.787778712809085846e-02
3.919355943799018860e-02
2.283777855336666107e-02
7.343572378158569336e-02
5.579119175672531128e-02
4.471079632639884949e-02
-2.658837661147117615e-02
-1.332290936261415482e-02
2.385028824210166931e-02
4.511482268571853638e-02
-4.956260323524475098e-02
2.083762548863887787e-02
2.120998315513134003e-02
4.687980934977531433e-02
7.268680632114410400e-02
4.995857924222946167e-02
3.617811203002929688e-02
1.562332920730113983e-02
2.760824048891663551e-03
-2.501313388347625732e-02
-5.730774998664855957e-02
-5.063990876078605652e-02
7.755247503519058228e-02
-6.663389503955841064e-02
-1.983031816780567169e-02
-6.416555494070053101e-02
-9.012226015329360962e-02
5.736083164811134338e-02
-1.235750503838062286e-02
-6.244923919439315796e-02
1.171377580612897873e-02
-1.533793285489082336e-02
-9.515396505594253540e-02
7.082569599151611328e-02
-7.278756797313690186e-02
3.269933909177780151e-02
6.009652093052864075e-02
2.161070145666599274e-02
-3.969546407461166382e-02
7.046818733215332031e-02
-6.013396754860877991e-02
1.881227456033229828e-02
1.301922951824963093e-03
1.022688746452331543e-01
3.813208267092704773e-02
5.035970360040664673e-03
-6.408582627773284912e-02
5.784871429204940796e-02
8.560238406062126160e-03
9.264618158340454102e-02
1.016276925802230835e-01
5.332154687494039536e-03
-6.999474763870239258e-02
1.303412616252899170e-01
9.055124968290328979e-02
8.027703315019607544e-02
-2.646327018737792969e-03
3.597057983279228210e-02
2.213429473340511322e-02
5.041863396763801575e-02
-8.206962049007415771e-02
8.653654158115386963e-02
-1.937531307339668274e-02
3.361178562045097351e-02
-2.145955152809619904e-02
-3.448782116174697876e-02
1.217838097363710403e-02
4.113589599728584290e-02
-3.913377597928047180e-02
-5.990837886929512024e-02
7.444260176271200180e-03
6.582337617874145508e-02
-3.281878307461738586e-02
-1.121164672076702118e-02
-2.618191018700599670e-02
4.358851164579391479e-02
-7.358371466398239136e-02
-3.079095296561717987e-02
3.709954395890235901e-02
-5.456017795950174332e-03
4.377424716949462891e-02
-4.253684729337692261e-02
-7.035248726606369019e-02
-9.224675595760345459e-03
-9.467276930809020996e-02
-2.996512502431869507e-02
1.590144820511341095e-03
-3.131181001663208008e-03
1.621141098439693451e-02
1.612255163490772247e-02
1.295282542705535889e-01
1.624268293380737305e-02
-8.786924928426742554e-02
2.644387632608413696e-02
3.387594968080520630e-02
-3.600921947509050369e-03
-1.377014443278312683e-02
5.392622202634811401e-02
-1.176912561058998108e-01
-3.411352634429931641e-02
1.225106883794069290e-02
1.962491683661937714e-02
-1.097607892006635666e-02
-1.186162233352661133e-02
-4.470158368349075317e-02
-5.263742804527282715e-02
-1.818032935261726379e-02
-1.718039065599441528e-02
-1.283865123987197876e-01
-4.872272163629531860e-02
-5.027546361088752747e-02
-1.604843302629888058e-03
1.063648611307144165e-01
3.745102882385253906e-02
2.239370346069335938e-02
-2.444843761622905731e-02
1.793920435011386871e-02
4.165769368410110474e-02
1.602688804268836975e-02
-4.019991308450698853e-02
5.594600457698106766e-03
2.036780118942260742e-03
1.318868808448314667e-02
2.240961231291294098e-02
2.825789153575897217e-02
-5.721259117126464844e-02
5.708775669336318970e-02
-1.728557050228118896e-02
-6.629244238138198853e-02
2.088762447237968445e-02
1.209814399480819702e-01
1.111124176532030106e-02
-1.208858489990234375e-01
-3.788557648658752441e-02
-8.699689060449600220e-02
7.992872968316078186e-03
-5.757615715265274048e-02
3.592313826084136963e-02
1.088532581925392151e-01
-2.381239831447601318e-02
4.419745504856109619e-02
-1.473661139607429504e-02
-3.496427834033966064e-02
4.098306223750114441e-02
-5.923789367079734802e-02
-8.932520449161529541e-02
-5.910796672105789185e-02
1.649904809892177582e-02
-8.810367435216903687e-02
1.836244016885757446e-02
-5.400212109088897705e-02
3.325537219643592834e-02
-1.422209944576025009e-02
8.399998396635055542e-02
5.449377372860908508e-02
2.140706032514572144e-02
-4.604301881045103073e-03
-2.634470164775848389e-02
6.021668668836355209e-03
-4.341813921928405762e-02
8.629733324050903320e-02
8.601821959018707275e-03
8.409721404314041138e-02
7.893279939889907837e-02
-3.051226399838924408e-02
-2.311607077717781067e-02
-3.364574909210205078e-02
2.558690868318080902e-02
1.618962921202182770e-02
3.933803364634513855e-02
2.727176528424024582e-03
-5.364156514406204224e-02
2.935909666121006012e-02
