3.352406993508338928e-02
9.858120232820510864e-02
2.945642918348312378e-02
8.368567563593387604e-03
6.604921817779541016e-02
6.319703161716461182e-02
-3.571483492851257324e-02
1.551860850304365158e-02
1.099575236439704895e-01
-2.330187149345874786e-02
-1.213194057345390320e-01
-8.741878718137741089e-02
3.646269068121910095e-02
-5.649266391992568970e-02
-1.907846075482666492e-03
-6.827522069215774536e-02
4.114118218421936035e-02
-3.835737006738781929e-03
1.993327587842941284e-02
1.987014524638652802e-02
-2.679957635700702667e-02
-6.632713973522186279e-02
2.060634270310401917e-02
-2.828931063413619995e-02
-5.515817180275917053e-02
1.139435172080993652e-02
8.089378476142883301e-02
3.326703980565071106e-02
2.785678394138813019e-02
-2.132090739905834198e-02
3.443496674299240112e-02
1.679164171218872070e-02
3.201400861144065857e-02
-3.027676418423652649e-02
-3.603410348296165466e-02
3.686140477657318115e-02
-7.560798525810241699e-02
3.413156047463417053e-02
-6.855409592390060425e-02
3.739598765969276428e-02
5.508603900671005249e-02
2.211813442409038544e-02
-2.753920154646039009e-03
-1.267792563885450363e-02
-9.568450041115283966e-03
-3.800208494067192078e-02
-2.105043269693851471e-03
-2.914027124643325806e-02
3.921856731176376343e-02
1.189019903540611267e-01
8.123053121380507946e-04
1.024159323424100876e-02
1.067427173256874084e-02
-9.009931236505508423e-03
-2.317592501640319824e-03
1.177643518894910812e-02
-3.615411929786205292e-03
-6.658634543418884277e-02
-3.716215118765830994e-02
-2.191342227160930634e-02
3.308282792568206787e-02
-5.875351838767528534e-03
-2.497809566557407379e-02
9.131178259849548340e-03
-6.042235996574163437e-03
-1.555336359888315201e-02
-9.771802462637424469e-03
-2.403464913368225098e-02
3.673200681805610657e-02
-4.529197700321674347e-03
1.424743328243494034e-02
-2.454333938658237457e-02
-1.385262119583785534e-03
1.496678031980991364e-02
-2.489638328552246094e-02
-6.585890799760818481e-02
8.162146061658859253e-02
1.070233508944511414e-01
4.928253963589668274e-02
-7.000508904457092285e-02
1.299168821424245834e-02
-4.735268279910087585e-02
-7.046144455671310425e-02
4.535046964883804321e-02
5.819609016180038452e-02
-4.376003518700599670e-02
4.058147966861724854e-02
-1.997946947813034058e-02
-1.772569306194782257e-02
-2.307284623384475708e-02
2.275154739618301392e-02
1.128203328698873520e-02
2.220165729522705078e-02
-1.247157063335180283e-02
-5.173569545149803162e-02
5.093876272439956665e-02
7.582528144121170044e-02
-3.613776341080665588e-02
-5.998352915048599243e-02
9.779884666204452515e-02
-1.613994687795639038e-02
3.536376729607582092e-02
5.537552013993263245e-02
4.407572373747825623e-02
3.561015427112579346e-02
-2.358158677816390991e-02
-3.544276580214500427e-02
2.293458580970764160e-02
1.877100206911563873e-02
4.024818912148475647e-02
-2.010754495859146118e-02
-3.218943253159523010e-02
7.372897118330001831e-02
-8.978498727083206177e-02
-8.878281340003013611e-03
-3.524811565876007080e-02
-2.609736844897270203e-02
-4.848751053214073181e-02
-1.482647098600864410e-02
-6.286003440618515015e-02
8.415580540895462036e-02
5.422182008624076843e-02
9.262060374021530151e-02
6.632362026721239090e-03
-8.060678839683532715e-03
9.165284223854541779e-03
-8.893384039402008057e-02
5.601756274700164795e-03
-5.348292738199234009e-02
6.474413722753524780e-02
5.660219117999076843e-02
-1.287866034545004368e-03
2.701406367123126984e-02
-3.585712239146232605e-02
1.093052402138710022e-01
3.079264238476753235e-02
1.292179618030786514e-02
-4.061134532094001770e-03
-1.520143356174230576e-03
-3.195671737194061279e-02
-4.438905417919158936e-02
2.849812433123588562e-02
-1.269512530416250229e-02
-3.059593029320240021e-03
5.865555629134178162e-02
-3.858136385679244995e-02
-6.505444645881652832e-03
4.252894222736358643e-02
6.888606399297714233e-02
-4.156805202364921570e-02
-7.005960494279861450e-02
3.707686439156532288e-02
-4.880001395940780640e-02
-4.172830283641815186e-02
-2.604890614748001099e-02
8.573544770479202271e-02
-6.861066818237304688e-02
3.899984061717987061e-02
2.988912537693977356e-02
1.550824847072362900e-02
-6.866797804832458496e-03
-5.328042805194854736e-02
-3.865420445799827576e-02
3.931946679949760437e-02
-9.999144077301025391e-02
3.423779830336570740e-02
8.865234255790710449e-02
-1.713261753320693970e-02
-2.951213158667087555e-02
-4.164303652942180634e-03
-6.075582280755043030e-02
-6.172616267576813698e-04
-7.387880701571702957e-03
6.884680595248937607e-03
-3.650319576263427734e-02
7.380204647779464722e-02
2.220302075147628784e-02
3.891304507851600647e-02
-6.731480360031127930e-02
3.342125564813613892e-04
1.514797285199165344e-02
2.504459209740161896e-02
-3.730607277248054743e-04
-2.614554576575756073e-02
-5.994382128119468689e-02
3.960693255066871643e-02
-4.303799197077751160e-02
-1.101830974221229553e-02
4.096991941332817078e-02
1.164105441421270370e-02
-4.022024944424629211e-02
2.171564288437366486e-02
1.969060674309730530e-02
7.571575790643692017e-02
-6.966093927621841431e-02
3.522085770964622498e-02
-3.280775249004364014e-02
-5.622841045260429382e-02
-4.804950580000877380e-02
6.816642731428146362e-02
2.963872998952865601e-02
-2.395729534327983856e-02
4.217434301972389221e-02
-9.938869625329971313e-02
1.055847108364105225e-01
-1.129264201154001057e-04
-3.051546961069107056e-02
-6.588796153664588928e-03
-7.770541310310363770e-02
-4.228850454092025757e-02
-1.624438352882862091e-02
1.861574943177402020e-03
-4.546285793185234070e-02
-9.117644280195236206e-03
5.149868503212928772e-02
-6.657180376350879669e-03
1.827011071145534515e-02
7.239352166652679443e-02
5.246961489319801331e-02
3.623805940151214600e-02
-3.124806098639965057e-02
2.110925130546092987e-02
1.881766133010387421e-02
-7.817246764898300171e-02
5.061488971114158630e-02
-3.121997602283954620e-02
1.915098913013935089e-02
3.432743623852729797e-02
3.087804466485977173e-02
-5.072139576077461243e-02
-2.967472560703754425e-02
-3.305455297231674194e-02
6.202235445380210876e-02
3.626875951886177063e-02
-6.164842471480369568e-02
-1.153821684420108795e-02
8.325668424367904663e-02
7.470676302909851074e-02
2.881644479930400848e-02
2.380241639912128448e-02
4.139844328165054321e-02
5.141263082623481750e-02
5.361759662628173828e-02
4.690485075116157532e-02
-3.381294757127761841e-02
3.231829777359962463e-02
-5.939707905054092407e-02
-2.483394183218479156e-02
-2.403396926820278168e-02
-7.329910993576049805e-02
2.066440181806683540e-03
-9.210728853940963745e-02
-1.418475154787302017e-02
3.453128039836883545e-02
-9.117882698774337769e-02
8.046658337116241455e-02
1.261284667998552322e-02
-1.929127797484397888e-02
7.111155241727828979e-02
4.203253984451293945e-02
-9.781672805547714233e-02
-2.438286691904067993e-02
-8.537311106920242310e-02
2.954561077058315277e-02
-3.434121608734130859e-04
4.460826888680458069e-02
-1.198607776314020157e-02
-7.748841494321823120e-02
3.291006386280059814e-02
3.813591599464416504e-02
3.253664821386337280e-02
1.719266921281814575e-02
-7.267353124916553497e-03
2.526104263961315155e-02
3.473158553242683411e-02
2.849905006587505341e-02
3.524383157491683960e-02
7.105170935392379761e-02
-1.252383086830377579e-02
2.188881114125251770e-02
-8.360188454389572144e-02
-4.755909368395805359e-02
2.752417512238025665e-02
-2.025324292480945587e-02
-7.066640257835388184e-02
-6.320799887180328369e-02
1.593955606222152710e-02
1.020689588040113449e-02
-7.249480113387107849e-03
-1.025115251541137695e-01
-2.582387812435626984e-02
9.273446351289749146e-02
-1.118632312864065170e-02
-5.333528667688369751e-02
-1.551071368157863617e-02
-7.592883706092834473e-02
1.519739255309104919e-02
-9.780681878328323364e-02
-2.510547824203968048e-02
5.391034111380577087e-02
-8.989072591066360474e-02
1.753694936633110046e-02
-4.726090282201766968e-02
-4.144853353500366211e-02
-5.054315552115440369e-02
-2.937658503651618958e-02
1.663621864281594753e-03
6.785344332456588745e-02
1.051825657486915588e-02
1.557491626590490341e-02
-9.790814667940139771e-02
-4.838576167821884155e-02
1.659553870558738708e-02
-2.741996757686138153e-02
7.218045182526111603e-03
-8.041366003453731537e-03
-7.114555221050977707e-03
-5.084826145321130753e-03
-1.888106390833854675e-02
-2.621617913246154785e-02
4.730205237865447998e-02
2.558758668601512909e-02
-9.148006886243820190e-02
-8.585941046476364136e-03
-4.727357625961303711e-02
-3.954084962606430054e-02
1.645306311547756195e-02
-3.536677360534667969e-02
8.366792462766170502e-03
1.120762899518013000e-01
1.222533266991376877e-02
-6.293049454689025879e-02
-2.565591409802436829e-02
4.640251025557518005e-02
-4.714745096862316132e-03
-8.934361487627029419e-02
2.659194357693195343e-02
-1.427231822162866592e-02
1.427727635018527508e-03
-2.386984229087829590e-02
5.077442154288291931e-02
-2.407117374241352081e-02
-1.678823493421077728e-02
4.199751187115907669e-03
-2.101281471550464630e-02
3.071785531938076019e-02
5.427612341009080410e-04
3.041361644864082336e-02
8.965886384248733521e-02
-4.504690878093242645e-03
3.032582753803580999e-04
3.778212890028953552e-02
5.279381200671195984e-02
6.082172319293022156e-02
1.659562066197395325e-02
4.285297170281410217e-02
7.779606431722640991e-02
4.096857446711510420e-04
-1.982707530260086060e-02
3.665925934910774231e-02
-2.873729914426803589e-02
5.110090598464012146e-02
-1.337250228971242905e-02
-3.965807333588600159e-02
-5.710331350564956665e-02
-6.073156371712684631e-02
-7.073562592267990112e-02
-5.061129108071327209e-03
-4.160300642251968384e-02
5.782171711325645447e-02
1.421762630343437195e-02
3.615151345729827881e-02
-5.329382047057151794e-02
-5.789471790194511414e-02
5.538443475961685181e-02
5.422362312674522400e-02
-8.621743321418762207e-02
-2.418055571615695953e-02
-2.216427400708198547e-02
2.815780788660049438e-02
-8.121626824140548706e-02
-2.674335986375808716e-02
-1.520275371149182320e-03
-5.400691647082567215e-03
2.683174610137939453e-02
2.833293005824089050e-02
4.576655849814414978e-02
1.155276745557785034e-01
5.894105136394500732e-02
-6.323499232530593872e-02
2.574411593377590179e-02
5.618051066994667053e-02
4.613312706351280212e-02
-9.760105051100254059e-03
-7.857269793748855591e-02
-1.994311995804309845e-02
8.671673946082592010e-03
2.001369930803775787e-02
5.100670829415321350e-02
-1.469761133193969727e-03
5.028294399380683899e-02
2.718779630959033966e-02
-7.053998112678527832e-02
7.811775803565979004e-02
5.661139637231826782e-02
-2.189496904611587524e-02
-2.308272197842597961e-02
-3.992170095443725586e-02
8.379843086004257202e-02
5.603827536106109619e-02
-2.598387561738491058e-02
-6.368387956172227859e-03
6.494110450148582458e-03
1.884934678673744202e-02
-4.551530349999666214e-03
-5.279923975467681885e-02
5.486092716455459595e-02
7.423065137118101120e-03
-2.405095100402832031e-02
-1.686069928109645844e-02
-1.093568801879882812e-01
6.123110279440879822e-02
6.725189834833145142e-02
-7.226039469242095947e-02
2.389459125697612762e-02
-6.862280517816543579e-02
3.107761219143867493e-02
2.073653042316436768e-02
-2.234091982245445251e-02
-5.443304777145385742e-03
-8.388655632734298706e-02
-1.027542352676391602e-02
5.642995238304138184e-03
7.821170240640640259e-02
-5.176947265863418579e-02
6.848287768661975861e-03
-2.811063081026077271e-02
1.269119698554277420e-02
4.938285052776336670e-02
-3.295933827757835388e-02
-8.300559222698211670e-02
5.439073219895362854e-02
-1.447619125247001648e-02
4.741869121789932251e-02
-1.334400102496147156e-02
1.509474776685237885e-02
7.841314375400543213e-02
2.029835246503353119e-02
4.101101309061050415e-02
-5.216248333454132080e-02
2.328217029571533203e-03
-2.994359657168388367e-02
-4.108818620443344116e-02
-2.663965709507465363e-02
-8.997830562293529510e-03
1.174740586429834366e-02
3.007984161376953125e-02
8.689898997545242310e-02
5.145930871367454529e-02
2.131925709545612335e-02
2.712301164865493774e-02
4.802899062633514404e-02
-4.929976537823677063e-02
1.219443697482347488e-02
2.448102645576000214e-02
-9.372475743293762207e-02
2.334316261112689972e-02
-4.144445061683654785e-03
1.313405185937881470e-01
4.940444603562355042e-02
-2.326627261936664581e-02
-2.387467585504055023e-02
1.129956822842359543e-02
5.486955866217613220e-03
3.477986156940460205e-02
1.594553701579570770e-02
4.933077469468116760e-02
2.162010781466960907e-02
5.602433532476425171e-02
-5.610522255301475525e-02
1.140301767736673355e-02
-2.668892219662666321e-02
-5.469222087413072586e-03
-4.627679660916328430e-02
-2.030416019260883331e-02
-2.073832787573337555e-02
-1.094454526901245117e-01
-2.697289735078811646e-02
-8.266160637140274048e-02
-3.202955937013030052e-03
-5.474556609988212585e-02
-2.045983634889125824e-02
-3.855790197849273682e-02
-1.928787119686603546e-02
-3.077874891459941864e-02
-5.053754430264234543e-03
-3.190588206052780151e-02
2.942325361073017120e-02
8.805364370346069336e-03
-2.832297794520854950e-02
7.338064163923263550e-02
-8.130084723234176636e-02
6.501480937004089355e-02
-2.632823772728443146e-02
1.103727030567824841e-03
2.755437046289443970e-02
7.417757064104080200e-02
1.432888116687536240e-02
3.197724372148513794e-02
-5.064816796220839024e-04
5.260680615901947021e-02
4.236920922994613647e-02
4.265819210559129715e-03
-3.401241824030876160e-02
2.721018157899379730e-02
-6.030393019318580627e-02
-1.955427601933479309e-02
6.028524786233901978e-02
-1.855171099305152893e-02
3.716588020324707031e-02
5.412027612328529358e-02
1.736004464328289032e-02
2.404161170125007629e-02
-2.083851769566535950e-02
-2.489564009010791779e-03
-3.744895756244659424e-02
-5.164600536227226257e-02
-7.327996939420700073e-02
-1.042209565639495850e-01
-3.567840903997421265e-02
1.047379896044731140e-02
1.914449734613299370e-03
1.193370856344699860e-02
-1.799842528998851776e-02
9.425961412489414215e-03
-6.147179752588272095e-02
-3.432341665029525757e-02
-3.138780221343040466e-02
9.802933037281036377e-02
8.545111864805221558e-02
-1.430824026465415955e-02
3.253055736422538757e-02
7.118385285139083862e-02
4.132814705371856689e-02
3.077763132750988007e-02
4.324800148606300354e-02
2.842035889625549316e-02
-3.105566464364528656e-02
-4.622495174407958984e-02
8.265484124422073364e-02
-3.990225121378898621e-02
6.049629673361778259e-02
3.752140700817108154e-02
-8.088856004178524017e-03
2.012257836759090424e-02
-3.003551438450813293e-02
-1.501515600830316544e-02
6.671841442584991455e-02
-6.777355819940567017e-02
1.687352918088436127e-02
-7.427413016557693481e-02
-3.977936878800392151e-02
3.584861382842063904e-02
4.899204894900321960e-02
-4.005431011319160461e-02
3.140295669436454773e-02
1.892729476094245911e-02
4.139527212828397751e-03
4.020610824227333069e-02
-1.041997447609901428e-01
5.912978574633598328e-02
-1.017968356609344482e-02
3.813747316598892212e-02
7.151183485984802246e-02
1.428170651197433472e-01
1.677002198994159698e-02
-2.523555047810077667e-02
4.130541533231735229e-02
5.105481296777725220e-02
1.826119981706142426e-02
3.949541226029396057e-02
8.852898143231868744e-03
-2.465684199705719948e-03
-5.611448362469673157e-02
4.973376169800758362e-02
9.576106816530227661e-02
-1.962889218702912331e-03
-4.774759709835052490e-02
-2.898139320313930511e-02
-5.125151947140693665e-02
6.780605763196945190e-02
-2.163156308233737946e-02
1.012296322733163834e-02
2.022772282361984253e-02
-1.425387244671583176e-02
-7.234749384224414825e-03
4.567492008209228516e-02
1.518052536994218826e-02
8.764269202947616577e-02
-3.202666342258453369e-02
3.900879248976707458e-02
4.777587950229644775e-02
5.457550287246704102e-02
-3.997728694230318069e-03
1.099589187651872635e-02
-2.026938600465655327e-03
5.041880905628204346e-02
-1.005425304174423218e-02
6.468315422534942627e-02
2.968326210975646973e-02
-7.849497348070144653e-02
-5.975787341594696045e-02
2.572784386575222015e-02
1.531876996159553528e-02
-1.483000442385673523e-02
5.344563722610473633e-02
4.599165916442871094e-02
-6.615817081183195114e-03
8.655369281768798828e-03
8.554571121931076050e-02
-1.989483274519443512e-02
-2.601420693099498749e-02
2.391308546066284180e-02
-6.757785379886627197e-02
-6.950293201953172684e-03
2.996096014976501465e-02
-2.576074190437793732e-02
8.748444914817810059e-02
-4.770223796367645264e-02
-1.828869432210922241e-02
8.117834222503006458e-04
-8.533666841685771942e-03
1.757086371071636677e-03
2.499427087604999542e-02
-1.234236638993024826e-02
-1.167519483715295792e-03
-7.140051573514938354e-02
9.214732795953750610e-02
-8.595283329486846924e-02
-5.508278682827949524e-02
3.852162510156631470e-02
5.350534617900848389e-02
8.726017922163009644e-02
3.444361034780740738e-03
4.025379195809364319e-02
-9.243597835302352905e-02
-8.023922890424728394e-02
8.292765915393829346e-02
-2.625929191708564758e-02
3.657202795147895813e-02
-2.139902673661708832e-02
-7.616350799798965454e-02
-9.874831885099411011e-03
1.369993481785058975e-02
-7.463842630386352539e-03
1.671036891639232635e-02
4.952739551663398743e-02
3.875717893242835999e-02
-7.526386529207229614e-02
-5.680266395211219788e-02
2.491953782737255096e-03
-3.184104338288307190e-02
1.266208942979574203e-02
-4.207347054034471512e-03
-6.409302353858947754e-02
1.565251848660409451e-03
-9.175243228673934937e-02
4.057180508971214294e-02
1.786790043115615845e-02
-8.713278919458389282e-03
-5.712495651096105576e-03
2.139738947153091431e-02
-2.783424407243728638e-02
-7.572713308036327362e-03
-3.166939318180084229e-02
1.470748428255319595e-02
-5.646712705492973328e-02
-6.314631318673491478e-04
-9.074925445020198822e-03
3.264683485031127930e-02
2.321354672312736511e-02
1.329573709517717361e-02
8.056551218032836914e-03
-3.803544491529464722e-02
-2.440154552459716797e-03
-3.152506053447723389e-02
7.556482404470443726e-02
-1.026467159390449524e-01
-7.143326103687286377e-03
1.045509893447160721e-02
-2.294188179075717926e-02
-3.632536903023719788e-02
3.179660066962242126e-02
-5.262899026274681091e-02
1.128710899502038956e-02
-5.524453148245811462e-02
4.070033878087997437e-02
4.831832647323608398e-02
1.232149917632341385e-02
-2.976176701486110687e-02
-2.584915794432163239e-02
4.722039401531219482e-02
-1.633965037763118744e-02
-1.058540269732475281e-01
4.472540691494941711e-02
6.040979549288749695e-02
-4.923561960458755493e-02
-6.434373557567596436e-02
1.105862203985452652e-02
1.709203980863094330e-02
7.804424315690994263e-02
-1.238043233752250671e-02
-2.362055890262126923e-02
-7.248694077134132385e-03
-2.475889772176742554e-02
-6.534125655889511108e-02
-4.086907207965850830e-02
-1.069304626435041428e-02
-4.535864293575286865e-02
-9.601402096450328827e-03
6.624534726142883301e-03
8.550767600536346436e-02
-3.874965757131576538e-02
1.040046010166406631e-02
1.159444078803062439e-02
-8.641944080591201782e-02
6.659635901451110840e-02
-7.281604409217834473e-02
-5.576010048389434814e-02
7.969045080244541168e-03
-8.301742374897003174e-03
-1.898567005991935730e-02
2.838175930082798004e-02
-5.124356597661972046e-02
2.634880505502223969e-02
1.562254503369331360e-02
-1.497271377593278885e-02
-2.872972004115581512e-02
1.929085329174995422e-02
-2.564810588955879211e-02
-7.629683241248130798e-03
-3.815347328782081604e-02
5.481664091348648071e-02
9.798265527933835983e-04
-5.346232280135154724e-02
6.696267426013946533e-02
4.527517035603523254e-02
6.447004526853561401e-02
6.440209597349166870e-02
-6.482212245464324951e-02
3.212491050362586975e-02
2.410922758281230927e-02
1.569399423897266388e-02
1.321014482527971268e-02
-1.869416981935501099e-02
1.279920246452093124e-02
4.560476168990135193e-02
1.028535515069961548e-02
5.497577041387557983e-02
3.463067114353179932e-02
2.533842250704765320e-02
3.644329681992530823e-02
-2.241655718535184860e-03
1.299318671226501465e-01
-2.319090999662876129e-02
-7.215433567762374878e-02
-4.559864848852157593e-02
1.708991080522537231e-02
-3.910213708877563477e-04
2.835356630384922028e-02
5.929459631443023682e-02
4.204386845231056213e-02
-5.589304957538843155e-03
-2.478950656950473785e-02
-6.922096759080886841e-02
-4.592789337038993835e-02
2.673375420272350311e-02
3.517439961433410645e-02
-5.457528680562973022e-02
-5.901652574539184570e-02
6.529914587736129761e-02
-2.150865271687507629e-02
7.088752090930938721e-02
-4.905034229159355164e-02
-9.388449788093566895e-02
-4.751562606543302536e-03
3.493171557784080505e-02
2.248630300164222717e-02
-5.690258368849754333e-02
3.453754261136054993e-02
1.424407958984375000e-02
-4.676133021712303162e-02
3.939986228942871094e-02
-2.287459932267665863e-02
-5.517343059182167053e-02
8.158788084983825684e-02
5.432451888918876648e-02
5.245341919362545013e-03
5.149782821536064148e-02
3.437630087137222290e-02
-2.482210285961627960e-02
2.419212460517883301e-02
5.762964487075805664e-03
3.363566473126411438e-02
-6.419406831264495850e-02
1.089939177036285400e-01
-1.895979978144168854e-02
-3.346537938341498375e-03
-5.069108214229345322e-03
-3.027941659092903137e-02
-5.397905409336090088e-02
2.078177407383918762e-02
-3.125675022602081299e-02
4.309528321027755737e-02
1.532335020601749420e-02
-9.565515816211700439e-02
-5.679481849074363708e-02
-8.748459070920944214e-02
1.042723003774881363e-02
-5.223595071583986282e-04
-1.093591898679733276e-01
-3.122079931199550629e-02
1.847215741872787476e-02
5.313210189342498779e-02
-4.590891301631927490e-02
4.835501685738563538e-02
2.153575606644153595e-02
1.354105770587921143e-02
-3.731963410973548889e-02
-4.164002835750579834e-02
-6.021253764629364014e-02
-4.768664482980966568e-03
7.425808161497116089e-02
2.482100098859518766e-04
6.468824297189712524e-02
-5.907930899411439896e-03
-1.696919277310371399e-02
1.197455916553735733e-02
7.458034157752990723e-02
-4.541828855872154236e-02
-7.379850000143051147e-02
3.047315590083599091e-02
2.622174099087715149e-02
2.292872592806816101e-02
-1.106154918670654297e-02
-1.688890904188156128e-02
-3.677956759929656982e-02
-4.521763697266578674e-02
2.450100332498550415e-02
8.717849105596542358e-02
-8.436639606952667236e-02
-1.665665954351425171e-02
5.450914613902568817e-03
-2.828453294932842255e-02
-3.909010067582130432e-02
7.057103514671325684e-02
-3.946135938167572021e-02
1.094957813620567322e-01
6.655330955982208252e-02
-2.221763134002685547e-02
-6.085719168186187744e-02
-1.071519590914249420e-02
5.110820382833480835e-02
3.443066030740737915e-02
-4.104575887322425842e-02
1.492519956082105637e-02
1.208890695124864578e-02
4.920457024127244949e-03
5.586171150207519531e-02
7.938485592603683472e-02
1.027112677693367004e-01
-3.857614099979400635e-02
-5.459115374833345413e-03
-3.237900882959365845e-02
-3.718545660376548767e-02
-3.745381021872162819e-03
1.873890124261379242e-02
3.531394898891448975e-02
7.617901265621185303e-02
2.921167761087417603e-02
-6.066936254501342773e-02
1.262681279331445694e-02
2.190748415887355804e-02
-3.256726311519742012e-03
-2.235332736745476723e-03
-9.249720722436904907e-02
5.827292799949645996e-03
8.612671494483947754e-02
6.726160645484924316e-02
-8.567846566438674927e-02
-2.041873149573802948e-02
-1.865828223526477814e-02
-5.005832016468048096e-02
5.785074457526206970e-02
4.573671519756317139e-02
-1.179124973714351654e-02
1.898830942809581757e-02
-3.252093493938446045e-02
1.006474159657955170e-02
4.403015598654747009e-02
4.792842641472816467e-02
2.390906400978565216e-02
1.464525982737541199e-02
3.191938996315002441e-02
1.475167833268642426e-02
-2.875418774783611298e-02
1.877801865339279175e-02
2.804756350815296173e-02
-2.229033596813678741e-02
-4.225454106926918030e-02
7.690918445587158203e-02
8.259028196334838867e-03
1.292664650827646255e-02
2.863747440278530121e-02
-9.446330368518829346e-02
6.077519804239273071e-02
1.225279644131660461e-01
1.736807450652122498e-02
5.806658416986465454e-02
5.997876822948455811e-02
7.485007494688034058e-02
-1.044370699673891068e-02
-3.187245875597000122e-02
-4.717246443033218384e-02
-5.362642183899879456e-02
-9.610907174646854401e-03
5.410268157720565796e-02
8.095118403434753418e-02
-6.406727433204650879e-02
-5.048492178320884705e-02
-2.677131257951259613e-02
-3.438828513026237488e-02
9.005216509103775024e-02
-1.385865733027458191e-02
-4.510302469134330750e-02
4.851431027054786682e-02
2.057714201509952545e-02
-2.159558422863483429e-02
-7.263886742293834686e-03
-3.416492789983749390e-02
1.720471307635307312e-02
-2.720737271010875702e-02
-6.742051243782043457e-02
3.293097391724586487e-02
1.346736447885632515e-03
-1.071742968633770943e-03
8.842561393976211548e-02
-3.804713487625122070e-02
-2.525516040623188019e-02
-3.602997865527868271e-03
-1.669996790587902069e-02
-5.421791225671768188e-02
-1.559755299240350723e-02
2.151099778711795807e-02
-8.474644273519515991e-03
-4.192316904664039612e-02
-3.755053505301475525e-02
1.013388633728027344e-01
7.773597538471221924e-02
-7.141503691673278809e-02
-5.358720943331718445e-02
7.673627114854753017e-04
4.953965917229652405e-02
-1.041254997253417969e-01
7.611759752035140991e-02
-2.614244259893894196e-02
5.079453065991401672e-02
-3.490141406655311584e-02
-5.841563642024993896e-02
3.810891136527061462e-02
5.836926400661468506e-02
5.380560178309679031e-03
1.308571249246597290e-01
-6.464347243309020996e-02
1.062050610780715942e-01
7.055202871561050415e-02
-7.467486709356307983e-02
3.921975940465927124e-02
-5.128696933388710022e-02
1.433042623102664948e-02
2.110927551984786987e-02
3.484626486897468567e-02
-1.025703400373458862e-01
2.900729421526193619e-03
2.285918407142162323e-02
6.130605936050415039e-02
-6.166854873299598694e-02
-1.088808872736990452e-03
-8.197595179080963135e-02
3.266286477446556091e-02
8.264306187629699707e-02
4.191402345895767212e-02
3.586041182279586792e-02
1.608343608677387238e-02
-1.136690471321344376e-02
-3.102775663137435913e-02
-1.202110573649406433e-01
6.469998508691787720e-02
-8.265701122581958771e-03
-7.877791672945022583e-02
8.769979700446128845e-03
1.532808039337396622e-02
-3.398083522915840149e-02
-3.575724735856056213e-02
-7.315374445170164108e-03
5.304116383194923401e-02
8.328032493591308594e-02
4.227745532989501953e-02
4.773545637726783752e-02
2.572567574679851532e-02
-7.140003889799118042e-02
-3.420314565300941467e-02
-5.300273746252059937e-02
-5.382656678557395935e-02
3.567385429050773382e-04
2.828393504023551941e-02
-9.618964046239852905e-03
3.788837045431137085e-02
4.581793397665023804e-02
4.611430317163467407e-02
-9.462529793381690979e-03
3.149308962747454643e-03
2.007624600082635880e-03
-1.781877875328063965e-02
