-4.854719713330268860e-02
1.503332611173391342e-02
-7.309675216674804688e-02
-3.280388936400413513e-02
6.602412462234497070e-02
-5.463165044784545898e-02
-2.766022644937038422e-02
6.800871342420578003e-02
1.221412140876054764e-02
1.125433202832937241e-02
6.355120986700057983e-02
-2.559176273643970490e-02
1.111848745495080948e-03
4.266681522130966187e-02
1.445166859775781631e-02
2.160995453596115112e-02
1.086710114032030106e-02
-1.039718911051750183e-01
6.130292266607284546e-02
2.766066230833530426e-02
-1.008816715329885483e-02
3.115525655448436737e-02
-6.163078919053077698e-02
-7.429527118802070618e-03
7.717051077634096146e-03
-2.839617803692817688e-02
1.237095054239034653e-02
3.006008081138134003e-02
3.694980219006538391e-02
2.525200694799423218e-02
-5.579849332571029663e-02
-3.457069396972656250e-02
-1.366914808750152588e-02
1.151724159717559814e-02
-3.166874870657920837e-02
-2.231877483427524567e-02
5.064618214964866638e-02
4.493418091442435980e-04
6.492493301630020142e-02
3.020997717976570129e-02
9.462761133909225464e-02
6.487682461738586426e-02
-8.790820091962814331e-02
-6.459211558103561401e-02
7.859743386507034302e-02
-3.339385613799095154e-02
-3.028301522135734558e-02
-6.741873919963836670e-02
-4.702427238225936890e-02
-5.796312168240547180e-02
-2.240575151517987251e-03
9.336921572685241699e-02
-2.071903087198734283e-02
-1.126541849225759506e-02
3.840833529829978943e-02
4.281912371516227722e-02
-2.464869432151317596e-02
-5.002048239111900330e-02
3.358118608593940735e-02
-6.579536199569702148e-02
-2.142389304935932159e-02
3.190181031823158264e-02
-4.862491041421890259e-02
1.020068675279617310e-01
5.009011924266815186e-02
-1.193940918892621994e-02
3.101320937275886536e-02
-5.580219253897666931e-02
2.054766565561294556e-02
1.600608415901660919e-02
-7.051608711481094360e-02
4.153824970126152039e-02
-4.597558826208114624e-02
-2.511288411915302277e-02
-7.495773583650588989e-02
3.859565034508705139e-02
-2.129042893648147583e-02
4.493383318185806274e-02
-1.640785485506057739e-02
-8.523900061845779419e-02
-1.261888816952705383e-02
7.569351792335510254e-02
-1.477494835853576660e-02
-8.947901427745819092e-03
-4.984079673886299133e-02
-9.391637146472930908e-02
-1.606458798050880432e-02
-5.903332028537988663e-03
-6.763718277215957642e-02
-2.281258814036846161e-02
-7.176135201007127762e-03
3.547284379601478577e-02
1.314384024590253830e-02
-5.967168253846466541e-04
-3.618890047073364258e-02
-2.190701477229595184e-02
-1.524006482213735580e-02
-2.741076983511447906e-02
5.755596235394477844e-02
-3.736337879672646523e-03
7.342591881752014160e-03
5.211931839585304260e-02
-1.018647197633981705e-02
-2.177188359200954437e-02
5.713773891329765320e-02
6.750912219285964966e-02
-3.957097232341766357e-02
7.696367055177688599e-02
-8.521312847733497620e-03
-3.150955587625503540e-02
-3.292946889996528625e-02
-2.793900482356548309e-02
-5.850491300225257874e-02
-2.840867824852466583e-02
-2.260988345369696617e-03
4.670063033699989319e-02
-2.059264667332172394e-02
1.421570479869842529e-01
2.071598730981349945e-02
-5.948284640908241272e-03
-7.889231666922569275e-03
7.428693026304244995e-02
-5.591618642210960388e-02
-4.751604422926902771e-02
4.933416843414306641e-03
5.959150940179824829e-02
-4.039078950881958008e-02
3.535937145352363586e-02
2.032415382564067841e-02
-2.808802202343940735e-02
-2.319557219743728638e-02
2.812595292925834656e-02
2.637677267193794250e-02
-3.690545260906219482e-02
2.601258829236030579e-02
1.737111620604991913e-02
4.213218763470649719e-02
-1.603134162724018097e-02
2.944021858274936676e-02
-3.969528898596763611e-02
-3.198214992880821228e-02
4.064336046576499939e-02
3.026344254612922668e-02
-4.837967082858085632e-02
5.550825223326683044e-02
-8.471314609050750732e-02
-1.401432976126670837e-02
9.793930687010288239e-03
3.379769623279571533e-02
6.795828044414520264e-02
-3.146446868777275085e-02
-6.075628101825714111e-02
6.298910826444625854e-02
-5.737873166799545288e-02
-4.847371485084295273e-03
1.974084414541721344e-03
-4.253921564668416977e-03
-9.575528651475906372e-02
-1.053083501756191254e-02
1.005639955401420593e-01
-1.403737626969814301e-02
3.063497133553028107e-03
1.016782820224761963e-01
7.363528758287429810e-02
3.674873709678649902e-02
-8.542757481336593628e-02
5.928058549761772156e-02
-1.142027415335178375e-02
1.584668643772602081e-02
5.188069771975278854e-04
2.097788453102111816e-02
-4.230863228440284729e-02
2.365963533520698547e-02
5.629381164908409119e-02
1.105650607496500015e-02
-3.541871160268783569e-02
-2.554921619594097137e-02
-1.248361263424158096e-02
6.727200932800769806e-03
1.629902515560388565e-03
-2.679559774696826935e-02
-2.924248576164245605e-02
-1.489948830567300320e-03
1.971062459051609039e-02
-8.385353535413742065e-02
3.324282541871070862e-02
-1.234091445803642273e-02
1.699941116385161877e-03
1.692542247474193573e-02
1.007921174168586731e-01
-6.452860683202743530e-02
-6.631413102149963379e-02
6.597478408366441727e-03
4.400632902979850769e-02
-5.705374106764793396e-02
-1.021589245647192001e-02
-4.493053257465362549e-02
9.953752160072326660e-04
4.442919790744781494e-02
3.511594235897064209e-02
2.213289588689804077e-02
-3.434789180755615234e-02
-4.194077476859092712e-02
-6.143305078148841858e-02
5.920732510276138783e-04
1.115558389574289322e-02
1.634261803701519966e-03
8.897700905799865723e-02
6.121344864368438721e-02
-3.756646811962127686e-02
-1.668711192905902863e-02
1.028297841548919678e-01
-6.516118068248033524e-03
-2.201306633651256561e-02
1.025065872818231583e-02
-3.673227736726403236e-03
1.127121131867170334e-02
1.871401071548461914e-02
6.742589920759201050e-02
-6.425679195672273636e-03
2.331484667956829071e-02
-2.901593036949634552e-02
4.077691212296485901e-02
1.746302284300327301e-02
-3.653892502188682556e-02
-8.290957659482955933e-03
-4.690434783697128296e-02
-2.192776277661323547e-02
4.498201422393321991e-03
1.470255944877862930e-02
-1.061581168323755264e-02
5.050321668386459351e-02
3.731356561183929443e-02
5.821762233972549438e-02
-3.061664849519729614e-02
-3.430487215518951416e-02
-9.840407222509384155e-02
5.712934955954551697e-02
-4.365372657775878906e-02
3.933220729231834412e-02
6.441713124513626099e-02
-1.063576526939868927e-02
-2.816139534115791321e-02
-1.019513830542564392e-01
7.572545204311609268e-03
-2.239128109067678452e-03
1.590369269251823425e-02
-1.447036862373352051e-03
-5.299957096576690674e-02
1.406601518392562866e-01
1.527000567875802517e-03
-4.452835302799940109e-03
8.585641160607337952e-03
3.186738863587379456e-02
-9.840791672468185425e-02
5.196827463805675507e-03
3.150546923279762268e-02
6.362741696648299694e-04
4.549434036016464233e-02
3.281253576278686523e-02
-5.167191848158836365e-02
4.728388786315917969e-02
5.750362575054168701e-02
-3.818457201123237610e-02
-1.119950413703918457e-02
-4.514799639582633972e-02
-5.710707977414131165e-02
1.420949678868055344e-02
8.421644568443298340e-02
1.126157566905021667e-01
4.560085944831371307e-03
1.949472352862358093e-02
8.462177589535713196e-03
7.015429437160491943e-02
5.778050050139427185e-02
3.265627846121788025e-02
3.108201175928115845e-02
-5.454161018133163452e-02
-3.762099891901016235e-02
2.570140175521373749e-02
1.919978670775890350e-02
-6.123063503764569759e-04
9.775000065565109253e-02
-9.857237339019775391e-02
2.096654660999774933e-02
4.579642787575721741e-03
-1.216883864253759384e-02
-6.287652999162673950e-02
4.711450263857841492e-02
-1.210861001163721085e-02
-5.344201251864433289e-02
5.982923507690429688e-02
-8.704310283064842224e-03
3.849077224731445312e-02
-4.585883393883705139e-02
-6.067291274666786194e-02
1.816868223249912262e-02
-1.861584745347499847e-02
-5.253197159618139267e-03
1.245546340942382812e-01
8.947453647851943970e-02
-2.416086383163928986e-02
2.244540862739086151e-02
-6.275255978107452393e-02
5.044193565845489502e-02
-1.795925386250019073e-02
-1.279373094439506531e-02
-1.408129278570413589e-02
-8.017658442258834839e-02
-5.905626807361841202e-03
-3.391847759485244751e-02
9.220934659242630005e-02
-2.828769758343696594e-02
-7.082209736108779907e-02
-1.814229041337966919e-02
2.868849039077758789e-02
4.117602109909057617e-02
6.444070488214492798e-02
1.605978794395923615e-02
1.700916700065135956e-02
-7.947147637605667114e-02
-5.037453025579452515e-02
1.386327948421239853e-02
5.347727611660957336e-02
2.388206310570240021e-03
4.283197969198226929e-02
-4.168440401554107666e-02
-4.975421726703643799e-02
-2.154940180480480194e-02
-1.421401463449001312e-02
-4.934510961174964905e-02
-2.599033154547214508e-02
-7.141948491334915161e-02
-1.006407570093870163e-02
6.318745017051696777e-02
1.461770292371511459e-02
1.988090202212333679e-02
5.028411746025085449e-03
-2.235238812863826752e-02
1.297571137547492981e-02
7.567327469587326050e-02
5.780843086540699005e-03
4.877790436148643494e-02
-5.650521442294120789e-02
-4.429497197270393372e-02
8.632445335388183594e-02
-2.327747410163283348e-03
-5.081121996045112610e-02
1.024917885661125183e-01
-5.480867624282836914e-02
-5.307414103299379349e-04
6.389762740582227707e-03
-2.834544889628887177e-02
-9.096713364124298096e-02
1.302291359752416611e-02
-9.366967715322971344e-03
-5.983520764857530594e-03
1.544134691357612610e-02
2.486333996057510376e-02
2.732831053435802460e-02
1.789779774844646454e-02
8.106306940317153931e-02
-3.234299132600426674e-03
-1.968594640493392944e-02
-6.062423810362815857e-02
2.148088812828063965e-02
1.768219470977783203e-02
-1.326594315469264984e-02
-3.399436548352241516e-02
3.266094997525215149e-02
2.945181913673877716e-02
1.168315764516592026e-02
-2.732179872691631317e-02
-6.041591055691242218e-03
3.020057640969753265e-02
-8.625470101833343506e-03
-5.481302738189697266e-02
2.972471714019775391e-02
-2.419286221265792847e-02
-5.225689616054296494e-03
2.270067483186721802e-02
-3.630344569683074951e-02
1.295561157166957855e-02
-6.367977475747466087e-04
3.680943045765161514e-03
-1.654884591698646545e-02
-1.620482304133474827e-03
5.483179911971092224e-02
-5.034536123275756836e-02
-1.397669408470392227e-02
1.422478351742029190e-03
-9.903563186526298523e-03
-2.841331809759140015e-02
1.021894961595535278e-01
-3.274272382259368896e-02
8.013107627630233765e-02
4.205683618783950806e-02
3.364519507158547640e-04
-7.628218829631805420e-02
-3.697740659117698669e-02
-2.022176980972290039e-03
5.976842716336250305e-02
5.348923057317733765e-02
-4.496853426098823547e-02
-5.254273116588592529e-02
-3.091705963015556335e-02
-5.903158336877822876e-02
-7.556726783514022827e-02
-1.216234266757965088e-02
3.142751753330230713e-02
-1.689858920872211456e-02
-8.111173659563064575e-02
-3.850013390183448792e-02
3.648769855499267578e-02
-3.726273775100708008e-02
-1.749937236309051514e-02
-7.189987599849700928e-02
-7.908666133880615234e-02
7.156066130846738815e-03
1.200726069509983063e-02
3.652256354689598083e-02
5.022001266479492188e-02
-5.144878476858139038e-02
-4.190234467387199402e-03
-3.297875821590423584e-02
-7.622963935136795044e-02
4.775434732437133789e-03
7.432135939598083496e-02
-2.833513543009757996e-02
7.446933537721633911e-02
-8.685935288667678833e-02
8.246614784002304077e-02
4.986383765935897827e-02
-7.521185278892517090e-02
1.006025169044733047e-02
-4.045889899134635925e-02
1.877439022064208984e-02
-3.795833792537450790e-03
-2.874690294265747070e-02
9.855591692030429840e-03
-6.585836876183748245e-03
4.522463306784629822e-02
6.693570315837860107e-02
6.279163807630538940e-02
3.692978993058204651e-02
7.174756377935409546e-02
-2.037103287875652313e-02
2.482930943369865417e-02
7.414052635431289673e-02
-4.650691896677017212e-02
-9.279263205826282501e-03
-8.542068302631378174e-02
3.571527823805809021e-02
4.770724847912788391e-02
-5.130002275109291077e-02
-4.215430468320846558e-02
3.031450323760509491e-03
6.486442871391773224e-03
1.213524341583251953e-01
3.434140980243682861e-02
-2.334191836416721344e-02
-2.854902110993862152e-02
-2.061587758362293243e-03
-7.477804273366928101e-02
3.080117516219615936e-02
3.608606010675430298e-02
5.146993789821863174e-03
6.874929647892713547e-03
-3.967266157269477844e-02
-1.835028268396854401e-02
3.348623588681221008e-02
2.150299027562141418e-02
-2.683086507022380829e-02
-1.501411758363246918e-02
-3.134308755397796631e-02
-1.288149356842041016e-01
-1.016437560319900513e-01
-4.689043387770652771e-02
6.604770570993423462e-02
-4.255147278308868408e-02
-1.320834085345268250e-02
1.214322168380022049e-02
-3.539592400193214417e-02
4.687356948852539062e-02
-7.832111441530287266e-04
5.273314937949180603e-02
-2.919700741767883301e-02
5.162172392010688782e-02
-1.400059461593627930e-01
-4.852926731109619141e-02
-5.467201396822929382e-02
3.692057356238365173e-02
7.767259329557418823e-02
-3.187481313943862915e-02
-1.896259374916553497e-02
8.705509454011917114e-02
-8.957213163375854492e-02
-5.212010070681571960e-02
-3.611793741583824158e-02
2.343607135117053986e-03
9.512724354863166809e-03
-3.723843488842248917e-03
-3.689609840512275696e-02
-1.384365651756525040e-02
-2.817007154226303101e-02
7.115369662642478943e-03
-2.938496507704257965e-02
-3.266332298517227173e-02
-4.806272685527801514e-02
-4.694481939077377319e-02
-2.518490143120288849e-02
-6.425596773624420166e-02
1.393964737653732300e-01
4.733941704034805298e-02
-6.468414515256881714e-02
-6.283655762672424316e-02
5.184736475348472595e-02
-5.861340835690498352e-02
2.689803205430507660e-02
2.389817871153354645e-02
1.352505944669246674e-02
-5.103937163949012756e-02
4.551069438457489014e-02
1.934098638594150543e-02
-1.517424080520868301e-02
8.783757686614990234e-03
3.292429074645042419e-02
2.576281502842903137e-02
8.370541781187057495e-02
2.848545834422111511e-02
2.749281236901879311e-03
-3.750793635845184326e-02
5.334583297371864319e-02
-2.830978669226169586e-02
-1.234486047178506851e-02
7.106958329677581787e-02
-8.182331174612045288e-02
-3.951883316040039062e-02
-3.896409273147583008e-02
-2.573127858340740204e-02
4.899210855364799500e-02
3.728026640601456165e-04
-2.732199989259243011e-02
-3.901851363480091095e-03
-1.821504411054775119e-04
-5.518051609396934509e-02
7.459732890129089355e-02
-8.041068911552429199e-02
7.187390327453613281e-02
3.245516493916511536e-02
-5.105519667267799377e-02
1.111918166279792786e-01
1.777032949030399323e-02
-1.385628565913066268e-04
2.808181336149573326e-03
2.047335915267467499e-02
-1.996634155511856079e-02
2.898983471095561981e-02
-1.192860901355743408e-01
-1.405358873307704926e-02
-1.799324341118335724e-02
3.840827196836471558e-02
-6.567556411027908325e-02
4.192135110497474670e-02
1.263979077339172363e-01
-5.751657485961914062e-02
-6.716254167258739471e-03
3.674648702144622803e-02
-3.663991019129753113e-02
-4.711348190903663635e-02
2.325198240578174591e-02
-2.528583444654941559e-02
3.896399959921836853e-02
2.432500757277011871e-02
6.988830119371414185e-02
-4.542759433388710022e-02
-2.786831930279731750e-02
5.937349796295166016e-02
8.347167819738388062e-02
5.537785217165946960e-02
1.454583555459976196e-01
-3.590774163603782654e-02
5.668389424681663513e-02
-2.295197732746601105e-02
9.151697158813476562e-02
-6.983961444348096848e-03
-6.127175875008106232e-03
-3.959495201706886292e-02
4.099116474390029907e-02
-7.848572917282581329e-03
-1.247923821210861206e-01
-2.546672336757183075e-02
-1.322155632078647614e-02
6.203981861472129822e-02
-1.455620769411325455e-02
-2.566026058048009872e-03
-3.639802709221839905e-02
-2.880767732858657837e-02
2.492183633148670197e-02
-6.789637356996536255e-02
9.307164698839187622e-03
-1.915873400866985321e-02
2.795494161546230316e-02
-3.501120954751968384e-02
-5.695102154277265072e-04
-1.164745353162288666e-02
6.009543314576148987e-02
5.255945026874542236e-03
1.411528978496789932e-02
-4.494285956025123596e-02
6.995684653520584106e-02
3.022888861596584320e-02
6.413149647414684296e-03
2.196979895234107971e-02
-7.703138142824172974e-02
2.324367314577102661e-02
-6.411033123731613159e-02
-1.012508943676948547e-01
1.151393577456474304e-01
-2.028533630073070526e-02
6.704870611429214478e-02
-1.721665449440479279e-02
-2.612732537090778351e-02
-9.052937477827072144e-02
1.815903745591640472e-02
-1.298487186431884766e-04
6.000421196222305298e-02
-3.468619659543037415e-02
-4.596588760614395142e-02
-6.597583997063338757e-04
4.984637722373008728e-02
6.391880661249160767e-02
5.875960364937782288e-02
1.929683052003383636e-02
7.005882449448108673e-03
3.086404874920845032e-02
3.872883319854736328e-02
7.683387398719787598e-02
-5.908943340182304382e-02
1.394747989252209663e-03
3.117729537189006805e-02
-5.865582451224327087e-02
5.145504325628280640e-02
-6.064872443675994873e-02
2.578254230320453644e-02
-3.990666940808296204e-02
-2.944913506507873535e-02
5.110914632678031921e-02
1.886145584285259247e-02
-5.337173119187355042e-02
-2.259454131126403809e-02
-2.877856418490409851e-02
-4.624060168862342834e-02
-1.675416529178619385e-02
-5.567452684044837952e-02
-2.996565308421850204e-03
8.307863771915435791e-02
-2.316750958561897278e-02
-1.279899477958679199e-02
7.495747506618499756e-02
-4.145376756787300110e-02
7.511896640062332153e-02
-3.248979896306991577e-02
-1.028374135494232178e-01
-5.791732575744390488e-03
-4.594881832599639893e-02
2.487973123788833618e-02
5.968610942363739014e-02
1.477280748076736927e-03
-5.853050947189331055e-02
6.120755895972251892e-02
5.610124766826629639e-02
2.367628179490566254e-02
-1.147380843758583069e-02
5.405795946717262268e-02
8.003187924623489380e-02
-2.399810031056404114e-02
1.417319872416555882e-03
-1.704206503927707672e-02
-7.749050389975309372e-03
-2.836949750781059265e-02
4.616942256689071655e-03
-3.467428684234619141e-02
2.507138065993785858e-02
8.789840154349803925e-03
3.144858032464981079e-02
3.458667173981666565e-02
1.828039251267910004e-02
7.852099835872650146e-02
-2.282281965017318726e-02
-3.421395272016525269e-02
-4.586417973041534424e-02
6.409560889005661011e-02
1.056778430938720703e-02
-1.104669366031885147e-02
7.892458885908126831e-02
5.541827902197837830e-02
-1.486190035939216614e-02
2.193016745150089264e-02
-1.391909923404455185e-02
5.604729428887367249e-02
2.761334180831909180e-02
1.350581198930740356e-01
3.385707363486289978e-02
-9.408726543188095093e-02
-7.079826318658888340e-04
6.079473346471786499e-02
-8.741536736488342285e-02
3.644315293058753014e-03
-8.700488507747650146e-02
-8.555278182029724121e-02
-7.161121815443038940e-02
-2.288699336349964142e-02
-1.298844534903764725e-02
6.306951493024826050e-02
-1.037912629544734955e-02
4.416334629058837891e-02
-1.381929125636816025e-02
-7.667227834463119507e-02
-8.274340629577636719e-02
-1.670975051820278168e-02
1.876939646899700165e-02
-2.142043225467205048e-02
8.163952827453613281e-02
2.330759353935718536e-02
1.912619546055793762e-02
2.834478579461574554e-02
-6.639667320996522903e-03
7.419401407241821289e-02
3.019122593104839325e-02
6.208555772900581360e-02
-1.241303887218236923e-02
4.372574388980865479e-02
-5.919174104928970337e-02
1.255658641457557678e-02
4.192797094583511353e-02
-3.191411495208740234e-02
-5.458358302712440491e-02
-1.285108085721731186e-02
9.963376075029373169e-02
2.510531060397624969e-02
4.328902438282966614e-02
-5.854145064949989319e-02
4.201784357428550720e-02
2.518274821341037750e-02
3.155268356204032898e-02
5.526427924633026123e-02
2.637691609561443329e-02
1.783573441207408905e-02
-1.131262443959712982e-02
-5.227498710155487061e-02
-1.558066997677087784e-02
4.799787700176239014e-02
-1.828555017709732056e-02
2.567430213093757629e-02
-3.822828829288482666e-02
3.878134489059448242e-02
-2.234236150979995728e-02
-8.309566974639892578e-02
3.363162977620959282e-03
2.824201062321662903e-02
1.378372963517904282e-02
3.378282859921455383e-02
-3.126674890518188477e-02
-6.387156248092651367e-02
-2.532035671174526215e-02
9.794029593467712402e-02
-4.516832530498504639e-02
6.855482351966202259e-04
1.034858915954828262e-02
4.253425821661949158e-02
1.180464518256485462e-03
6.065888702869415283e-02
5.056345090270042419e-02
-7.497182488441467285e-02
8.311847341246902943e-04
-8.395638316869735718e-03
3.458119556307792664e-02
-4.399520158767700195e-02
5.985683575272560120e-02
1.317363977432250977e-02
-2.541651017963886261e-02
9.374558925628662109e-03
7.674657553434371948e-02
1.276795659214258194e-02
1.665001618675887585e-04
-2.823245711624622345e-02
5.116981267929077148e-02
1.347546372562646866e-02
7.546169310808181763e-02
-6.270095705986022949e-02
-5.490751564502716064e-02
-4.663636907935142517e-02
6.029925122857093811e-02
-6.649699062108993530e-02
-3.061593137681484222e-02
-2.765036188066005707e-02
1.816023839637637138e-03
5.098988860845565796e-02
2.734812349081039429e-02
-8.219323307275772095e-02
8.475217968225479126e-03
4.052695259451866150e-02
-3.524659201502799988e-02
6.377141922712326050e-02
6.822971045039594173e-04
1.813527382910251617e-02
-9.713876247406005859e-02
1.872901804745197296e-02
3.029914945363998413e-02
2.415484935045242310e-02
-5.560674704611301422e-03
7.620730251073837280e-02
-2.374699525535106659e-02
3.977957367897033691e-02
1.881771348416805267e-02
-3.442333545535802841e-03
-1.012927517294883728e-01
6.466762721538543701e-02
2.413991279900074005e-02
3.541060537099838257e-02
1.011741068214178085e-02
1.640191674232482910e-02
5.671864748001098633e-02
-7.179608941078186035e-02
3.263202682137489319e-02
-5.836112890392541885e-03
-5.643487349152565002e-02
-6.112292036414146423e-02
-4.151129163801670074e-03
6.204078346490859985e-02
-2.094940841197967529e-02
-2.793798968195915222e-02
1.481509767472743988e-02
8.920384570956230164e-03
9.284343570470809937e-03
5.774708092212677002e-02
2.031711302697658539e-02
1.971087977290153503e-02
-3.434975445270538330e-02
-2.364577725529670715e-02
9.385317564010620117e-03
-3.245448693633079529e-02
-9.204946458339691162e-03
1.560325082391500473e-02
4.339969158172607422e-02
-7.099937647581100464e-02
1.286407466977834702e-02
7.002101093530654907e-02
-7.209849357604980469e-02
-4.558778181672096252e-02
-1.175692752003669739e-01
-6.019330397248268127e-02
1.324676629155874252e-02
-1.186702749691903591e-03
7.623416930437088013e-02
-3.293420001864433289e-02
1.833994872868061066e-02
-1.938840257935225964e-03
3.870984539389610291e-02
-4.001006949692964554e-03
3.022225946187973022e-02
7.425487786531448364e-02
5.698154121637344360e-02
-1.077006850391626358e-02
7.760589569807052612e-02
-6.319171935319900513e-02
-2.331605553627014160e-02
1.159813180565834045e-01
-2.831044048070907593e-02
-5.885110702365636826e-03
3.777221217751502991e-02
9.153919667005538940e-02
3.351362049579620361e-02
-1.349859591573476791e-02
3.913636505603790283e-02
5.101734399795532227e-02
8.056572079658508301e-02
2.024003863334655762e-02
-3.974747657775878906e-02
2.404858916997909546e-02
1.373931765556335449e-02
-3.023609705269336700e-02
-1.803846843540668488e-02
-3.113822825253009796e-02
6.042429432272911072e-02
3.332117944955825806e-02
8.260896801948547363e-02
-1.856779679656028748e-02
-3.479674831032752991e-02
1.872550346888601780e-03
-1.011180505156517029e-02
3.671164438128471375e-02
-9.767952375113964081e-03
-1.188424602150917053e-02
-6.606286019086837769e-02
3.598423302173614502e-02
-1.312681380659341812e-02
3.694478422403335571e-02
6.966180354356765747e-02
-1.274529378861188889e-02
-6.933880597352981567e-02
-5.868714675307273865e-02
4.294511303305625916e-02
-8.921448886394500732e-02
-6.404631305485963821e-03
1.402075216174125671e-02
-4.186761006712913513e-02
-1.746423169970512390e-02
2.938737720251083374e-02
7.636472582817077637e-03
3.187521360814571381e-03
7.971397042274475098e-02
7.266587764024734497e-02
-5.630575586110353470e-03
-4.091352969408035278e-02
-4.974750056862831116e-02
-7.006493397057056427e-03
1.873962394893169403e-02
-6.448776274919509888e-02
4.468414559960365295e-02
4.462523758411407471e-02
1.672618463635444641e-02
9.846548736095428467e-02
-3.556489944458007812e-02
-4.989663511514663696e-02
3.360246121883392334e-02
2.004692144691944122e-02
4.461654275655746460e-02
4.171096719801425934e-03
7.057873997837305069e-03
3.578386083245277405e-02
-4.801915585994720459e-02
-2.174572553485631943e-03
1.193938590586185455e-02
2.410752885043621063e-02
-3.502474725246429443e-02
5.709768459200859070e-02
-2.666901424527168274e-02
5.182580556720495224e-03
2.979844622313976288e-02
-6.459006667137145996e-02
1.722335629165172577e-02
-3.067350946366786957e-02
-4.738626629114151001e-02
-2.044133655726909637e-02
4.732918739318847656e-02
5.734214559197425842e-03
1.146702542901039124e-01
-3.356398642063140869e-02
3.398710489273071289e-02
2.742276340723037720e-02
-9.200020134449005127e-02
-1.594216749072074890e-02
-8.751433342695236206e-02
-1.666046865284442902e-02
1.523021701723337173e-02
5.682111904025077820e-02
-3.232608735561370850e-02
-7.207480072975158691e-02
7.417364418506622314e-02
-5.257873237133026123e-02
5.154816061258316040e-02
-2.619821950793266296e-02
-8.088121563196182251e-02
-2.537140995264053345e-02
-1.834196038544178009e-02
-3.215929865837097168e-02
9.119563736021518707e-03
-9.640862792730331421e-02
-6.985504925251007080e-02
-7.415009289979934692e-02
6.363686919212341309e-02
-1.667457073926925659e-02
5.802290141582489014e-02
2.332948893308639526e-02
5.498067475855350494e-03
-5.971653386950492859e-02
-3.452190384268760681e-02
-8.654397726058959961e-02
2.838885178789496422e-03
-2.228448539972305298e-02
-5.783005151897668839e-03
-3.380069509148597717e-02
-4.621473327279090881e-02
-7.471390068531036377e-02
6.171910837292671204e-02
-7.313866168260574341e-02
5.217000469565391541e-02
-9.982748329639434814e-02
2.934553101658821106e-02
-4.775942489504814148e-02
-5.518350750207901001e-02
-1.659997180104255676e-02
-3.773484379053115845e-02
-2.908298373222351074e-02
-2.487288229167461395e-02
5.439865053631365299e-04
-4.382756724953651428e-02
-3.746530786156654358e-02
-2.736183814704418182e-02
-1.499973516911268234e-02
3.853820962831377983e-03
-8.190863579511642456e-02
5.096614733338356018e-02
-3.591626510024070740e-02
-4.463619738817214966e-02
9.755294770002365112e-03
1.171998586505651474e-02
3.080617077648639679e-02
-4.384596645832061768e-02
7.022086996585130692e-03
-3.554584830999374390e-02
-5.249458178877830505e-02
-1.130172088742256165e-01
1.972200721502304077e-02
2.235769294202327728e-02
-4.615594074130058289e-02
-4.656634107232093811e-02
-5.630385503172874451e-02
8.905855007469654083e-03
2.143198996782302856e-02
4.231478646397590637e-02
-2.354980632662773132e-02
