3.780715633183717728e-04
-8.660636842250823975e-02
-2.652514539659023285e-02
8.074380457401275635e-03
9.900701791048049927e-02
-6.804481893777847290e-02
-5.136872455477714539e-02
5.896535888314247131e-02
-9.769071638584136963e-02
-4.681888967752456665e-03
2.026591077446937561e-02
-2.171434089541435242e-02
-1.698575564660131931e-03
5.146433040499687195e-02
-7.183464616537094116e-02
-1.058445079252123833e-03
-4.437591414898633957e-03
-1.799055002629756927e-02
1.620643772184848785e-02
-1.827026903629302979e-02
-4.208244755864143372e-02
-5.326041579246520996e-02
1.375870499759912491e-02
5.002662166953086853e-02
-4.578037932515144348e-02
4.662018269300460815e-02
3.084004484117031097e-02
1.510377600789070129e-02
4.020418599247932434e-02
-2.067674882709980011e-03
1.206271797418594360e-01
-6.838735938072204590e-02
-7.423020899295806885e-02
1.044776663184165955e-01
6.226367130875587463e-02
2.913218364119529724e-02
-6.447181105613708496e-02
2.735357545316219330e-02
-3.690056502819061279e-02
-1.914020255208015442e-02
-3.595061600208282471e-02
-1.256277202628552914e-03
-8.182958699762821198e-03
9.670273214578628540e-02
2.870665863156318665e-02
-9.982390701770782471e-02
-2.167553082108497620e-02
-9.701984003186225891e-03
5.133080482482910156e-02
-8.783358335494995117e-02
1.066104974597692490e-03
-2.738888561725616455e-02
4.837155342102050781e-02
-4.355724528431892395e-02
8.642154932022094727e-02
1.587574370205402374e-02
3.031324781477451324e-02
-4.787626862525939941e-02
-2.757251262664794922e-02
-5.676441639661788940e-02
-6.729689240455627441e-02
6.331987679004669189e-02
-2.684055641293525696e-02
-8.152492344379425049e-03
2.421994507312774658e-02
-2.364299818873405457e-02
3.014855086803436279e-02
4.590989276766777039e-02
3.263730183243751526e-02
1.385718001984059811e-03
3.314956650137901306e-02
7.287322077900171280e-03
-1.777672767639160156e-02
1.076332014054059982e-02
1.929137483239173889e-02
7.290170341730117798e-02
3.916344046592712402e-02
3.169038891792297363e-02
-3.924856707453727722e-02
7.636278122663497925e-02
1.229080837219953537e-02
3.370942547917366028e-02
-2.181150577962398529e-02
-6.006629019975662231e-02
5.204131454229354858e-02
1.573082432150840759e-02
8.988159894943237305e-02
5.897212028503417969e-02
-3.122911788523197174e-02
-5.304582417011260986e-02
6.849775463342666626e-02
-4.955104552209377289e-03
1.492763962596654892e-02
2.692817710340023041e-02
1.696205511689186096e-02
-1.030026599764823914e-01
-3.657871857285499573e-02
-2.301849424839019775e-02
-5.612730234861373901e-02
-1.672120951116085052e-02
1.292527001351118088e-02
5.923945084214210510e-02
-7.190857548266649246e-03
1.904635503888130188e-02
-7.654708623886108398e-02
-3.012845106422901154e-02
5.296020209789276123e-02
-9.456030093133449554e-03
-1.081834547221660614e-02
-5.991428345441818237e-02
4.940744861960411072e-02
-1.729769445955753326e-02
5.587809532880783081e-02
-1.423699781298637390e-02
-8.271329849958419800e-02
7.262269407510757446e-02
3.381190448999404907e-02
2.081969007849693298e-02
3.700160235166549683e-02
-7.412821799516677856e-02
4.551125317811965942e-02
-5.133985355496406555e-02
-2.392527647316455841e-02
-1.060699969530105591e-01
-2.786619355902075768e-03
-2.822652831673622131e-02
1.135110296308994293e-02
-2.632334455847740173e-02
-4.220957681536674500e-02
2.188727958127856255e-03
2.102166879922151566e-03
-1.963721215724945068e-02
-7.471453398466110229e-02
-1.000787783414125443e-02
-2.027842681854963303e-03
-9.704527258872985840e-02
-4.487730190157890320e-02
-8.911460638046264648e-03
-7.640563417226076126e-03
-5.971450358629226685e-02
-1.890529878437519073e-02
-6.967372726649045944e-03
1.270164549350738525e-01
-3.593572974205017090e-02
1.070831865072250366e-01
2.795318700373172760e-02
-2.797397226095199585e-02
8.675597608089447021e-02
1.570514286868274212e-03
-8.595371618866920471e-03
-4.003677982836961746e-03
-1.191496569663286209e-02
-2.619774080812931061e-02
2.387884445488452911e-02
7.208491861820220947e-02
3.719468414783477783e-02
-4.376776516437530518e-02
1.666885428130626678e-02
-4.003375396132469177e-02
-3.014867380261421204e-02
2.609940990805625916e-02
3.733073174953460693e-02
-5.985661409795284271e-03
-7.039789110422134399e-02
-8.602256886661052704e-03
4.712550342082977295e-02
7.117091119289398193e-02
-5.474488064646720886e-02
-1.092097908258438110e-02
-1.913917250931262970e-02
5.346594378352165222e-02
-4.270476289093494415e-03
-8.177161216735839844e-02
-4.113153554499149323e-03
-9.370101988315582275e-02
2.955216728150844574e-02
5.374878179281949997e-03
-5.547693371772766113e-02
-9.871896356344223022e-02
-1.676686108112335205e-02
3.454391285777091980e-02
4.675402119755744934e-02
3.467430919408798218e-02
2.553088031709194183e-02
-7.031523156911134720e-03
1.832112483680248260e-02
2.150219306349754333e-02
3.134039789438247681e-02
-3.403269872069358826e-02
-6.578625738620758057e-02
1.669768244028091431e-02
-4.785035271197557449e-03
-3.297452256083488464e-02
-5.811958014965057373e-02
4.283263534307479858e-02
-2.359602367505431175e-04
3.798837214708328247e-02
2.370355091989040375e-02
-7.325502485036849976e-02
-5.143155902624130249e-02
-4.969629645347595215e-02
-5.277334898710250854e-02
4.003619402647018433e-02
-3.292947262525558472e-02
-4.390220623463392258e-03
-5.794025212526321411e-02
1.026632562279701233e-01
4.410903528332710266e-02
-4.344006255269050598e-02
1.705770194530487061e-02
-4.475802928209304810e-02
-8.220502175390720367e-03
1.636072248220443726e-02
5.707067623734474182e-02
-9.041549265384674072e-02
8.456934988498687744e-02
-2.448527514934539795e-02
1.864274591207504272e-02
1.267010229639708996e-03
3.821128234267234802e-02
1.965778693556785583e-02
-2.832930348813533783e-02
4.547795653343200684e-02
7.031583040952682495e-02
-1.804548129439353943e-02
1.061448920518159866e-02
5.533367767930030823e-02
-8.870707824826240540e-03
-1.359272189438343048e-02
-3.320322558283805847e-02
7.215321809053421021e-02
-1.848642528057098389e-02
-2.951536886394023895e-02
-3.435290185734629631e-03
2.163663133978843689e-02
6.995500531047582626e-03
4.096051212400197983e-03
8.579266257584095001e-03
3.926866129040718079e-02
1.123384200036525726e-02
-3.156152740120887756e-02
7.095670700073242188e-02
-3.396742045879364014e-02
4.389157891273498535e-02
-2.163194492459297180e-02
-3.003286197781562805e-02
2.693085931241512299e-02
1.027716025710105896e-01
5.122753791511058807e-03
1.248010247945785522e-01
-5.019840598106384277e-02
-3.512216359376907349e-02
6.012145802378654480e-02
1.677021384239196777e-03
-1.041163504123687744e-01
8.531268686056137085e-02
-5.146985501050949097e-02
-2.435250021517276764e-02
3.869554400444030762e-02
-2.121886983513832092e-02
-1.239391043782234192e-02
1.046315394341945648e-02
-2.791886590421199799e-02
-5.061062984168529510e-03
5.082385241985321045e-02
3.716854378581047058e-02
-3.823333233594894409e-02
4.421279579401016235e-02
3.960061073303222656e-02
-4.831162095069885254e-02
3.607884421944618225e-02
-6.208008271642029285e-04
2.844620868563652039e-02
-6.753291189670562744e-02
-5.609921738505363464e-02
-8.240304887294769287e-02
-2.751382254064083099e-02
1.323448587208986282e-02
-6.724863313138484955e-03
-1.343455314636230469e-01
-1.378113310784101486e-02
3.459492325782775879e-02
-1.976811513304710388e-02
-2.218722365796566010e-02
-1.363721787929534912e-01
2.083878405392169952e-02
-7.660141587257385254e-02
3.226882964372634888e-02
4.145374894142150879e-02
2.135572023689746857e-02
3.038540855050086975e-02
-1.007505357265472412e-01
5.755036137998104095e-03
2.493929490447044373e-02
8.994395844638347626e-03
-1.439433731138706207e-02
2.015230618417263031e-02
5.704454705119132996e-02
-5.660727992653846741e-02
-7.064853562042117119e-04
5.867058783769607544e-02
-1.940131187438964844e-02
-1.957020908594131470e-02
-3.286717087030410767e-02
2.864440530538558960e-02
-1.809212379157543182e-03
3.120731189846992493e-02
1.158425211906433105e-02
-8.784210681915283203e-02
4.737088829278945923e-02
7.517255842685699463e-02
-1.465910207480192184e-02
3.712514415383338928e-03
1.336152758449316025e-02
-7.243866566568613052e-03
-1.761279441416263580e-02
5.685062496922910213e-04
1.712339557707309723e-02
3.615849837660789490e-02
1.623551361262798309e-02
5.325694382190704346e-02
3.098244406282901764e-02
2.286789007484912872e-02
-6.805633753538131714e-02
4.378558322787284851e-02
1.552325207740068436e-02
4.547581449151039124e-02
6.168575957417488098e-02
-2.011451683938503265e-02
-7.002478465437889099e-03
2.015012688934803009e-02
-1.093231979757547379e-02
-3.734723106026649475e-02
5.864415690302848816e-02
6.833741068840026855e-02
4.033208638429641724e-02
-4.456475377082824707e-02
-1.266958285123109818e-02
-5.724802985787391663e-02
9.646932035684585571e-02
7.204367779195308685e-03
-5.877432227134704590e-02
-4.332955926656723022e-02
-3.295079991221427917e-02
8.501036092638969421e-03
1.083496659994125366e-01
4.627560079097747803e-02
-1.513513922691345215e-02
-5.318143963813781738e-02
2.309635840356349945e-02
-3.347790613770484924e-02
1.042681187391281128e-01
-1.853439956903457642e-02
3.255716338753700256e-02
-4.709122329950332642e-02
-4.202825948596000671e-02
2.796526253223419189e-02
-9.413877874612808228e-02
-8.654057234525680542e-02
-2.033579908311367035e-02
-8.392525464296340942e-02
-2.465943573042750359e-03
-2.667634189128875732e-02
-4.945630673319101334e-03
-6.771555542945861816e-02
2.546945028007030487e-02
1.889313198626041412e-02
-7.238128781318664551e-02
7.964007556438446045e-02
-8.687023073434829712e-02
3.296066075563430786e-02
-1.590099930763244629e-02
-6.513968855142593384e-02
2.375163696706295013e-02
5.147792026400566101e-02
-2.114633657038211823e-02
5.184298381209373474e-02
4.608492180705070496e-02
-2.332721650600433350e-02
-2.345002023503184319e-03
-5.722008273005485535e-02
-6.314364727586507797e-03
4.923716187477111816e-02
1.855630194768309593e-03
-1.317559089511632919e-02
2.990543283522129059e-02
4.619289562106132507e-02
1.741144433617591858e-02
4.798972513526678085e-03
-7.858424633741378784e-02
-7.437261287122964859e-03
2.256219461560249329e-02
-9.398423135280609131e-02
-7.880136370658874512e-02
-3.856694325804710388e-02
-2.316085249185562134e-02
4.529732838273048401e-02
3.691348806023597717e-02
-4.600144550204277039e-02
-7.102809031493961811e-04
1.159511432051658630e-01
2.797642722725868225e-02
-1.873374544084072113e-02
-7.515164464712142944e-02
-8.236034773290157318e-03
-5.321238562464714050e-02
-7.421184331178665161e-03
1.852462626993656158e-02
-2.037051506340503693e-02
-4.054187331348657608e-03
-4.140865430235862732e-02
1.253580208867788315e-02
-4.890135303139686584e-02
-1.526141166687011719e-02
5.519745498895645142e-02
-1.196885295212268829e-02
-7.315149903297424316e-02
-4.982275143265724182e-02
-2.767742052674293518e-02
-3.514950349926948547e-02
-5.032916367053985596e-02
-5.888104438781738281e-02
4.844828508794307709e-03
5.791612342000007629e-02
2.582436427474021912e-02
-6.786730140447616577e-02
-2.370056509971618652e-02
1.357427681796252728e-03
-3.538566455245018005e-02
9.514767443761229515e-04
-1.888402178883552551e-02
-1.731421798467636108e-02
-3.745084255933761597e-02
4.397163912653923035e-02
6.641483306884765625e-02
-4.693106189370155334e-02
2.421230636537075043e-02
6.395410746335983276e-02
8.979170024394989014e-02
8.551226928830146790e-03
-9.129740297794342041e-02
-1.610552892088890076e-02
-2.648655790835618973e-03
-7.329635322093963623e-02
4.958222061395645142e-02
-1.012912206351757050e-02
1.770925335586071014e-02
-1.733396388590335846e-02
-1.269431877881288528e-02
3.529621288180351257e-02
-1.197615545243024826e-02
2.123720012605190277e-02
1.345624178647994995e-01
-3.620368987321853638e-02
2.865060977637767792e-02
-2.367278002202510834e-02
6.276116520166397095e-02
-2.950022555887699127e-02
-1.962863653898239136e-02
-4.075219854712486267e-02
-5.960493907332420349e-02
-1.452371012419462204e-02
-7.865851372480392456e-02
7.976514846086502075e-02
8.110182359814643860e-03
-8.109251409769058228e-02
-4.618812352418899536e-03
-4.805051162838935852e-02
-2.420919761061668396e-02
-4.531941935420036316e-02
-8.433905988931655884e-02
5.131272971630096436e-02
-4.766154289245605469e-02
5.933361500501632690e-02
4.017077386379241943e-02
-1.036684960126876831e-02
2.280998602509498596e-02
3.940291237086057663e-03
4.616491124033927917e-02
-9.256805293262004852e-03
9.811880998313426971e-03
6.361814588308334351e-02
4.295001551508903503e-02
-8.203274011611938477e-02
-2.189559629186987877e-03
-5.852090660482645035e-03
7.387901842594146729e-02
4.530216008424758911e-02
8.471785113215446472e-03
6.890875846147537231e-02
2.758561447262763977e-02
-4.749199375510215759e-02
-2.659806795418262482e-02
3.262787312269210815e-02
9.537748247385025024e-02
-3.245705738663673401e-03
-5.026927962899208069e-02
9.170460700988769531e-02
-2.884119749069213867e-03
-3.811625763773918152e-02
2.636281587183475494e-02
1.100574433803558350e-01
1.702525466680526733e-02
1.513006817549467087e-02
2.806973643600940704e-03
-4.374679550528526306e-02
5.239307880401611328e-02
-7.061818242073059082e-02
7.163286209106445312e-04
-2.161811664700508118e-02
-1.507546380162239075e-02
9.714107029139995575e-03
-1.124685406684875488e-01
4.203952103853225708e-02
-6.377870589494705200e-02
5.174053460359573364e-02
-4.483554512262344360e-02
-1.322985813021659851e-02
-6.989461928606033325e-02
-5.702618882060050964e-02
4.290989786386489868e-02
5.171208083629608154e-02
-2.930017374455928802e-02
4.171068966388702393e-02
-4.872564598917961121e-02
2.346946112811565399e-02
3.764072433114051819e-02
9.277562052011489868e-02
9.084255993366241455e-02
3.348704427480697632e-02
4.492731392383575439e-02
3.797185793519020081e-02
-3.198056295514106750e-02
2.193128131330013275e-02
-5.835120100528001785e-03
-4.521833732724189758e-02
-2.322370558977127075e-02
3.667716868221759796e-03
7.824498414993286133e-02
1.242594234645366669e-02
-8.102551847696304321e-02
-5.903771519660949707e-02
-2.225951850414276123e-02
2.828668616712093353e-02
4.456168040633201599e-03
3.312085196375846863e-02
2.239543944597244263e-02
-9.596656309440732002e-04
1.109350845217704773e-01
-1.929821260273456573e-02
1.479473430663347244e-02
-2.273138426244258881e-02
7.823956757783889771e-02
-3.154822858050465584e-03
-1.312530599534511566e-02
3.570114448666572571e-02
-4.386921599507331848e-02
-1.783272810280323029e-02
-2.942856214940547943e-02
4.950276017189025879e-02
2.388300001621246338e-02
1.462099701166152954e-02
1.647888682782649994e-02
1.454799342900514603e-02
5.240138247609138489e-02
-8.190751075744628906e-03
-7.096169888973236084e-02
1.502173114567995071e-02
3.322599828243255615e-02
-1.111336797475814819e-02
-5.746780708432197571e-02
7.007770985364913940e-02
8.638024330139160156e-02
-1.861152984201908112e-02
2.797598019242286682e-02
-5.394984409213066101e-02
7.557848934084177017e-03
-3.893623873591423035e-02
-4.938247799873352051e-02
-3.727693855762481689e-02
1.320598833262920380e-02
2.820006944239139557e-02
2.090424671769142151e-02
-3.475366905331611633e-02
-3.680972382426261902e-02
-5.575330927968025208e-02
-4.218059033155441284e-02
-9.397348016500473022e-02
4.917843639850616455e-02
-7.046087831258773804e-02
-3.817665576934814453e-02
4.291354492306709290e-02
-7.050951570272445679e-02
-4.274681210517883301e-02
-1.963321678340435028e-02
6.734039168804883957e-03
-9.567677974700927734e-03
-8.264950476586818695e-03
-2.381060458719730377e-02
-8.048035204410552979e-03
1.828380115330219269e-02
-3.758132457733154297e-02
-8.866305463016033173e-03
-9.823597967624664307e-03
-2.271357551217079163e-02
-8.784285932779312134e-02
-1.127715688198804855e-02
-9.029813855886459351e-02
-5.096882209181785583e-02
-2.168404310941696167e-02
2.399801649153232574e-02
-1.781737245619297028e-02
-1.395722478628158569e-02
2.230360731482505798e-02
3.827123343944549561e-02
1.052865386009216309e-01
-4.799584671854972839e-02
-1.119230780750513077e-02
1.169542782008647919e-02
-9.871795028448104858e-02
1.767994277179241180e-02
-6.840869039297103882e-02
-4.080823063850402832e-02
-7.637210935354232788e-02
-8.646704256534576416e-03
3.073634393513202667e-02
-5.391331017017364502e-02
-6.053234916180372238e-03
4.976601898670196533e-02
-1.163652818650007248e-02
-9.791672974824905396e-02
1.449369546025991440e-02
1.053356938064098358e-02
-5.215816665440797806e-03
-1.116673462092876434e-03
-1.649023219943046570e-02
7.429573684930801392e-02
1.010638475418090820e-02
1.031177639961242676e-01
8.278752863407135010e-02
-9.324410557746887207e-02
-1.036322023719549179e-02
4.553122073411941528e-02
1.395329646766185760e-02
9.481010958552360535e-03
2.937993733212351799e-03
-3.012987598776817322e-02
-6.223364267498254776e-03
-5.823070183396339417e-02
-1.711863465607166290e-02
3.188259154558181763e-02
-4.406953230500221252e-03
5.020844191312789917e-02
2.044641040265560150e-02
-7.396681606769561768e-02
-8.331443183124065399e-03
-1.236990094184875488e-01
-5.212499946355819702e-02
6.989471614360809326e-02
6.394309550523757935e-02
3.342629224061965942e-02
-4.769746586680412292e-02
-1.152261123061180115e-01
7.017536461353302002e-02
-3.154556453227996826e-02
1.066044643521308899e-01
5.962420254945755005e-02
1.875295862555503845e-02
-1.090464182198047638e-02
5.909730866551399231e-02
-4.477798938751220703e-05
-3.056172281503677368e-02
1.994821242988109589e-02
3.482621535658836365e-02
2.011094614863395691e-02
3.466403111815452576e-02
8.100222051143646240e-02
1.165139116346836090e-02
2.809972502291202545e-02
3.379085659980773926e-02
-4.677662998437881470e-02
5.900898016989231110e-03
-6.698834151029586792e-02
3.063812386244535446e-03
-4.582559689879417419e-03
1.776523888111114502e-02
3.074356727302074432e-02
4.083761572837829590e-02
3.167401999235153198e-02
6.269513070583343506e-02
4.650101065635681152e-03
-4.309916123747825623e-02
3.146928036585450172e-03
9.549999237060546875e-02
1.475153490900993347e-02
2.460976690053939819e-02
-2.047359012067317963e-02
-1.446609850972890854e-02
8.960578590631484985e-02
-9.333255141973495483e-02
3.148929402232170105e-02
2.703649923205375671e-02
-4.515499807894229889e-03
-2.184431068599224091e-02
-2.183454856276512146e-02
1.044481843709945679e-01
-4.420373588800430298e-02
-1.904698833823204041e-02
-1.137403538450598717e-03
1.846520416438579559e-02
2.327739261090755463e-02
-1.298270374536514282e-02
-2.421830594539642334e-02
5.003190040588378906e-02
-3.975053783506155014e-03
3.633277863264083862e-02
-4.693807661533355713e-02
-9.010000526905059814e-02
-5.202610045671463013e-02
4.181994870305061340e-02
-4.228610545396804810e-02
3.708432242274284363e-02
3.600824251770973206e-02
-2.782779000699520111e-02
3.458904847502708435e-02
6.929590553045272827e-02
1.854052767157554626e-02
-2.596875128801912069e-04
5.675313621759414673e-02
2.310599572956562042e-02
3.717386722564697266e-02
-1.751220785081386566e-02
2.895332314074039459e-02
-5.207856302149593830e-04
1.826368086040019989e-02
-1.477390527725219727e-02
2.246439922600984573e-03
3.484097868204116821e-02
-9.691113606095314026e-03
4.087464511394500732e-02
4.303396493196487427e-02
1.466788817197084427e-02
4.058324545621871948e-02
-4.724518209695816040e-02
2.043475955724716187e-02
2.065902575850486755e-02
1.272851228713989258e-02
-3.630446642637252808e-02
-7.694207131862640381e-02
-9.407205879688262939e-02
-2.916261367499828339e-02
-7.561407983303070068e-02
5.315960850566625595e-03
4.848463088274002075e-02
-8.086931705474853516e-02
-8.851968497037887573e-02
-1.825933717191219330e-02
-1.025670021772384644e-02
4.799552634358406067e-02
6.135853938758373260e-03
1.615645177662372589e-02
-2.948434837162494659e-02
-7.389399409294128418e-02
4.056860506534576416e-02
1.912594772875308990e-02
2.544602565467357635e-02
-2.181990072131156921e-02
2.921227365732192993e-02
-1.122858375310897827e-02
-1.363205909729003906e-02
8.008481934666633606e-03
-4.252196103334426880e-02
1.065796911716461182e-01
4.859863594174385071e-02
4.053035378456115723e-02
4.795336723327636719e-02
-5.292845424264669418e-03
-4.292602092027664185e-02
-3.655866906046867371e-02
-5.058992654085159302e-02
-5.735449492931365967e-02
2.524467371404170990e-02
8.401048928499221802e-02
-1.629146188497543335e-02
2.332751639187335968e-02
-1.010062638670206070e-02
3.406514972448348999e-02
9.286342561244964600e-02
2.342336252331733704e-02
1.795702031813561916e-03
5.724868178367614746e-02
2.181536285206675529e-03
6.308300048112869263e-02
1.223859749734401703e-02
6.184728816151618958e-02
5.810582637786865234e-02
7.733562029898166656e-03
4.319842904806137085e-02
1.166922040283679962e-02
3.084134124219417572e-02
-8.276262320578098297e-03
2.110401168465614319e-02
1.618709228932857513e-02
-5.342095158994197845e-03
-4.105328395962715149e-02
-7.302202284336090088e-02
-3.648249432444572449e-03
1.283863466233015060e-02
-5.285741761326789856e-02
5.327879264950752258e-02
3.485361859202384949e-02
-5.796587094664573669e-03
2.588967978954315186e-02
-8.002163469791412354e-02
5.090469866991043091e-02
-3.425769507884979248e-02
-6.864155828952789307e-02
-2.114317193627357483e-02
6.835673004388809204e-02
4.107210785150527954e-02
3.099885769188404083e-03
8.254324086010456085e-03
-1.651802286505699158e-02
3.996945172548294067e-02
-2.541775070130825043e-02
6.766041368246078491e-02
-7.876647263765335083e-02
6.501269992440938950e-03
5.611456185579299927e-02
6.885623186826705933e-02
1.722471788525581360e-02
-9.495636075735092163e-02
2.165907062590122223e-02
2.138988114893436432e-02
7.235788274556398392e-03
-2.874047681689262390e-02
7.245736662298440933e-03
7.286440581083297729e-02
-9.324170649051666260e-02
4.460745840333402157e-04
-1.706458814442157745e-02
-3.019613795913755894e-04
-8.622523397207260132e-03
-1.477373205125331879e-02
-5.617882683873176575e-02
-3.489191085100173950e-02
-6.389452517032623291e-02
-1.098572164773941040e-01
-1.397764962166547775e-02
-4.885035380721092224e-02
-3.478598222136497498e-02
-3.069297783076763153e-02
-5.157596245408058167e-02
6.752625107765197754e-02
5.693423748016357422e-02
-5.870154500007629395e-02
-1.531197596341371536e-02
5.836653709411621094e-02
-2.557465620338916779e-02
5.165752768516540527e-02
-2.521049417555332184e-02
3.140193596482276917e-02
1.092913299798965454e-01
7.037398219108581543e-02
4.578606784343719482e-02
-5.033307895064353943e-02
3.732400364242494106e-04
-2.016090974211692810e-02
-1.830731518566608429e-02
-7.999800890684127808e-02
-4.800073802471160889e-02
1.125205159187316895e-01
5.302720889449119568e-02
3.788463771343231201e-02
-2.506617084145545959e-02
-2.318796887993812561e-02
-3.821431845426559448e-02
1.115452405065298080e-02
-1.075586825609207153e-01
-7.897361181676387787e-03
3.858993202447891235e-02
-2.670945227146148682e-02
5.223814770579338074e-02
-6.302198767662048340e-02
-1.560702081769704819e-02
1.041637808084487915e-01
-8.057086169719696045e-02
-1.602143980562686920e-02
7.982061803340911865e-02
-6.818815320730209351e-02
1.695722714066505432e-02
6.315100193023681641e-02
2.282849280163645744e-03
-1.346094720065593719e-02
-7.351064682006835938e-02
7.973643392324447632e-02
-2.723428979516029358e-02
-8.209200575947761536e-03
-6.497097015380859375e-02
-6.629022210836410522e-02
4.000255465507507324e-02
6.886700633913278580e-03
-1.455028448253870010e-02
2.562062442302703857e-02
-8.435732126235961914e-02
8.324019610881805420e-03
-3.693515434861183167e-02
-6.717924028635025024e-02
1.566550433635711670e-01
-8.154240250587463379e-02
4.955948144197463989e-02
3.668810706585645676e-03
1.512640155851840973e-02
3.474263846874237061e-02
-4.613258689641952515e-02
1.067563891410827637e-02
-2.207828685641288757e-02
-2.183865569531917572e-02
-3.941262140870094299e-03
-3.137871623039245605e-02
-1.668029651045799255e-02
5.902847275137901306e-03
8.990892209112644196e-03
-3.185335919260978699e-02
-4.429128894116729498e-04
-3.073194436728954315e-02
3.383222594857215881e-02
-3.039801679551601410e-02
9.453641250729560852e-03
9.184735268354415894e-02
-9.201560914516448975e-02
-3.097784006968140602e-03
6.718875467777252197e-02
1.894895173609256744e-02
5.886831879615783691e-02
3.986117243766784668e-02
5.076279398053884506e-03
8.547637611627578735e-02
-3.812540322542190552e-02
-4.738265648484230042e-03
-1.501116342842578888e-02
4.645246639847755432e-02
1.172607671469449997e-02
-2.103809826076030731e-02
-4.244993254542350769e-02
1.008253246545791626e-01
-6.217718869447708130e-02
-7.238015532493591309e-02
5.144800990819931030e-02
3.812897950410842896e-02
-1.273331046104431152e-02
7.336408644914627075e-02
1.601571217179298401e-02
-4.697196558117866516e-02
1.426144409924745560e-02
-3.581097722053527832e-02
3.787276148796081543e-02
-2.555427700281143188e-02
-1.719479821622371674e-02
8.560109883546829224e-02
-1.047033350914716721e-02
6.799925118684768677e-03
7.361990958452224731e-02
-1.516898721456527710e-02
-2.002324536442756653e-02
7.709897309541702271e-02
-4.209193587303161621e-02
2.997884340584278107e-02
6.034402758814394474e-05
-2.689504064619541168e-02
7.556821405887603760e-02
1.135593652725219727e-02
-3.887390717864036560e-03
-1.477868203073740005e-02
1.838142052292823792e-02
4.450255259871482849e-02
4.162475466728210449e-02
-4.913824424147605896e-02
-1.806070283055305481e-02
-4.809817671775817871e-02
-1.354102324694395065e-02
4.323638230562210083e-02
-7.124949991703033447e-02
4.224653169512748718e-02
1.291858255863189697e-01
2.505352161824703217e-02
2.019002335146069527e-03
-7.327102124691009521e-02
8.123671263456344604e-02
4.524685814976692200e-02
-2.012404426932334900e-02
-3.361549228429794312e-02
-2.353180199861526489e-02
-4.421312361955642700e-02
2.043293975293636322e-02
4.234356433153152466e-02
-6.872580200433731079e-02
-2.002714574337005615e-02
-1.692765019834041595e-02
6.720594316720962524e-02
-2.563444152474403381e-02
4.042731598019599915e-02
-4.120059683918952942e-02
1.177882868796586990e-02
2.625306136906147003e-02
2.428771555423736572e-02
1.024305671453475952e-01
-5.614737793803215027e-02
-2.002620697021484375e-02
1.838840730488300323e-02
5.160050839185714722e-02
3.853697702288627625e-02
-4.599053412675857544e-02
1.530533190816640854e-02
6.911716423928737640e-03
-8.947536349296569824e-03
2.444374142214655876e-03
-5.235867947340011597e-02
4.570922255516052246e-02
8.326371759176254272e-02
-5.114999413490295410e-02
-7.474968582391738892e-02
9.602657519280910492e-03
-9.407788515090942383e-03
