4.170792922377586365e-02
8.166336268186569214e-02
-5.968656018376350403e-02
6.039967760443687439e-02
1.350704953074455261e-02
4.817875474691390991e-02
-6.341739557683467865e-03
-8.376809954643249512e-02
3.150708973407745361e-02
-7.412567734718322754e-02
-7.653044164180755615e-02
-6.157138571143150330e-02
-7.578316144645214081e-03
3.017057292163372040e-02
-5.113760009407997131e-02
3.152932971715927124e-02
8.380398154258728027e-02
1.783158950274810195e-04
2.555108442902565002e-02
-4.642586410045623779e-02
5.007185414433479309e-02
3.084718249738216400e-02
-3.469709679484367371e-02
2.121132612228393555e-02
3.319019451737403870e-02
-9.007600694894790649e-02
4.065650328993797302e-02
7.838316261768341064e-02
-2.772489935159683228e-02
-5.317539907991886139e-03
1.366836950182914734e-02
2.138757845386862755e-03
-1.088992226868867874e-02
-4.252775758504867554e-02
-4.981823265552520752e-02
-9.397343546152114868e-02
2.951410040259361267e-02
-1.557065173983573914e-02
-2.391923777759075165e-02
-4.604510590434074402e-02
-3.090843185782432556e-02
-4.081474989652633667e-02
1.949364203028380871e-03
-4.212606325745582581e-02
-4.538977891206741333e-02
1.302901562303304672e-02
5.954704806208610535e-02
2.018258441239595413e-03
-4.934097081422805786e-02
-6.565905362367630005e-02
-5.416020005941390991e-02
-2.100029215216636658e-02
-3.518073260784149170e-02
-1.802866719663143158e-02
-2.585601294413208961e-03
-6.408982723951339722e-02
-3.814836964011192322e-02
1.726020127534866333e-02
3.473274409770965576e-02
6.213031709194183350e-02
-3.895559534430503845e-02
-9.894011914730072021e-02
-3.462263569235801697e-02
4.943810030817985535e-02
2.776309661567211151e-02
-2.984494157135486603e-02
-5.647565796971321106e-02
5.664272606372833252e-02
-1.070511341094970703e-01
-3.770983591675758362e-02
-3.143787011504173279e-02
-5.987191200256347656e-02
4.299783334136009216e-02
-9.059321600943803787e-04
-1.159967035055160522e-01
5.316218361258506775e-03
2.664842829108238220e-02
-4.864817485213279724e-02
-5.436223000288009644e-02
8.417007327079772949e-02
2.973132953047752380e-02
-6.651414558291435242e-03
1.846928521990776062e-02
2.006013318896293640e-02
2.882009604945778847e-03
1.717201806604862213e-02
4.253553971648216248e-02
-3.023085184395313263e-02
-7.728199660778045654e-02
-4.403775185346603394e-02
3.395706787705421448e-02
-1.127938479185104370e-01
-4.872255958616733551e-03
-8.531220257282257080e-02
5.420894920825958252e-02
-4.130715504288673401e-02
8.176767826080322266e-02
2.943624369800090790e-02
-4.628679901361465454e-02
3.947939351201057434e-02
4.110232740640640259e-02
-2.351130731403827667e-02
-4.733263701200485229e-02
2.931312844157218933e-02
1.310153957456350327e-02
-7.852205075323581696e-03
7.839676737785339355e-02
8.937672525644302368e-02
2.907915785908699036e-02
6.842985749244689941e-03
-1.577384583652019501e-02
-5.118770524859428406e-03
2.271506935358047485e-02
1.665860600769519806e-02
-1.098207309842109680e-01
-4.537724703550338745e-02
2.576099522411823273e-02
-7.912289351224899292e-03
-6.520377099514007568e-02
-4.299122374504804611e-03
1.362073607742786407e-02
1.057485118508338928e-02
-5.105731543153524399e-03
-1.943970099091529846e-02
1.935077086091041565e-02
1.866427436470985413e-02
-9.771214798092842102e-03
2.916782908141613007e-02
-5.965034663677215576e-02
1.401195954531431198e-02
-8.389688096940517426e-03
3.884971886873245239e-02
-5.403203889727592468e-03
1.688459701836109161e-02
1.277755293995141983e-02
-2.475233050063252449e-03
7.867859303951263428e-02
2.924899384379386902e-02
-6.329648941755294800e-02
-3.158070147037506104e-02
-6.613062322139739990e-02
-4.819748923182487488e-03
-4.036329314112663269e-02
-5.282030627131462097e-02
-4.368376359343528748e-02
4.988215118646621704e-02
-1.745218038558959961e-02
3.082761354744434357e-02
-6.519205402582883835e-03
5.963635630905628204e-03
-1.932292431592941284e-02
5.507057532668113708e-02
-4.075395315885543823e-02
4.266545921564102173e-02
5.836651101708412170e-02
6.861887872219085693e-02
-1.119007319211959839e-01
-7.611767202615737915e-02
-3.345018252730369568e-02
2.837065234780311584e-02
2.172116562724113464e-02
-2.272821404039859772e-02
-1.719162426888942719e-02
4.725645110011100769e-02
2.978716976940631866e-02
6.258356571197509766e-02
-6.943891942501068115e-02
-9.721255861222743988e-03
3.165071085095405579e-02
-3.880043327808380127e-02
-1.389539567753672600e-03
-4.428474605083465576e-02
-1.740705780684947968e-02
7.493599783629179001e-03
2.412964589893817902e-03
-4.370252136141061783e-03
8.373924344778060913e-02
4.508871585130691528e-02
2.897790260612964630e-02
2.968083834275603294e-03
-8.691614493727684021e-03
5.494488030672073364e-02
2.090428583323955536e-02
1.220204518176615238e-03
3.623615205287933350e-02
-9.805651754140853882e-02
6.422016024589538574e-02
-3.465228527784347534e-02
-9.333825856447219849e-02
-5.451790988445281982e-02
5.542780458927154541e-02
9.127449989318847656e-02
3.555881977081298828e-02
-4.675708338618278503e-02
3.167257877066731453e-03
-2.639323472976684570e-02
3.253628965467214584e-03
3.335247188806533813e-02
1.265049446374177933e-02
-1.355152204632759094e-02
-4.782061278820037842e-02
-7.521189283579587936e-03
4.919617995619773865e-02
5.759942810982465744e-03
8.186805993318557739e-03
3.070016019046306610e-02
-2.341494150459766388e-02
-5.789154395461082458e-02
1.312620844691991806e-02
-1.241680420935153961e-02
-3.130498155951499939e-02
9.843578562140464783e-03
-1.169252097606658936e-01
-2.570224925875663757e-02
3.256157785654067993e-02
-2.754234150052070618e-02
9.458872955292463303e-04
-2.736206166446208954e-02
3.366842493414878845e-02
4.043138027191162109e-02
-2.195821329951286316e-02
1.865329965949058533e-02
-1.014395244419574738e-02
5.019355565309524536e-02
1.239687129855155945e-01
8.729203604161739349e-03
1.202402170747518539e-02
1.426312979310750961e-02
8.924208581447601318e-03
1.627483591437339783e-02
-8.697534911334514618e-03
-3.785223932936787605e-03
1.895564235746860504e-02
-5.766815692186355591e-02
3.748988732695579529e-02
-5.044148489832878113e-02
-7.062174845486879349e-03
2.217513322830200195e-02
-3.331628441810607910e-02
7.223455607891082764e-02
-4.603651538491249084e-02
1.042537577450275421e-02
-6.209159269928932190e-02
-2.267319336533546448e-02
7.023739069700241089e-02
-6.621788255870342255e-03
-2.138007618486881256e-02
-4.385298490524291992e-02
2.845864370465278625e-02
1.165311858057975769e-01
-4.191609565168619156e-03
-7.083240896463394165e-02
-1.104780379682779312e-02
-2.615280076861381531e-02
2.853507176041603088e-04
-1.667481847107410431e-02
8.694327436387538910e-03
-3.539026528596878052e-02
-3.921205177903175354e-03
-3.458953276276588440e-02
4.168095812201499939e-02
1.526287570595741272e-02
4.752865061163902283e-02
-2.109322696924209595e-02
-7.316572964191436768e-02
1.192344501614570618e-01
9.503912180662155151e-03
-2.023762464523315430e-02
-3.312810510396957397e-02
1.006692647933959961e-02
-6.148254498839378357e-02
8.397746086120605469e-02
-4.340681806206703186e-02
-1.068131159991025925e-02
2.520608250051736832e-03
-2.424639835953712463e-02
-4.131844267249107361e-03
6.905691325664520264e-02
-4.776684567332267761e-02
3.654489293694496155e-02
5.337693169713020325e-02
4.132513329386711121e-02
-5.483287200331687927e-02
6.592549383640289307e-02
-8.520193397998809814e-02
8.484655059874057770e-03
1.254532635211944580e-01
-6.581120542250573635e-04
-3.735522180795669556e-02
-4.540566354990005493e-02
5.799383670091629028e-02
-5.526227131485939026e-02
1.332164742052555084e-02
-6.130990805104374886e-04
8.412260562181472778e-02
-5.292081460356712341e-02
1.264374405145645142e-01
-1.019283756613731384e-02
1.613748725503683090e-03
4.505331744439899921e-04
2.843681722879409790e-02
3.002729080617427826e-02
-6.387808918952941895e-02
2.657904103398323059e-02
2.112488821148872375e-02
3.097385168075561523e-02
-1.259185955859720707e-03
7.081031054258346558e-02
6.796357035636901855e-02
7.843626290559768677e-02
-6.234362348914146423e-02
-2.257483080029487610e-02
2.539874427020549774e-02
1.308156363666057587e-02
-1.103745307773351669e-02
9.685561060905456543e-02
-2.984403260052204132e-02
-4.939661361277103424e-03
-5.986597761511802673e-02
1.582624856382608414e-03
-6.321302801370620728e-02
1.380827277898788452e-01
-2.551331371068954468e-02
-1.768851280212402344e-02
-1.277530845254659653e-02
-8.594037964940071106e-03
-4.868876934051513672e-02
-3.798504173755645752e-02
-1.048517674207687378e-01
-1.236098934896290302e-03
2.281377092003822327e-02
-6.339390762150287628e-03
-9.523861110210418701e-03
-5.754067376255989075e-02
-1.653655245900154114e-02
2.643414027988910675e-02
-3.266629576683044434e-02
-1.418526400811970234e-03
2.679338306188583374e-02
-4.302040860056877136e-02
4.882381483912467957e-02
2.997754700481891632e-02
-3.459496796131134033e-02
-2.769060805439949036e-02
4.911913350224494934e-02
-3.594019636511802673e-02
-1.286944490857422352e-03
-1.217933818697929382e-01
8.665032684803009033e-03
-7.245689630508422852e-04
-4.865129664540290833e-02
-6.547012925148010254e-02
-2.001851797103881836e-03
9.525370784103870392e-03
-4.929037392139434814e-02
8.731733262538909912e-02
-1.507428474724292755e-02
-5.601531639695167542e-02
3.354011476039886475e-02
1.798476092517375946e-02
-3.839433565735816956e-02
6.319965235888957977e-03
-2.166076190769672394e-02
-3.506422787904739380e-02
7.717521488666534424e-02
5.650549381971359253e-02
8.296917378902435303e-02
-3.542365506291389465e-02
-3.860485181212425232e-02
1.280894409865140915e-02
-3.950700536370277405e-02
7.630653679370880127e-02
-6.247982755303382874e-02
-1.653062365949153900e-02
-1.819988340139389038e-02
-3.048893623054027557e-02
4.761809483170509338e-02
2.088211849331855774e-02
-6.134558469057083130e-02
-2.930380776524543762e-02
-8.062192937359213829e-04
-2.350874058902263641e-02
-2.516644261777400970e-02
-7.732675969600677490e-02
6.472303997725248337e-03
1.466934452764689922e-03
9.150563925504684448e-02
-2.736807242035865784e-02
8.357531391084194183e-03
-7.300870120525360107e-02
-2.018008148297667503e-03
-5.032971873879432678e-02
-6.187162175774574280e-02
4.375841468572616577e-02
-3.283666819334030151e-02
5.839047208428382874e-02
-6.806796789169311523e-02
7.578278426080942154e-03
-5.353471264243125916e-03
-9.036055952310562134e-02
-1.040199655108153820e-03
-1.078232750296592712e-02
6.110586225986480713e-02
-3.134679421782493591e-02
5.577425658702850342e-02
5.753711331635713577e-03
-1.817223243415355682e-02
-2.613752149045467377e-02
-1.228958275169134140e-02
-2.377928979694843292e-02
-6.081327423453330994e-02
9.920409321784973145e-02
-3.035537339746952057e-02
1.001127064228057861e-01
-4.221256449818611145e-02
-4.570553079247474670e-02
-2.227564901113510132e-02
1.926897838711738586e-02
5.557245574891567230e-03
3.385752812027931213e-02
-1.397009566426277161e-02
-3.155253082513809204e-02
-4.038279503583908081e-02
7.981586456298828125e-02
6.214223429560661316e-02
3.903228789567947388e-02
4.405736550688743591e-02
6.691867858171463013e-02
-2.074459940195083618e-02
1.496344804763793945e-03
-1.124343052506446838e-01
-1.094341278076171875e-04
-2.287439629435539246e-02
-3.240416571497917175e-02
-4.029341414570808411e-02
-5.257738754153251648e-03
-4.040656203869730234e-04
-1.483279280364513397e-02
-8.649428375065326691e-03
4.835341870784759521e-02
-7.379271090030670166e-02
4.251934960484504700e-02
-1.885010488331317902e-02
-5.285447090864181519e-02
-4.036064818501472473e-02
-4.300206154584884644e-02
3.197824954986572266e-02
2.947926335036754608e-02
-2.663099393248558044e-02
-8.210886269807815552e-02
6.142463907599449158e-02
-1.026171958073973656e-03
1.076036947779357433e-03
-2.197260968387126923e-03
-2.198271825909614563e-02
5.815009400248527527e-02
-4.091156274080276489e-02
-3.742831759154796600e-03
-2.484575845301151276e-02
3.672252595424652100e-02
-1.124950312077999115e-02
-3.924203664064407349e-02
-3.000461123883724213e-02
1.413995120674371719e-02
8.165410161018371582e-02
-5.367461126297712326e-03
-3.909750655293464661e-02
-7.626908272504806519e-02
-2.852000482380390167e-02
-3.384869918227195740e-02
-7.463786751031875610e-02
-1.433116197586059570e-02
-2.912846952676773071e-02
2.140596322715282440e-02
2.961311489343643188e-02
6.108989194035530090e-02
-1.345592737197875977e-02
8.005372248589992523e-03
-4.259751178324222565e-03
-7.343774288892745972e-02
-1.166839967481791973e-03
1.103731337934732437e-02
3.895618394017219543e-02
5.255066324025392532e-03
-6.446865946054458618e-02
2.958445996046066284e-02
-2.556025609374046326e-02
3.783832117915153503e-02
3.825544845312833786e-03
3.817385807633399963e-02
6.732030771672725677e-03
3.685028105974197388e-02
3.088191337883472443e-02
4.868152085691690445e-03
4.287712275981903076e-02
9.608688950538635254e-02
3.309115022420883179e-02
6.524496525526046753e-02
-2.861684933304786682e-02
-4.125928506255149841e-02
4.330880939960479736e-02
3.351385748828761280e-05
-9.570606052875518799e-02
6.311527639627456665e-02
-4.295545164495706558e-03
3.074283339083194733e-02
8.160317689180374146e-02
2.783931978046894073e-02
-3.206904605031013489e-02
-2.357140649110078812e-03
3.044851683080196381e-02
4.253744333982467651e-02
-4.602388292551040649e-02
6.887970119714736938e-02
1.052391678094863892e-01
-3.851224668323993683e-03
-3.882771357893943787e-02
-6.304621696472167969e-02
8.638380467891693115e-02
1.256652269512414932e-02
7.319872826337814331e-02
-9.115037322044372559e-02
4.653291404247283936e-02
-6.667505949735641479e-02
-6.366600096225738525e-02
-2.954936772584915161e-02
-3.645217046141624451e-02
-5.253975838422775269e-02
-6.308217346668243408e-02
4.875304177403450012e-03
3.223650902509689331e-02
-6.200829893350601196e-02
9.199178777635097504e-03
5.295215547084808350e-02
-1.474915444850921631e-02
3.655541513580828905e-05
1.181558892130851746e-02
-1.141374856233596802e-01
-4.372514784336090088e-03
6.866148114204406738e-02
-1.852363348007202148e-02
-6.848417222499847412e-02
-4.611064866185188293e-02
4.579933360219001770e-03
2.558648586273193359e-02
-3.931017220020294189e-02
-9.452001191675662994e-03
-3.857994079589843750e-02
-6.781069934368133545e-02
-2.769034728407859802e-02
3.216227516531944275e-02
3.140595182776451111e-02
-3.913617879152297974e-02
-1.736821420490741730e-02
2.124785445630550385e-02
3.582611680030822754e-03
4.287888482213020325e-02
-2.342516928911209106e-02
-1.994127966463565826e-02
-6.178740411996841431e-02
5.270083993673324585e-02
-2.541841939091682434e-02
-1.219111233949661255e-01
-4.662058781832456589e-03
-3.648420562967658043e-03
-9.376012533903121948e-02
4.719873145222663879e-02
3.548223152756690979e-02
4.382474720478057861e-02
-2.989750914275646210e-02
1.271897554397583008e-02
6.186400540173053741e-03
8.066865056753158569e-02
-2.731445617973804474e-02
-2.371355891227722168e-03
-2.098172530531883240e-02
1.683115586638450623e-02
-7.917665690183639526e-02
5.839145928621292114e-02
1.541944406926631927e-02
3.047058917582035065e-02
4.816837981343269348e-02
1.245171204209327698e-02
-7.358292117714881897e-03
-2.503522112965583801e-02
-2.783124800771474838e-03
-8.958391845226287842e-02
-2.368044666945934296e-02
2.481717988848686218e-02
-8.016227744519710541e-03
-5.942414514720439911e-03
7.380734197795391083e-03
-5.694710463285446167e-02
8.124109357595443726e-02
-2.751789987087249756e-03
-3.503423184156417847e-02
-9.319067001342773438e-02
-8.572213351726531982e-02
-3.733381256461143494e-02
-4.297537356615066528e-02
-1.826528646051883698e-02
2.268726937472820282e-02
-5.553150922060012817e-02
-1.109657213091850281e-01
-9.513203054666519165e-03
5.769938975572586060e-02
5.540420487523078918e-02
-3.622176498174667358e-02
-5.127479135990142822e-02
-2.232768945395946503e-02
4.473086819052696228e-02
-3.682561218738555908e-02
4.162203893065452576e-02
4.508195444941520691e-02
6.043090298771858215e-02
-3.392279520630836487e-02
2.300612814724445343e-02
-3.101414069533348083e-02
-1.062349379062652588e-01
1.125630550086498260e-02
-5.220787227153778076e-02
-5.477491766214370728e-02
1.926050707697868347e-02
-1.236363314092159271e-02
-1.896653696894645691e-02
9.789428114891052246e-02
-6.595554202795028687e-02
1.597442291676998138e-02
-2.193760499358177185e-02
-6.563889235258102417e-02
1.730980165302753448e-02
3.201956301927566528e-02
-6.306487601250410080e-03
3.852199763059616089e-02
-2.801726106554269791e-03
1.274493522942066193e-02
-8.433341979980468750e-02
-1.891117915511131287e-02
2.523878356441855431e-04
-1.838668808341026306e-02
7.205279916524887085e-02
-4.098965600132942200e-02
-2.926893997937440872e-03
-1.029027532786130905e-02
3.058406710624694824e-02
4.611305147409439087e-02
-6.517481058835983276e-02
5.933265388011932373e-02
-5.032743886113166809e-02
2.197449095547199249e-03
-7.584175467491149902e-02
1.305885240435600281e-02
-1.289863046258687973e-02
6.166078895330429077e-02
1.675882004201412201e-02
-1.928241923451423645e-02
1.842223107814788818e-02
3.004449605941772461e-02
5.913475528359413147e-02
-6.789681315422058105e-02
-8.860262110829353333e-03
7.065790891647338867e-02
4.609547555446624756e-02
2.864312008023262024e-02
2.032489748671650887e-03
6.058665364980697632e-02
4.800580441951751709e-02
-1.938058761879801750e-03
-1.332021132111549377e-02
6.098327413201332092e-02
3.191979229450225830e-02
2.401020610705018044e-03
5.245492234826087952e-02
-5.092245712876319885e-02
-5.533315986394882202e-02
-1.744847744703292847e-02
-8.037464320659637451e-02
-8.797633647918701172e-02
-3.425703197717666626e-02
-4.210105165839195251e-03
-9.871464222669601440e-03
-1.574342139065265656e-02
-5.904893577098846436e-02
-1.148611772805452347e-02
-1.269941870123147964e-02
-8.401179686188697815e-03
9.664946049451828003e-02
-3.445525467395782471e-02
-2.716515772044658661e-02
-4.869699105620384216e-02
-4.318183287978172302e-02
-6.382753141224384308e-03
8.667590096592903137e-03
4.280676692724227905e-02
-3.087033890187740326e-02
1.759262010455131531e-02
2.844222076237201691e-02
-1.057414710521697998e-01
-1.504688337445259094e-02
2.470344305038452148e-02
-7.189973443746566772e-02
1.444862689822912216e-02
-2.378739789128303528e-02
2.280764095485210419e-02
7.089465856552124023e-03
4.199403896927833557e-02
3.471614792943000793e-02
-8.376392722129821777e-02
6.629189103841781616e-02
-2.510771155357360840e-02
-1.660658791661262512e-02
9.951542317867279053e-02
3.774526342749595642e-02
4.820188134908676147e-02
-7.155627757310867310e-02
5.696896463632583618e-02
-2.834609337151050568e-02
-1.373984012752771378e-02
4.728641733527183533e-02
1.664017885923385620e-02
8.733808062970638275e-03
3.729732334613800049e-02
5.977493524551391602e-02
3.431707248091697693e-02
8.070392906665802002e-02
-2.578706666827201843e-02
-1.914042048156261444e-02
-4.672786965966224670e-02
5.835819244384765625e-02
-9.578298032283782959e-02
6.348145753145217896e-02
-2.177856676280498505e-02
5.284113436937332153e-02
-7.743208855390548706e-02
-6.817210465669631958e-02
-1.184130087494850159e-01
4.292295500636100769e-02
6.598101928830146790e-03
-8.823332190513610840e-02
8.969550579786300659e-02
-1.178654730319976807e-01
4.645662754774093628e-02
-4.568845499306917191e-03
-5.976631119847297668e-02
-2.654048614203929901e-02
1.017075125128030777e-02
7.789903134107589722e-02
1.138221323490142822e-01
-3.571965545415878296e-02
-4.543282091617584229e-02
9.097589179873466492e-03
-2.474769204854965210e-02
-7.687014341354370117e-02
-1.401744876056909561e-02
1.073944568634033203e-01
-2.788167819380760193e-02
-2.085289172828197479e-02
-2.121724560856819153e-02
2.233570441603660583e-02
3.028481081128120422e-02
-6.915085017681121826e-02
3.291703294962644577e-03
-7.094705849885940552e-02
6.672134995460510254e-02
1.126363687217235565e-02
3.504623845219612122e-02
-7.084981538355350494e-03
-3.671397641301155090e-02
4.306747019290924072e-02
-6.919893622398376465e-02
-3.311706939712166786e-03
-5.186138302087783813e-02
-2.090753987431526184e-02
1.149960421025753021e-02
-7.372149080038070679e-02
2.188460342586040497e-02
-2.600719779729843140e-02
-1.085305307060480118e-02
4.134926572442054749e-02
-8.008610457181930542e-02
2.043609134852886200e-02
5.157785862684249878e-02
2.857114933431148529e-02
3.182751685380935669e-02
-1.273797097383067012e-04
1.568306609988212585e-02
-7.250975072383880615e-02
4.586272407323122025e-03
-1.712356135249137878e-02
1.995083503425121307e-02
-1.424972619861364365e-02
-1.840458484366536140e-03
2.870314195752143860e-02
-5.462625063955783844e-03
-5.863987654447555542e-02
2.897702643167576753e-06
-1.499042147770524025e-03
2.823681943118572235e-02
-5.608126148581504822e-02
-9.475157596170902252e-03
-1.118658296763896942e-02
5.953080952167510986e-02
7.413634657859802246e-02
3.932823240756988525e-02
-4.797510430216789246e-02
-2.578799799084663391e-02
4.054402932524681091e-03
-1.365532819181680679e-02
-1.451302133500576019e-02
-4.370023496448993683e-03
1.194828748703002930e-02
3.690492361783981323e-03
-1.855061762034893036e-02
1.877475157380104065e-02
-2.682383172214031219e-02
-5.417212471365928650e-02
2.178852446377277374e-02
-8.906383067369461060e-03
8.068212866783142090e-02
-1.247933320701122284e-02
6.170974299311637878e-02
1.697166590020060539e-03
3.847887739539146423e-02
-6.190079078078269958e-02
6.764741986989974976e-02
-4.279562085866928101e-02
-2.406589873135089874e-02
6.480181962251663208e-02
-1.107341516762971878e-02
2.718183211982250214e-02
-5.601349845528602600e-02
5.140237137675285339e-02
8.972798474133014679e-03
-5.210502818226814270e-02
-6.769269704818725586e-02
-7.308648526668548584e-02
-3.632263466715812683e-02
-6.322734802961349487e-02
-8.112443611025810242e-03
3.750962391495704651e-02
6.106158345937728882e-02
-6.408564001321792603e-02
-6.435329467058181763e-02
-4.574865475296974182e-02
-5.189290270209312439e-03
-7.672493159770965576e-02
4.304458945989608765e-02
1.002607401460409164e-02
4.814228042960166931e-02
-7.582644466310739517e-03
3.940747305750846863e-02
-2.599146030843257904e-02
-7.788097485899925232e-03
2.615016698837280273e-02
-6.864698976278305054e-02
1.282016374170780182e-02
-4.257114231586456299e-02
-1.171460561454296112e-02
-5.264126509428024292e-02
-8.485795930027961731e-03
-5.485681444406509399e-02
-1.916455850005149841e-02
-8.899042150005698204e-04
-2.137999795377254486e-02
9.107505530118942261e-02
5.433646589517593384e-02
-1.719279959797859192e-02
-4.631271585822105408e-02
-6.385552883148193359e-02
2.253862842917442322e-02
2.363474341109395027e-03
-4.184850305318832397e-02
5.775236058980226517e-03
2.511155419051647186e-02
5.651136860251426697e-03
6.999107543379068375e-03
-5.656386911869049072e-02
2.717561647295951843e-02
-4.338928312063217163e-02
-6.364480592310428619e-03
6.746404618024826050e-02
2.030894346535205841e-02
5.158121883869171143e-02
-3.554916381835937500e-02
8.178050071001052856e-02
6.819172203540802002e-02
-1.658384874463081360e-02
2.564978227019309998e-02
1.178709045052528381e-02
-6.632363051176071167e-02
5.554407462477684021e-02
4.870841279625892639e-03
-3.034307807683944702e-02
9.702169336378574371e-03
-2.819470502436161041e-02
1.426114048808813095e-02
-7.746522314846515656e-03
-3.694321587681770325e-02
3.433472290635108948e-02
-8.996398746967315674e-02
-6.156552582979202271e-02
3.310906141996383667e-02
6.865125615149736404e-04
-2.464976534247398376e-02
1.012431271374225616e-02
7.051240652799606323e-02
3.969711437821388245e-02
-6.925760954618453979e-02
-1.767352595925331116e-02
5.239376798272132874e-02
-4.623119602911174297e-04
-9.093068540096282959e-02
-1.100762262940406799e-01
-3.280773758888244629e-03
4.621947556734085083e-02
1.803004369139671326e-02
5.152550712227821350e-02
5.455491319298744202e-02
1.916305907070636749e-02
5.895659700036048889e-02
-3.003390878438949585e-02
-1.878475397825241089e-02
6.666590273380279541e-02
-8.306368440389633179e-02
1.514614652842283249e-02
-3.284552320837974548e-02
-3.760368097573518753e-03
-8.390574902296066284e-02
9.802738204598426819e-04
-1.046207696199417114e-01
-1.660989224910736084e-02
2.801136858761310577e-02
-9.133430570363998413e-02
3.422899544239044189e-02
2.865298464894294739e-02
2.235707268118858337e-02
-4.302087798714637756e-02
-5.492724478244781494e-02
6.115389615297317505e-02
2.618937380611896515e-02
9.283737093210220337e-02
7.883503101766109467e-03
6.021704897284507751e-02
-1.098965480923652649e-02
4.212441667914390564e-02
-2.316355705261230469e-02
-1.170071400701999664e-02
-1.534402742981910706e-02
2.918165735900402069e-02
-7.924448698759078979e-03
2.564278431236743927e-02
6.189743429422378540e-02
-2.604585886001586914e-02
6.099059805274009705e-02
8.390907198190689087e-03
-4.451806843280792236e-02
-3.304888680577278137e-02
2.889987081289291382e-02
-2.486896142363548279e-02
-1.647442765533924103e-02
3.297793120145797729e-02
-2.426460757851600647e-02
1.249937154352664948e-02
-4.882818460464477539e-02
3.590266034007072449e-02
3.765193512663245201e-03
-8.372139185667037964e-02
-6.266016047447919846e-03
-2.905987016856670380e-02
-9.739179164171218872e-02
-5.384837836027145386e-02
3.436021972447633743e-03
2.024878002703189850e-02
3.233160823583602905e-03
8.349551819264888763e-03
3.663893789052963257e-02
3.199075162410736084e-02
1.229859702289104462e-02
3.470266237854957581e-02
-5.284449830651283264e-02
9.669587016105651855e-03
3.637552633881568909e-02
-5.390570685267448425e-02
1.894830353558063507e-02
1.995188184082508087e-02
9.254885837435722351e-03
-5.320162326097488403e-02
4.567464068531990051e-02
2.680760994553565979e-02
2.108673937618732452e-02
-4.708297923207283020e-02
-2.353475242853164673e-02
6.724052131175994873e-02
-5.277552083134651184e-02
3.140695765614509583e-02
5.630769953131675720e-02
1.220284961163997650e-02
-9.092109650373458862e-02
3.926754370331764221e-02
-2.462850138545036316e-02
1.350197126157581806e-03
5.257282778620719910e-02
8.352274447679519653e-02
5.585644021630287170e-02
5.431325733661651611e-02
2.962661534547805786e-02
7.979357615113258362e-03
-1.469304226338863373e-02
5.050063133239746094e-02
5.289612337946891785e-02
-4.655070975422859192e-02
-3.688414394855499268e-02
-2.368018403649330139e-02
-1.942085474729537964e-02
-1.063503511250019073e-02
-5.773633345961570740e-02
2.718836814165115356e-02
8.546669781208038330e-02
5.091612040996551514e-02
1.156058977358043194e-03
-3.786763409152626991e-04
-2.488080039620399475e-02
-7.768782973289489746e-02
9.216240607202053070e-03
