2.676714770495891571e-02
-3.310040105134248734e-03
3.691859543323516846e-02
2.818904072046279907e-02
2.017578296363353729e-02
2.241961099207401276e-02
-1.041655018925666809e-01
2.842877060174942017e-02
-3.766088187694549561e-02
-4.160323366522789001e-02
3.447503224015235901e-02
8.038236759603023529e-03
-9.645973914302885532e-04
-6.128628924489021301e-02
-4.679190751630812883e-04
-2.192289941012859344e-02
-4.701692145317792892e-03
-1.756140403449535370e-02
-4.559257626533508301e-02
1.714581437408924103e-02
-3.154075518250465393e-02
3.632788360118865967e-02
-3.148769587278366089e-02
4.663297533988952637e-02
-1.838140748441219330e-02
-1.049101538956165314e-02
-4.109694436192512512e-02
-3.746711462736129761e-02
4.800628870725631714e-02
-2.571127191185951233e-02
-2.880314551293849945e-02
-4.656021669507026672e-02
4.853892140090465546e-03
-8.550367504358291626e-02
-2.503092028200626373e-02
-5.675323680043220520e-02
-5.211878567934036255e-02
-5.185478366911411285e-03
-1.489946153014898300e-03
8.285542135126888752e-04
2.739838138222694397e-02
2.572244592010974884e-02
-6.325184553861618042e-02
1.472406461834907532e-02
2.697633020579814911e-02
-2.838035672903060913e-02
-2.894152328372001648e-02
-5.006243288516998291e-02
1.627504453063011169e-02
-2.505623176693916321e-02
2.836259268224239349e-02
1.747322455048561096e-02
2.534753829240798950e-02
-3.641072195023298264e-03
-5.427269637584686279e-02
-4.285161197185516357e-02
1.120718941092491150e-02
5.360644310712814331e-02
6.645802408456802368e-02
-3.403171896934509277e-02
-6.239797919988632202e-02
-8.076237887144088745e-02
3.353543952107429504e-02
-3.599213808774948120e-02
-2.574549801647663116e-02
3.162851324304938316e-03
1.812466233968734741e-02
3.886187076568603516e-02
-9.535657614469528198e-02
3.442195430397987366e-02
-6.295037455856800079e-03
1.404596958309412003e-02
3.360328078269958496e-02
-1.575196278281509876e-03
1.313559245318174362e-02
7.314057648181915283e-02
1.333934254944324493e-03
2.344682067632675171e-02
-2.701701410114765167e-02
6.229966506361961365e-02
-5.536219477653503418e-02
2.282041124999523163e-02
3.679908812046051025e-02
1.233034115284681320e-02
1.314072217792272568e-02
-1.534704235382378101e-03
1.654162630438804626e-02
-2.169114723801612854e-02
-1.163699775934219360e-01
-4.511051345616579056e-03
-4.561259597539901733e-02
-2.172446623444557190e-02
1.031029224395751953e-01
4.926790297031402588e-02
3.162480145692825317e-02
-1.180165447294712067e-02
-1.070174053311347961e-01
3.879406303167343140e-02
7.307627797126770020e-02
6.015715748071670532e-02
-5.525610968470573425e-02
-3.801526874303817749e-02
4.409148544073104858e-02
-2.906858175992965698e-02
3.111795522272586823e-02
1.084009110927581787e-01
-3.128329291939735413e-02
-3.006320074200630188e-02
-1.291873585432767868e-02
5.915571004152297974e-02
3.626095503568649292e-02
2.236529998481273651e-02
2.507641538977622986e-02
-2.803659066557884216e-02
6.604229658842086792e-02
2.485565841197967529e-02
-3.681917861104011536e-02
2.997435443103313446e-02
-2.414901973679661751e-03
-6.093190610408782959e-02
-5.043232068419456482e-02
-4.710895940661430359e-02
4.004367813467979431e-02
5.514612048864364624e-02
-8.353624492883682251e-03
1.005208119750022888e-02
-2.085983753204345703e-02
-4.027360305190086365e-02
-7.762938737869262695e-02
4.427361860871315002e-02
-7.481817156076431274e-02
-6.877572834491729736e-02
-3.202643711119890213e-03
-3.534641861915588379e-02
-8.141708374023437500e-02
3.985905647277832031e-02
-2.368477918207645416e-02
-9.086944162845611572e-02
-2.191395498812198639e-02
-8.849755860865116119e-03
-1.151920408010482788e-01
-7.206764072179794312e-02
-5.597331002354621887e-02
-2.843850106000900269e-02
-1.122612785547971725e-02
6.645349320024251938e-03
-7.628501951694488525e-02
-4.094759002327919006e-02
-1.525392290204763412e-02
6.953190267086029053e-02
-3.164279833436012268e-02
-8.115734159946441650e-02
-8.887005969882011414e-03
-4.148445278406143188e-02
2.858614549040794373e-03
-9.798696637153625488e-02
2.488802559673786163e-02
-2.342590875923633575e-02
-4.782168939709663391e-02
-5.630220752209424973e-03
6.906595826148986816e-02
-3.648346662521362305e-02
2.503298036754131317e-02
-1.915475353598594666e-02
-5.286640487611293793e-03
8.100748993456363678e-03
-4.601952433586120605e-02
4.077862948179244995e-02
-4.763591568917036057e-03
1.929477788507938385e-02
-4.765627440065145493e-03
-4.474579915404319763e-02
-5.012752860784530640e-02
3.813531622290611267e-02
-1.490045432001352310e-02
-2.210969850420951843e-02
-2.410616027191281319e-03
-1.557118375785648823e-03
-4.797982424497604370e-02
8.691913681104779243e-04
4.405713826417922974e-02
-7.198042422533035278e-02
6.210796162486076355e-02
7.766770571470260620e-02
-1.936616748571395874e-02
8.162314444780349731e-02
-5.686049163341522217e-02
-3.540756180882453918e-02
2.828488126397132874e-02
-1.416907273232936859e-02
4.833283647894859314e-02
1.743807457387447357e-02
-1.495159044861793518e-02
-2.659047767519950867e-02
-1.205164100974798203e-02
4.496314749121665955e-02
-7.118283957242965698e-02
6.553705316036939621e-03
7.025778759270906448e-03
5.735434591770172119e-02
-1.034634467214345932e-02
2.545029390603303909e-03
1.773373037576675415e-02
5.224595591425895691e-02
-2.545398660004138947e-02
2.525789290666580200e-02
-3.584919124841690063e-02
-3.040731884539127350e-02
-3.222192823886871338e-02
-1.802328508347272873e-03
1.290091313421726227e-02
5.791810527443885803e-02
5.700283125042915344e-02
-1.264597754925489426e-02
-3.644177224487066269e-03
4.289253428578376770e-02
-3.572130203247070312e-02
5.170602351427078247e-02
2.471973001956939697e-02
-1.618256047368049622e-02
-1.064435672014951706e-02
-1.681505888700485229e-02
6.568487151525914669e-04
5.680827796459197998e-02
-2.532482147216796875e-02
-1.081957370042800903e-01
-4.534203559160232544e-02
7.412241399288177490e-02
-4.275107756257057190e-03
-3.835709765553474426e-02
-9.533374570310115814e-03
2.385741099715232849e-02
2.236706949770450592e-02
9.588248096406459808e-03
2.853953838348388672e-02
2.609716914594173431e-02
8.567354083061218262e-02
-2.300766669213771820e-02
-1.947393082082271576e-02
6.238081678748130798e-02
-3.029121272265911102e-02
2.536784112453460693e-02
-2.380590885877609253e-02
4.192596301436424255e-02
5.331366881728172302e-02
-9.262212365865707397e-02
-2.262658563267905265e-05
3.018672205507755280e-02
-4.494120925664901733e-02
4.837359488010406494e-02
2.320945449173450470e-02
-2.688862010836601257e-02
-2.532535977661609650e-02
-1.396117731928825378e-02
-7.355245202779769897e-02
2.935931272804737091e-02
-4.940321296453475952e-02
6.510752439498901367e-02
-7.952570170164108276e-02
-1.579286158084869385e-02
3.032121993601322174e-02
5.123758688569068909e-03
1.131125073879957199e-02
4.592071101069450378e-02
-2.451168745756149292e-02
2.068740315735340118e-02
-4.910827055573463440e-02
3.443928435444831848e-02
-4.152963683009147644e-02
1.782898418605327606e-02
6.140526011586189270e-02
1.828627847135066986e-02
-6.468315143138170242e-03
-3.918674774467945099e-03
-3.958512097597122192e-02
-2.287296392023563385e-02
7.240036129951477051e-02
7.053367048501968384e-02
-3.550680354237556458e-02
3.262739628553390503e-02
3.268984705209732056e-02
9.956955164670944214e-02
-4.915020614862442017e-02
5.267217382788658142e-02
-2.726362645626068115e-02
7.590928580611944199e-03
4.817704204469919205e-03
3.902611136436462402e-02
-7.778562605381011963e-02
4.683599621057510376e-02
1.784623973071575165e-02
-2.335358038544654846e-02
-2.393919043242931366e-02
2.543353661894798279e-02
-7.357110083103179932e-02
-2.409967966377735138e-02
-1.743151620030403137e-02
2.558940462768077850e-02
4.836519062519073486e-02
6.707999389618635178e-03
9.755889326333999634e-02
-1.646424271166324615e-02
9.821863472461700439e-02
-1.303155813366174698e-02
6.303615123033523560e-02
-3.425952419638633728e-02
-8.288352936506271362e-02
-4.961040988564491272e-02
5.283952504396438599e-02
9.415782056748867035e-03
3.445909917354583740e-02
-4.047201573848724365e-02
-1.710899174213409424e-02
-2.072888426482677460e-02
7.624059170484542847e-02
-7.384694367647171021e-02
-1.584766083396971226e-03
-3.408034145832061768e-02
1.615425571799278259e-02
2.604271471500396729e-02
-3.736361861228942871e-02
-3.471694514155387878e-02
-7.886837236583232880e-03
6.106747686862945557e-02
6.226954981684684753e-02
-3.648098185658454895e-02
-4.253461584448814392e-02
3.799646720290184021e-02
-2.520128712058067322e-02
-1.244618743658065796e-02
4.746872559189796448e-02
3.969698399305343628e-02
-4.885846003890037537e-02
-3.372343257069587708e-02
-4.211385268718004227e-03
-4.965947195887565613e-02
1.053565889596939087e-01
4.241467453539371490e-03
7.488432526588439941e-02
-4.796528816223144531e-02
1.248829253017902374e-02
4.388974234461784363e-02
4.189027845859527588e-02
-3.499265061691403389e-03
-8.678121492266654968e-03
-1.168909594416618347e-01
4.824069794267416000e-03
-3.146039694547653198e-02
5.188477039337158203e-02
-9.285265207290649414e-02
-2.609219588339328766e-02
-8.023963123559951782e-02
-9.500975720584392548e-03
-6.327399984002113342e-03
6.582883000373840332e-02
7.542585954070091248e-03
2.516833133995532990e-02
-4.533249884843826294e-02
4.731885716319084167e-02
-7.343318313360214233e-02
7.731685880571603775e-03
3.038338199257850647e-02
9.487441740930080414e-03
2.238671993836760521e-03
2.404102124273777008e-02
-1.909589394927024841e-02
1.554602198302745819e-02
-8.420488797128200531e-03
6.024631857872009277e-02
9.155970998108386993e-03
-2.265800349414348602e-02
-8.579827845096588135e-03
9.737433493137359619e-02
-2.681879699230194092e-02
8.867864310741424561e-02
-3.778057172894477844e-02
-2.491026371717453003e-02
4.548663273453712463e-02
-9.464413672685623169e-02
-1.907153986394405365e-02
-6.202347949147224426e-02
-1.228096932172775269e-01
-1.751457899808883667e-02
-3.494873642921447754e-02
-1.026697922497987747e-02
1.200909167528152466e-02
-5.289977043867111206e-02
3.816115856170654297e-02
-5.735283344984054565e-02
8.682750910520553589e-02
1.236459091305732727e-01
2.320834062993526459e-02
-4.342409595847129822e-02
1.959212683141231537e-02
4.342553764581680298e-02
7.099746912717819214e-02
-8.378182351589202881e-02
6.745158880949020386e-02
-3.894250257872045040e-04
6.520587205886840820e-02
5.060105584561824799e-03
4.052396118640899658e-02
-3.489176556468009949e-02
1.600368181243538857e-03
-1.615695841610431671e-02
-6.446730811148881912e-03
-4.134876653552055359e-02
-2.229166915640234947e-03
-1.119113937020301819e-01
-8.242340758442878723e-03
-8.228398859500885010e-02
-2.990265935659408569e-02
4.830258898437023163e-03
-3.862941265106201172e-02
5.989604629576206207e-03
-4.559256881475448608e-02
-2.867129631340503693e-03
3.808848559856414795e-02
-6.009210646152496338e-02
-1.304754987359046936e-02
7.278560847043991089e-02
2.067659609019756317e-02
6.301284581422805786e-02
-1.886122487485408783e-02
4.500749334692955017e-02
4.588110372424125671e-02
-4.935349803417921066e-03
2.705730684101581573e-02
2.038026042282581329e-02
2.177279070019721985e-02
7.041577715426683426e-03
1.468724384903907776e-02
-9.062830358743667603e-03
-1.648006215691566467e-02
-1.614920981228351593e-02
-9.310089796781539917e-02
3.231634618714451790e-03
4.594529047608375549e-02
4.666137695312500000e-02
3.911578282713890076e-02
3.826447948813438416e-02
9.951761923730373383e-03
-8.191947825253009796e-03
-5.753834545612335205e-02
3.163812682032585144e-02
-4.194047651253640652e-04
9.947709739208221436e-03
2.557863481342792511e-02
9.940735995769500732e-03
-3.687905520200729370e-02
-3.685954213142395020e-02
2.464528381824493408e-02
-3.270265460014343262e-02
-3.673923388123512268e-02
5.425702035427093506e-02
2.575218677520751953e-03
-2.223717980086803436e-02
-3.989268094301223755e-03
7.434321194887161255e-02
-8.092879503965377808e-02
6.317793577909469604e-02
7.717880886048078537e-03
2.938784100115299225e-02
-5.502157285809516907e-02
3.173998370766639709e-02
-1.725644618272781372e-02
1.112974956631660461e-01
5.949757993221282959e-02
-7.033275812864303589e-02
-1.406376529484987259e-02
-4.021836072206497192e-02
1.264872401952743530e-02
-4.013819247484207153e-02
4.530334472656250000e-02
9.662686847150325775e-03
1.397537998855113983e-02
-6.006187573075294495e-02
1.785440742969512939e-02
4.717169702053070068e-02
2.705578505992889404e-02
-7.336766459047794342e-03
6.125143542885780334e-02
-1.878827624022960663e-02
-4.689839482307434082e-02
3.006653161719441414e-03
-6.398570537567138672e-02
1.111128553748130798e-02
1.116835977882146835e-02
-1.781447418034076691e-02
4.577485844492912292e-02
-3.446429967880249023e-02
1.802518591284751892e-02
2.391063235700130463e-02
-9.436821937561035156e-02
3.294603154063224792e-02
-6.711528170853853226e-03
-1.414418593049049377e-02
-2.112899534404277802e-02
-6.317774951457977295e-02
3.546316921710968018e-02
5.250511690974235535e-02
4.289031773805618286e-02
-8.310627192258834839e-02
4.118171334266662598e-02
-1.885400852188467979e-03
-4.145655781030654907e-02
-1.973098143935203552e-02
-3.751345351338386536e-02
-4.047709517180919647e-03
-3.163693845272064209e-02
-1.672904007136821747e-02
3.686476126313209534e-02
1.405873335897922516e-02
5.562282353639602661e-02
6.119420751929283142e-02
-1.182905510067939758e-01
5.928054917603731155e-03
-6.711674481630325317e-02
-6.333717145025730133e-03
2.005668589845299721e-03
4.738607257604598999e-02
-2.870799042284488678e-02
3.846346959471702576e-02
7.999095320701599121e-02
9.406937751919031143e-04
-2.677807398140430450e-02
1.994892768561840057e-02
-1.831352710723876953e-04
4.270797222852706909e-02
4.899498447775840759e-02
-9.745710529386997223e-03
7.303050160408020020e-02
1.551078446209430695e-02
3.420924395322799683e-02
-6.819485127925872803e-02
-3.928810730576515198e-02
-8.157415688037872314e-02
3.780538961291313171e-02
2.668217197060585022e-02
7.962003350257873535e-02
-3.186896815896034241e-02
-1.694600656628608704e-02
-3.671132400631904602e-02
-2.970076352357864380e-02
-5.542499013245105743e-03
2.518686233088374138e-03
2.537224441766738892e-02
1.251394394785165787e-02
5.551305599510669708e-03
-2.803199738264083862e-02
-1.214425358921289444e-02
-2.426506578922271729e-02
-1.974833942949771881e-02
1.193751304526813328e-04
4.195067659020423889e-02
1.235905755311250687e-02
-2.588285319507122040e-02
-8.108577132225036621e-02
9.219203144311904907e-02
-3.077362291514873505e-02
5.355313047766685486e-02
5.741162598133087158e-02
-4.625849425792694092e-02
-4.138746485114097595e-02
-2.276926301419734955e-02
9.808893082663416862e-04
2.565843984484672546e-02
1.040377188473939896e-02
4.081961885094642639e-02
2.696532290428876877e-03
3.395477309823036194e-02
-4.785440117120742798e-02
8.426574617624282837e-02
-4.730765894055366516e-02
-3.873165324330329895e-02
1.981635950505733490e-02
7.584404200315475464e-02
-1.780261099338531494e-02
8.940701931715011597e-02
4.995088279247283936e-02
-6.344594061374664307e-02
-1.557035651057958603e-02
-2.936084195971488953e-02
4.256252665072679520e-03
9.553145617246627808e-02
-1.195951085537672043e-02
-3.894485533237457275e-02
1.327468734234571457e-02
-8.007895201444625854e-02
-6.347473710775375366e-02
-5.705552548170089722e-02
-1.291043218225240707e-02
1.183976698666810989e-02
4.746038001030683517e-03
3.131181467324495316e-03
-5.528489872813224792e-02
5.225709173828363419e-03
-1.882417127490043640e-02
-5.452478677034378052e-02
-6.965428590774536133e-02
2.582845464348793030e-02
-2.785838022828102112e-02
4.320415854454040527e-02
-2.947025001049041748e-02
6.785822659730911255e-02
3.239073231816291809e-02
6.232098862528800964e-02
9.584499523043632507e-03
1.828358881175518036e-02
2.108635753393173218e-02
-8.619810454547405243e-03
2.115237899124622345e-02
4.604957625269889832e-02
3.134980425238609314e-02
1.281396951526403427e-02
-3.280121600255370140e-03
-1.976778917014598846e-02
-3.395666554570198059e-02
-1.449811458587646484e-02
8.107853680849075317e-02
3.686064481735229492e-02
2.779311500489711761e-03
5.647097248584032059e-03
-8.829262107610702515e-03
-7.310931384563446045e-02
-1.487560663372278214e-02
8.510250598192214966e-02
-6.438248604536056519e-02
-1.614718884229660034e-02
-1.697332412004470825e-02
3.607953339815139771e-02
-6.484396010637283325e-02
-3.501128032803535461e-02
-1.060803011059761047e-01
-3.830944001674652100e-02
1.769599691033363342e-02
4.040853306651115417e-02
-4.851214587688446045e-02
-3.560848906636238098e-02
8.899278938770294189e-02
-4.179774224758148193e-02
-3.547612205147743225e-02
4.960973560810089111e-02
-5.566467344760894775e-02
9.209389984607696533e-02
9.400746785104274750e-03
-3.543777763843536377e-02
-8.251357823610305786e-02
4.848978295922279358e-02
9.962871670722961426e-02
-4.312742128968238831e-02
-1.742981374263763428e-02
-3.057710826396942139e-02
-5.007524788379669189e-02
1.200354564934968948e-02
8.794180303812026978e-02
4.974405840039253235e-02
-3.429435938596725464e-02
8.356376737356185913e-02
-4.506425186991691589e-02
2.990338020026683807e-03
1.998662017285823822e-02
-2.656796760857105255e-02
3.575237700715661049e-03
-1.527155470103025436e-02
6.443756818771362305e-02
-3.850171715021133423e-02
-2.626676112413406372e-02
-4.768759943544864655e-03
-6.427089869976043701e-02
-6.084971129894256592e-02
-4.217480868101119995e-02
-6.483557075262069702e-02
4.493794869631528854e-03
8.588625118136405945e-03
-7.307667401619255543e-04
8.957303315401077271e-02
-2.413391135632991791e-02
-2.795224077999591827e-02
2.682975493371486664e-02
-6.205331906676292419e-02
2.667474746704101562e-02
-3.998333588242530823e-02
4.238446429371833801e-02
4.244234040379524231e-02
-5.249377712607383728e-02
-2.328932657837867737e-02
1.415912760421633720e-03
-2.818613313138484955e-02
1.768620498478412628e-02
-3.173588216304779053e-02
6.861109286546707153e-02
4.619669169187545776e-02
1.789343357086181641e-02
-5.985271558165550232e-02
2.249782159924507141e-02
-1.860278099775314331e-02
-5.629302933812141418e-02
-7.519444916397333145e-03
3.250789642333984375e-02
4.575028643012046814e-02
-2.128798887133598328e-02
-4.810670856386423111e-03
1.357471104711294174e-02
-3.058105707168579102e-02
3.243295848369598389e-02
2.746986597776412964e-02
3.331952914595603943e-02
5.415061954408884048e-03
-1.248658448457717896e-02
-1.976921595633029938e-02
5.581619590520858765e-02
5.605934187769889832e-02
1.784543879330158234e-02
3.678039833903312683e-02
-4.693261906504631042e-02
-1.243342086672782898e-02
5.323553923517465591e-03
5.120544880628585815e-02
3.801775397732853889e-03
3.223770111799240112e-02
-5.298973992466926575e-02
1.747108623385429382e-02
-1.745622605085372925e-02
9.747105091810226440e-02
-3.464741259813308716e-02
-2.603054046630859375e-02
-1.944883726537227631e-02
-5.403228104114532471e-02
-1.689981482923030853e-02
1.759157888591289520e-02
2.562699140980839729e-03
5.718744359910488129e-03
2.327488921582698822e-02
-5.583047866821289062e-02
7.187704741954803467e-02
6.291262060403823853e-02
9.787987172603607178e-02
-1.877078972756862640e-02
-1.787606999278068542e-02
5.140502378344535828e-02
-3.039425797760486603e-02
5.232923850417137146e-02
2.568386727944016457e-03
3.829098492860794067e-02
-5.367266945540904999e-03
5.391187034547328949e-03
7.539287209510803223e-03
-4.727842751890420914e-03
-2.788117621093988419e-03
-1.036006864160299301e-02
-3.671126067638397217e-02
3.345037996768951416e-02
-2.284463681280612946e-02
6.837504357099533081e-02
1.118737533688545227e-01
5.675641819834709167e-02
-7.390198111534118652e-02
1.190328598022460938e-02
4.226825386285781860e-02
4.464991763234138489e-02
-1.916393823921680450e-02
6.046690512448549271e-03
-8.512629568576812744e-02
6.361454725265502930e-02
1.046036835759878159e-02
-6.813405454158782959e-02
-7.213031873106956482e-03
2.055582590401172638e-02
-4.142625629901885986e-02
3.273832798004150391e-02
1.776823215186595917e-02
-1.104786433279514313e-02
7.411603629589080811e-02
-4.198109358549118042e-02
3.377575799822807312e-02
-1.692738197743892670e-02
5.761749297380447388e-02
1.583656296133995056e-02
-2.619375009089708328e-03
-2.091371081769466400e-02
-4.509655758738517761e-02
-7.218729704618453979e-03
6.818033009767532349e-02
9.214459359645843506e-02
-1.031293882988393307e-03
7.463397923856973648e-03
5.632710643112659454e-03
-1.639825478196144104e-02
1.644394360482692719e-02
5.454075336456298828e-02
-1.156059931963682175e-02
6.038465071469545364e-03
2.148769609630107880e-02
8.877544105052947998e-02
-5.645363405346870422e-02
-2.908466197550296783e-02
8.268118649721145630e-02
-1.227049436420202255e-02
-3.073077648878097534e-02
-5.110005661845207214e-02
-7.154466211795806885e-02
7.813404500484466553e-02
8.007042109966278076e-03
-5.841425061225891113e-02
-1.833833567798137665e-02
7.723622024059295654e-02
3.180040791630744934e-02
-4.956315085291862488e-02
-1.892593130469322205e-02
6.368014961481094360e-02
4.940927773714065552e-02
2.682797797024250031e-02
-5.788554623723030090e-02
-1.976514607667922974e-02
-3.382560610771179199e-02
-3.652319312095642090e-02
3.828931832686066628e-03
-3.878024592995643616e-02
-4.402776435017585754e-02
3.841228783130645752e-02
-5.377753451466560364e-02
-1.057622488588094711e-02
-1.653690007515251637e-03
-4.863008391112089157e-03
2.447874285280704498e-02
6.210583820939064026e-02
-7.853396981954574585e-02
-3.295198082923889160e-02
-9.188818186521530151e-02
-7.433477789163589478e-02
4.706943780183792114e-02
-2.112310379743576050e-02
-5.364176630973815918e-02
-2.612939104437828064e-02
5.692521110177040100e-02
-3.977805748581886292e-02
5.728742852807044983e-02
-1.738538406789302826e-02
-3.846522048115730286e-02
-3.136704117059707642e-02
5.003664270043373108e-02
-1.573655754327774048e-02
2.105337753891944885e-02
-5.993823055177927017e-03
4.214577376842498779e-02
5.399763956665992737e-02
-1.396770868450403214e-02
5.608094856142997742e-03
2.158999815583229065e-02
-6.290968507528305054e-02
9.639289975166320801e-02
6.096766516566276550e-02
-4.942964017391204834e-02
-6.083720177412033081e-02
3.108836710453033447e-02
1.644439809024333954e-02
1.968808472156524658e-02
1.948778703808784485e-02
1.879257895052433014e-02
5.935937911272048950e-02
-1.319879107177257538e-02
9.445662051439285278e-02
-2.036894671618938446e-02
-1.643585972487926483e-02
-7.316735386848449707e-02
-2.005421742796897888e-02
6.186507642269134521e-02
8.296084403991699219e-02
-3.832937031984329224e-02
1.461790222674608231e-02
-8.042901754379272461e-02
-6.828131736256182194e-04
-4.088082537055015564e-02
-2.536587649956345558e-03
1.289144810289144516e-02
-1.347917467355728149e-01
2.971465326845645905e-02
-9.155551344156265259e-02
3.431060537695884705e-02
5.491232499480247498e-03
3.934302181005477905e-02
3.141571953892707825e-02
-8.253485895693302155e-03
-8.229811675846576691e-03
7.486745715141296387e-02
-6.240473315119743347e-02
1.986761391162872314e-02
5.183565989136695862e-02
5.122685059905052185e-02
-5.778284370899200439e-02
5.270912498235702515e-02
5.251369997859001160e-02
1.618768274784088135e-02
1.687240414321422577e-02
3.769762441515922546e-02
-2.889132499694824219e-02
-4.861364141106605530e-02
3.803678974509239197e-02
-4.054645821452140808e-02
-5.112777650356292725e-02
3.035968355834484100e-02
-8.995267748832702637e-02
2.566422102972865105e-03
7.640191912651062012e-02
-4.407281428575515747e-02
2.292627282440662384e-02
-5.144756287336349487e-02
-4.403822496533393860e-02
-7.647741585969924927e-03
-3.110228339210152626e-03
7.247889041900634766e-02
3.677489235997200012e-02
6.513589061796665192e-03
5.117479246109724045e-03
-2.808558521792292595e-03
8.819462358951568604e-02
-2.800477482378482819e-02
-1.067788153886795044e-02
4.170970618724822998e-02
-5.761772766709327698e-02
-6.001918576657772064e-03
-4.452912509441375732e-02
5.892378836870193481e-02
-1.798836700618267059e-02
-7.736016064882278442e-02
-3.222438972443342209e-03
6.353928148746490479e-02
1.300372462719678879e-02
6.199103663675487041e-04
-3.700819984078407288e-02
-7.111652195453643799e-02
4.359378479421138763e-03
6.662168353796005249e-02
9.504765272140502930e-02
3.855631127953529358e-02
6.334023922681808472e-02
-8.780165016651153564e-02
-8.422528952360153198e-02
-1.806548796594142914e-02
-1.701677031815052032e-02
-3.602366894483566284e-02
-3.719173371791839600e-02
3.874079557135701180e-03
-1.094629317522048950e-01
3.835263103246688843e-02
-2.356391167268157005e-03
3.861634433269500732e-02
-1.919870637357234955e-02
8.363183587789535522e-02
8.741784840822219849e-02
-4.968702420592308044e-02
-2.150498889386653900e-02
7.714993506669998169e-02
-2.821265161037445068e-02
6.639470160007476807e-02
1.217595580965280533e-02
-3.015920892357826233e-02
-4.311944916844367981e-02
-2.271921187639236450e-02
2.680056542158126831e-02
-6.412616372108459473e-02
7.067953795194625854e-02
-1.317196711897850037e-02
3.073203191161155701e-02
5.895138718187808990e-03
3.083688206970691681e-02
-8.182106167078018188e-02
-3.341162949800491333e-02
-9.753251820802688599e-02
9.791532903909683228e-02
1.868911646306514740e-02
4.143430665135383606e-02
-8.884508162736892700e-02
3.905538842082023621e-02
7.197467237710952759e-02
8.226331323385238647e-02
1.383665353059768677e-01
-4.341204091906547546e-02
7.526526600122451782e-02
-8.123978972434997559e-02
-2.137359045445919037e-02
-2.290173619985580444e-02
5.080241337418556213e-02
-5.119691789150238037e-02
-3.262552991509437561e-02
5.546299740672111511e-03
-2.518674358725547791e-02
-1.038045734167098999e-01
1.348733063787221909e-02
-2.043571881949901581e-02
3.039608336985111237e-02
-2.997947111725807190e-02
-3.563421219587326050e-02
-9.988030791282653809e-02
-2.668095985427498817e-03
-4.339158907532691956e-02
-7.529722899198532104e-02
1.336481422185897827e-02
-2.508380636572837830e-02
1.570030115544795990e-02
-6.113356724381446838e-02
9.743677452206611633e-03
5.257405340671539307e-02
4.849746450781822205e-02
2.276953496038913727e-02
-4.406381398439407349e-02
-1.552566420286893845e-02
-7.109796255826950073e-02
-4.916415736079216003e-02
3.069549985229969025e-02
1.656653173267841339e-02
2.959460951387882233e-02
-2.863244712352752686e-02
6.184745207428932190e-02
1.866274327039718628e-02
2.320361509919166565e-02
-3.140598535537719727e-03
3.902576491236686707e-02
6.934527307748794556e-02
-6.341238319873809814e-02
-3.080956405028700829e-03
8.462755009531974792e-03
-6.649991869926452637e-02
