-2.464533783495426178e-02
-5.038179922848939896e-03
2.674120664596557617e-02
-5.303860455751419067e-02
9.718418121337890625e-02
-2.403859607875347137e-02
-2.787258289754390717e-02
1.637985557317733765e-02
4.158611223101615906e-02
-8.535075001418590546e-03
1.138808019459247589e-02
6.719894707202911377e-02
-1.124676596373319626e-02
2.999515272676944733e-02
1.145920753479003906e-01
-5.001761764287948608e-02
3.795184567570686340e-02
1.561869215220212936e-02
-7.918404042720794678e-02
-1.996910199522972107e-02
6.869963556528091431e-02
-3.638028353452682495e-02
-9.110481292009353638e-02
-2.445355430245399475e-02
6.077503412961959839e-02
4.606845602393150330e-02
1.935323514044284821e-02
-3.972008079290390015e-02
5.180260911583900452e-02
6.224384903907775879e-02
1.180240325629711151e-02
4.614782333374023438e-02
3.653648495674133301e-02
-3.436743468046188354e-02
1.856809854507446289e-02
-1.064987946301698685e-02
-8.960032463073730469e-02
-3.360712900757789612e-02
-4.529357887804508209e-03
-1.305234525352716446e-02
1.264157146215438843e-02
4.921744018793106079e-02
-4.938623681664466858e-02
8.794764988124370575e-03
4.172886535525321960e-02
-6.639233976602554321e-02
7.896538823843002319e-02
9.840158373117446899e-02
6.275562196969985962e-02
4.311984404921531677e-02
-5.656260251998901367e-02
-8.418332040309906006e-02
6.832115352153778076e-02
-5.930633097887039185e-02
3.736959770321846008e-02
1.370941288769245148e-02
-3.483520448207855225e-02
6.316429376602172852e-02
-1.986720785498619080e-02
4.130235686898231506e-02
-6.839669495820999146e-02
4.202985018491744995e-02
-3.907959442585706711e-03
-2.765668742358684540e-02
1.370630110614001751e-03
-5.448004603385925293e-02
-1.445347722619771957e-02
1.369942072778940201e-02
2.146655879914760590e-02
-6.048189848661422729e-02
-2.035838086158037186e-03
-1.076736859977245331e-02
-2.828735485672950745e-02
4.973552748560905457e-02
-2.174553647637367249e-02
-9.072323329746723175e-03
-3.776592388749122620e-02
4.906553402543067932e-02
2.397405169904232025e-02
-8.849871903657913208e-02
-1.635605543851852417e-01
5.844314768910408020e-02
-5.631304159760475159e-02
1.994137465953826904e-02
-1.012684777379035950e-01
9.314515627920627594e-03
1.947467960417270660e-02
-6.413472350686788559e-03
5.823865905404090881e-02
-4.218453913927078247e-02
7.480882108211517334e-03
2.750945463776588440e-02
6.405143998563289642e-03
-5.237841047346591949e-03
-6.577523797750473022e-02
3.203042224049568176e-02
4.664160683751106262e-02
3.567216917872428894e-02
-3.653677925467491150e-02
-1.437860634177923203e-02
8.962003886699676514e-02
5.743553116917610168e-02
3.280549868941307068e-02
-5.047583207488059998e-02
3.625682368874549866e-02
-4.153927415609359741e-02
-1.903784833848476410e-02
6.141819432377815247e-02
-1.030951924622058868e-02
-4.297224059700965881e-02
-5.687619093805551529e-03
5.145465210080146790e-02
5.129555612802505493e-02
4.510425031185150146e-03
8.754381909966468811e-03
1.566886156797409058e-02
2.867546491324901581e-02
4.105155915021896362e-02
-1.057383418083190918e-01
9.179487824440002441e-04
2.121889591217041016e-02
-2.285700663924217224e-02
1.839827559888362885e-02
3.919870033860206604e-02
-5.041858181357383728e-02
1.796818338334560394e-02
9.839241206645965576e-02
1.656876504421234131e-02
-1.795091107487678528e-02
9.808520227670669556e-02
3.007331863045692444e-02
8.888585492968559265e-03
1.220798641443252563e-01
1.779372245073318481e-02
-5.014434456825256348e-02
2.085634693503379822e-02
-5.645601078867912292e-02
-6.220633909106254578e-02
-5.481607280671596527e-03
6.725391745567321777e-02
5.948824435472488403e-02
-2.074046805500984192e-02
-5.063755437731742859e-02
2.581989951431751251e-02
7.361279428005218506e-02
-6.412302702665328979e-02
-1.060860157012939453e-01
5.506243929266929626e-02
-2.476352825760841370e-02
-5.066368248662911355e-05
-7.013577222824096680e-02
5.286549404263496399e-02
-8.528501540422439575e-02
4.235147312283515930e-02
-1.436273939907550812e-02
3.075998090207576752e-02
1.326073054224252701e-02
1.923781633377075195e-02
2.720258757472038269e-02
-4.140948504209518433e-02
4.214654117822647095e-02
2.638673642650246620e-03
-1.873986236751079559e-02
-4.294250160455703735e-02
-4.218528047204017639e-02
-1.649801433086395264e-02
-4.101577680557966232e-03
-1.995257480302825570e-04
8.554346114397048950e-02
2.737126685678958893e-02
4.628097172826528549e-03
-2.121210098266601562e-02
-5.767089896835386753e-04
1.457345951348543167e-02
3.740459680557250977e-02
-4.438050463795661926e-02
-1.036404515616595745e-03
-2.246407978236675262e-02
5.638293549418449402e-02
8.778189076110720634e-04
1.403499976731836796e-03
3.691924735903739929e-02
4.230673983693122864e-02
-6.773316767066717148e-03
-4.759028926491737366e-02
-1.682014577090740204e-02
-3.442753478884696960e-02
7.998916320502758026e-03
-1.163605507463216782e-02
-6.745291501283645630e-02
-3.442147001624107361e-02
-1.385752297937870026e-02
3.041557408869266510e-02
5.475272890180349350e-03
-3.752467408776283264e-02
-5.458889529109001160e-02
1.565458998084068298e-02
8.070931769907474518e-03
-4.419824481010437012e-02
-1.441828906536102295e-02
3.285037586465477943e-03
5.624853819608688354e-02
4.592280462384223938e-02
-3.384348750114440918e-02
3.595729544758796692e-02
3.616371378302574158e-02
6.566836684942245483e-02
4.287663847208023071e-02
-4.288543015718460083e-02
4.257024452090263367e-02
-2.117578499019145966e-02
-6.282777339220046997e-02
-5.358826741576194763e-02
3.723361715674400330e-02
-2.905999496579170227e-02
2.254326269030570984e-02
-8.091785013675689697e-02
3.427341580390930176e-02
-2.547204308211803436e-02
-8.878321386873722076e-03
1.791671104729175568e-02
-1.749247871339321136e-02
-1.327388081699609756e-02
1.319346018135547638e-02
1.895512454211711884e-02
4.851862415671348572e-02
1.139119043946266174e-01
4.813590273261070251e-02
3.535318747162818909e-02
5.096158757805824280e-02
2.487791888415813446e-02
-2.476430311799049377e-02
-4.986141249537467957e-02
2.542025223374366760e-02
-7.380234450101852417e-02
-6.523586809635162354e-03
-6.962873972952365875e-03
-1.180812064558267593e-02
1.482619065791368484e-02
-2.961815893650054932e-02
4.286096245050430298e-02
-2.931737340986728668e-02
-3.848808258771896362e-02
5.940952338278293610e-03
-4.178302735090255737e-02
8.767807483673095703e-02
-2.355545759201049805e-02
-1.618249528110027313e-02
3.161575179547071457e-03
-4.103163722902536392e-03
1.156777814030647278e-01
-3.327789902687072754e-02
4.621595144271850586e-03
1.712467893958091736e-02
1.013107821345329285e-01
-7.350069005042314529e-03
-4.463136941194534302e-02
-9.197092056274414062e-02
-8.152951486408710480e-03
-2.976740710437297821e-02
-5.835047736763954163e-02
-3.335156291723251343e-02
1.280604451894760132e-01
-6.983875483274459839e-02
5.743963178247213364e-03
-2.102566650137305260e-03
-1.580757461488246918e-02
-4.416709393262863159e-02
6.885223835706710815e-02
6.050202529877424240e-03
-8.022425323724746704e-02
1.928390003740787506e-03
-9.465727955102920532e-02
-5.140772555023431778e-03
-3.882271796464920044e-02
-3.316686302423477173e-02
6.712362915277481079e-02
1.931859366595745087e-02
7.518357783555984497e-02
2.105946652591228485e-02
3.929995931684970856e-03
-3.963943198323249817e-02
-2.112730033695697784e-02
1.407064311206340790e-02
-5.526699498295783997e-02
9.004577249288558960e-02
1.559445261955261230e-02
-4.092491790652275085e-02
4.858973994851112366e-02
6.512715667486190796e-02
-2.603826485574245453e-02
-6.901022046804428101e-02
4.958460107445716858e-02
-1.513826847076416016e-02
-5.025984719395637512e-02
-3.765284270048141479e-02
-6.386583298444747925e-02
2.637463039718568325e-04
1.432322245091199875e-02
-2.580115199089050293e-02
-1.027174014598131180e-02
1.017995830625295639e-02
2.692269906401634216e-02
-7.832156121730804443e-02
-7.179636042565107346e-03
-5.338516086339950562e-02
-1.492485683411359787e-02
-3.242762014269828796e-02
9.896436240524053574e-04
-5.077596753835678101e-03
3.609869256615638733e-02
-1.684092357754707336e-02
6.006625294685363770e-02
3.834979142993688583e-03
-8.948849863372743130e-04
-6.994329392910003662e-03
5.081829056143760681e-02
2.053155563771724701e-02
-3.253456205129623413e-02
-5.293358117341995239e-02
3.175633400678634644e-02
-1.361529715359210968e-02
-6.085186265408992767e-03
-6.779380142688751221e-02
4.056958109140396118e-02
6.345514208078384399e-02
-3.039288893342018127e-02
1.203749910928308964e-03
-6.826829165220260620e-02
-1.509356591850519180e-02
-2.817263267934322357e-02
5.989393591880798340e-02
1.168202515691518784e-02
8.296512812376022339e-02
-7.629700750112533569e-02
-1.687528565526008606e-02
-4.145571216940879822e-02
-3.414193168282508850e-02
-1.025469880551099777e-02
-2.922284975647926331e-02
-1.771378330886363983e-02
-4.428394883871078491e-02
-5.093528702855110168e-02
-4.061229154467582703e-02
-3.534307330846786499e-02
4.268846288323402405e-02
-8.012473583221435547e-02
-1.138341426849365234e-02
-1.532237394712865353e-03
-6.263580173254013062e-02
-4.207020252943038940e-02
-1.512246299535036087e-02
-2.624045871198177338e-02
5.050922185182571411e-02
-4.115729406476020813e-02
-3.797369450330734253e-02
-3.696293383836746216e-02
2.502181800082325935e-03
-3.385724499821662903e-02
-1.011030189692974091e-02
3.396378085017204285e-02
5.333432927727699280e-02
4.221459478139877319e-02
-3.224183991551399231e-02
-2.751066163182258606e-02
-3.800496831536293030e-02
8.858411572873592377e-03
-2.635209448635578156e-02
-1.612571068108081818e-02
-4.503557458519935608e-02
-8.279262483119964600e-02
-4.357831925153732300e-02
8.939983695745468140e-02
3.683222457766532898e-02
-5.957308690994977951e-03
-6.212897226214408875e-02
-2.247215481474995613e-03
-1.088600512593984604e-02
-5.540840700268745422e-02
-3.051127307116985321e-02
3.080181218683719635e-02
-9.581551700830459595e-02
-8.327455259859561920e-03
2.482706122100353241e-02
-2.293651923537254333e-02
-6.852353923022747040e-03
1.162257138639688492e-02
3.581632301211357117e-02
2.422955259680747986e-02
-3.808172652497887611e-03
8.222008496522903442e-02
5.439657345414161682e-02
4.404229577630758286e-03
-1.568240841152146459e-04
-2.039162209257483482e-03
5.102681741118431091e-02
3.326968103647232056e-02
-1.673094369471073151e-02
1.779178157448768616e-02
-3.974214196205139160e-03
-6.008855067193508148e-03
-5.119892209768295288e-02
2.386319451034069061e-02
-1.025341898202896118e-01
4.349952936172485352e-02
2.212421968579292297e-03
2.784388470900012180e-06
6.690724194049835205e-02
1.881654752651229501e-04
-4.091142863035202026e-02
7.796091586351394653e-02
-3.141213208436965942e-02
-1.224925369024276733e-01
-4.662715643644332886e-02
2.036604285240173340e-02
-4.470983520150184631e-02
-3.317740187048912048e-02
8.795257657766342163e-02
2.456769160926342010e-02
7.796439342200756073e-03
-9.965621680021286011e-02
-4.218594357371330261e-02
5.755034741014242172e-03
-6.047123111784458160e-03
-3.071929514408111572e-02
4.771333560347557068e-02
-3.799191489815711975e-02
-3.256484121084213257e-02
-1.064636651426553726e-02
3.944829851388931274e-02
6.496980786323547363e-02
-1.154974699020385742e-01
6.169750168919563293e-02
5.730560049414634705e-02
6.814161688089370728e-02
2.968077780678868294e-03
-5.375013872981071472e-02
-1.882010512053966522e-02
3.300725296139717102e-02
-1.288059819489717484e-02
6.339095067232847214e-03
2.687685564160346985e-02
-5.269507691264152527e-02
-1.588128320872783661e-02
-2.658534049987792969e-02
7.758925855159759521e-02
7.201457023620605469e-02
8.662947453558444977e-03
-2.629734389483928680e-02
-3.985450603067874908e-03
9.109316766262054443e-02
7.588947657495737076e-03
-1.516174618154764175e-02
9.537001140415668488e-03
1.994194276630878448e-02
-9.934155270457267761e-03
5.395374447107315063e-02
2.249721251428127289e-02
-5.200823023915290833e-02
-4.324105754494667053e-02
-9.658885002136230469e-02
4.420801997184753418e-02
-8.635002188384532928e-03
2.790488861501216888e-02
-1.303055044263601303e-02
1.626527123153209686e-02
-3.352919965982437134e-02
2.893620403483510017e-03
7.349606137722730637e-03
-2.726488979533314705e-03
-5.033746734261512756e-02
-1.065715681761503220e-02
6.124157086014747620e-02
-3.341980651021003723e-02
-4.424465075135231018e-02
1.718089170753955841e-02
2.132302150130271912e-02
4.921564087271690369e-02
4.464834928512573242e-04
4.693710245192050934e-03
7.408887892961502075e-02
-5.596216069534420967e-04
4.479116201400756836e-02
4.132147505879402161e-02
-2.062092907726764679e-02
-3.693260252475738525e-03
-5.233450792729854584e-03
3.928338736295700073e-02
-6.457986682653427124e-02
6.718829274177551270e-03
-3.668356314301490784e-02
3.771538659930229187e-02
1.896412856876850128e-02
4.144703224301338196e-02
-3.821184509433805943e-04
-5.535654351115226746e-02
-2.722135186195373535e-02
4.274932667613029480e-02
-4.840390756726264954e-02
-1.325646881014108658e-02
-5.288019031286239624e-02
1.081648934632539749e-02
2.520969696342945099e-02
-8.340144157409667969e-02
4.639289900660514832e-02
1.426454726606607437e-02
6.366985291242599487e-02
8.022245950996875763e-03
1.049482170492410660e-02
5.280162673443555832e-03
-6.753391772508621216e-02
-8.123152703046798706e-02
3.426708281040191650e-02
-8.017753064632415771e-02
4.183229431509971619e-02
5.153592303395271301e-02
-9.085416793823242188e-02
-2.416675351560115814e-02
-3.596896678209304810e-02
-2.529662847518920898e-02
6.582255940884351730e-03
-3.769528865814208984e-02
7.164384238421916962e-03
-2.358948625624179840e-02
2.626284956932067871e-03
5.880888924002647400e-02
4.427750781178474426e-02
4.361810907721519470e-02
-8.603242784738540649e-02
-3.846347332000732422e-03
2.616236917674541473e-02
-1.440182421356439590e-02
-6.330539286136627197e-02
-6.975676398724317551e-03
1.511489879339933395e-02
5.078411102294921875e-02
-2.972702961415052414e-03
3.863959386944770813e-02
-3.107653930783271790e-02
4.355445504188537598e-02
4.026681929826736450e-02
-2.034669183194637299e-02
1.227148529142141342e-02
-4.290746524930000305e-02
2.288678660988807678e-02
-6.354674696922302246e-03
6.347400695085525513e-02
2.391722425818443298e-02
4.738315939903259277e-02
4.467874392867088318e-02
-8.680554106831550598e-03
-2.264972403645515442e-02
-4.124790802597999573e-02
-4.541880264878273010e-02
-4.514936730265617371e-02
2.127809450030326843e-02
-4.995889589190483093e-02
5.998482927680015564e-02
1.050102617591619492e-02
1.592172309756278992e-02
-1.917533203959465027e-02
2.129739848896861076e-03
-2.481193654239177704e-02
2.848548465408384800e-04
-2.875508926808834076e-02
-4.175112582743167877e-03
-3.456708416342735291e-02
-3.560838848352432251e-02
-2.662514336407184601e-02
7.661640644073486328e-02
3.007979504764080048e-02
6.469473242759704590e-02
-1.724109612405300140e-02
5.960502102971076965e-02
1.080034207552671432e-02
-6.714279949665069580e-02
-4.967928305268287659e-02
-4.627570882439613342e-02
-1.223265603184700012e-01
-1.509375404566526413e-02
6.229081004858016968e-02
1.571516692638397217e-02
4.861903563141822815e-02
4.957300797104835510e-02
-8.862321823835372925e-02
-4.656825622078031301e-04
-3.082525357604026794e-02
-6.334440410137176514e-02
-2.229914069175720215e-03
4.738069139420986176e-03
1.602515019476413727e-02
-3.883862867951393127e-02
-3.110294044017791748e-02
6.278561893850564957e-03
2.087279781699180603e-02
-9.828527458012104034e-03
-7.062058150768280029e-02
3.693023696541786194e-02
6.425846368074417114e-02
-2.934891916811466217e-02
1.526965061202645302e-03
1.434344239532947540e-02
-1.855613291263580322e-02
2.334577729925513268e-03
5.239716172218322754e-02
1.075593754649162292e-01
4.292614385485649109e-02
9.845048189163208008e-03
3.592883422970771790e-02
-4.251558333635330200e-02
7.567092031240463257e-02
3.763205558061599731e-02
-5.138048157095909119e-02
-1.601613871753215790e-02
7.353593409061431885e-02
2.790850820019841194e-03
-3.507095947861671448e-02
-3.100888989865779877e-02
-1.117667462676763535e-02
-7.557667326182126999e-03
-2.659062854945659637e-02
-4.495167359709739685e-02
-1.516681164503097534e-03
1.110934372991323471e-02
2.798699960112571716e-02
9.033522568643093109e-03
1.438808143138885498e-01
1.763663068413734436e-02
-4.633914306759834290e-02
2.103324420750141144e-02
7.100275903940200806e-02
5.876109749078750610e-02
3.301805630326271057e-02
7.323545217514038086e-02
9.100747294723987579e-03
5.117487162351608276e-02
-6.814836990088224411e-03
2.801541611552238464e-02
-5.343840271234512329e-02
-5.636635422706604004e-02
5.263194069266319275e-02
-4.435127228498458862e-02
2.569440007209777832e-02
6.699327845126390457e-03
3.837360814213752747e-02
2.298611216247081757e-02
1.936967112123966217e-02
-6.370884925127029419e-02
5.297717824578285217e-02
4.416939336806535721e-03
1.199076510965824127e-02
-5.260553583502769470e-02
-7.064685970544815063e-02
3.416704013943672180e-02
-7.719231303781270981e-03
-4.006288945674896240e-03
-3.162971138954162598e-02
3.688636422157287598e-02
1.513724029064178467e-02
-4.228578880429267883e-02
-6.674718856811523438e-02
2.572554722428321838e-02
-1.338622416369616985e-03
-3.253896906971931458e-02
3.329794853925704956e-02
8.490501344203948975e-02
-3.196853399276733398e-02
4.650601744651794434e-02
-2.850319258868694305e-02
-2.357064001262187958e-02
8.438766002655029297e-02
-3.789205104112625122e-02
-7.187499850988388062e-02
1.558881439268589020e-02
-4.936121031641960144e-02
1.944406516849994659e-02
4.188885912299156189e-02
-1.075148861855268478e-02
5.148593336343765259e-02
-5.028491467237472534e-02
-7.322508841753005981e-03
-1.734522357583045959e-02
4.336584825068712234e-03
1.428711577318608761e-03
-1.174594368785619736e-02
2.533541433513164520e-02
-4.317491501569747925e-02
7.764404267072677612e-02
2.221738733351230621e-02
2.517879940569400787e-02
-9.944698773324489594e-03
5.908780544996261597e-02
3.555744886398315430e-03
-5.184692889451980591e-02
-2.433916926383972168e-02
-9.029833599925041199e-03
-2.147647738456726074e-02
4.907989501953125000e-02
-7.826937362551689148e-03
-8.825824595987796783e-03
-3.264949843287467957e-02
-1.241468731313943863e-02
-3.035109303891658783e-02
5.369895696640014648e-02
2.274062298238277435e-02
-5.551932379603385925e-02
1.674552634358406067e-02
-2.582744695246219635e-02
1.803643815219402313e-02
-4.305316135287284851e-02
-1.645399071276187897e-02
-5.253292992711067200e-02
-1.125774439424276352e-02
2.036412246525287628e-02
4.750913940370082855e-03
2.494425885379314423e-02
4.633356258273124695e-02
8.968208916485309601e-03
4.300658032298088074e-02
9.681082330644130707e-03
4.132285341620445251e-02
-7.147220429033041000e-03
-3.736633807420730591e-03
-3.567519038915634155e-02
3.555382415652275085e-02
-1.966976746916770935e-02
-4.297596402466297150e-03
-1.382997445762157440e-02
-5.626918282359838486e-03
-1.714710728265345097e-03
-3.650708822533488274e-03
3.506358712911605835e-02
-2.458854205906391144e-02
-3.324822708964347839e-02
7.016326487064361572e-02
2.813540957868099213e-02
5.170413479208946228e-02
1.022725086659193039e-02
6.660325825214385986e-02
7.935675233602523804e-02
-3.845561668276786804e-02
-5.637064948678016663e-02
-5.311579629778862000e-02
-3.776941914111375809e-03
1.272408198565244675e-02
-5.487375706434249878e-02
3.925225511193275452e-02
-3.742999210953712463e-02
5.475484207272529602e-02
9.148410707712173462e-02
2.939740382134914398e-02
3.161991760134696960e-02
-6.990955024957656860e-02
8.515810593962669373e-03
-1.804505102336406708e-02
2.397278323769569397e-02
-3.445452451705932617e-02
1.868458092212677002e-02
1.868930459022521973e-02
4.340017214417457581e-02
1.313926931470632553e-02
-9.292764589190483093e-03
-1.234283391386270523e-02
-2.875348366796970367e-02
3.423127904534339905e-02
2.530058287084102631e-02
-5.581911280751228333e-02
-3.187569603323936462e-02
1.630010083317756653e-02
-8.765419013798236847e-03
1.675541861914098263e-03
-5.422096326947212219e-02
4.978736490011215210e-02
-9.230198338627815247e-03
-1.761568151414394379e-02
3.398742119316011667e-04
-4.182264208793640137e-03
-1.141200736165046692e-01
-3.589184209704399109e-02
3.627091273665428162e-02
-2.073021046817302704e-02
6.261911708861589432e-03
-1.394420675933361053e-02
-4.870293196290731430e-03
-5.026033893227577209e-02
-4.474918171763420105e-02
5.823711678385734558e-02
-3.125928714871406555e-02
-9.072287008166313171e-03
4.500115662813186646e-02
-6.328947842121124268e-02
1.312903407961130142e-02
7.305135577917098999e-02
-2.966940030455589294e-02
1.974661462008953094e-02
4.832842946052551270e-02
-4.676469787955284119e-02
3.391190618276596069e-02
2.526842243969440460e-02
4.101762175559997559e-02
-4.643477126955986023e-02
-1.805648021399974823e-02
1.317282766103744507e-02
-7.305204123258590698e-02
1.215347200632095337e-01
-8.825209923088550568e-03
-2.717950753867626190e-02
2.243080548942089081e-02
2.042651176452636719e-03
-1.434524916112422943e-02
4.327473789453506470e-02
8.239385671913623810e-03
-7.541634142398834229e-03
-1.044318638741970062e-02
-1.027659513056278229e-02
-7.990675047039985657e-03
-9.602241963148117065e-02
1.696237549185752869e-02
-2.008366025984287262e-02
5.791165307164192200e-02
-7.609955966472625732e-03
-3.512174263596534729e-02
-3.722568741068243980e-03
-2.743624709546566010e-02
4.932332038879394531e-02
7.727188616991043091e-02
4.243256524205207825e-02
5.998715758323669434e-02
-3.947402164340019226e-02
4.409116879105567932e-02
-3.942741081118583679e-02
-2.408093539997935295e-03
-3.920983523130416870e-02
-3.119196556508541107e-02
1.245898846536874771e-02
-2.905075065791606903e-02
-4.035472869873046875e-02
-1.703307218849658966e-02
3.860006108880043030e-02
1.516083907335996628e-02
2.618620172142982483e-02
-1.153050921857357025e-02
1.683132909238338470e-02
2.283046953380107880e-02
-7.432692497968673706e-02
8.180489391088485718e-02
2.081714570522308350e-03
1.569689251482486725e-02
-1.622125320136547089e-02
-4.800903145223855972e-03
-4.369222559034824371e-03
9.873194620013237000e-03
1.739851082675158978e-03
-2.130924351513385773e-02
-6.697206944227218628e-02
-2.238305285573005676e-02
2.642137696966528893e-03
5.787994246929883957e-03
-5.969282612204551697e-02
2.345266565680503845e-02
-4.588596895337104797e-02
-3.418544679880142212e-02
6.435368955135345459e-02
8.915585279464721680e-02
4.974073171615600586e-02
-3.707227483391761780e-02
-8.508585393428802490e-03
4.120109230279922485e-02
-4.926405102014541626e-02
-3.342256322503089905e-02
6.949005275964736938e-02
-1.237691100686788559e-02
5.736413970589637756e-02
1.332523394376039505e-02
1.172161754220724106e-02
4.631323274224996567e-03
-5.443778261542320251e-02
1.244284678250551224e-02
-2.800554037094116211e-02
-4.922170192003250122e-02
-6.922259926795959473e-04
2.011648379266262054e-02
3.246984910219907761e-03
-8.735759183764457703e-03
-2.595886960625648499e-02
-5.768250674009323120e-02
3.888224437832832336e-02
-4.909627512097358704e-02
-5.849832296371459961e-02
-6.450811773538589478e-02
-4.136889055371284485e-02
-5.983788520097732544e-02
-7.233648002147674561e-02
1.949513144791126251e-02
2.109913900494575500e-02
-6.665880233049392700e-02
-3.940266370773315430e-02
2.417694032192230225e-02
-7.769222836941480637e-03
-2.668702602386474609e-02
4.107259586453437805e-02
-1.296811085194349289e-02
3.355279192328453064e-02
-3.877302631735801697e-02
1.120551116764545441e-02
2.237428911030292511e-02
2.722931466996669769e-02
4.769464582204818726e-02
1.624665036797523499e-02
-1.396333519369363785e-02
5.798684433102607727e-02
-4.621538892388343811e-02
-2.892798371613025665e-02
2.886958234012126923e-02
-4.596487805247306824e-02
-2.592628262937068939e-02
-1.203789934515953064e-01
-1.390268933027982712e-02
-2.578063681721687317e-02
-1.488677971065044403e-02
-7.025702297687530518e-02
-8.502503857016563416e-03
2.956624142825603485e-02
-2.244717814028263092e-02
-8.575450628995895386e-02
1.457996852695941925e-02
-3.365403041243553162e-02
-1.230125781148672104e-02
9.561478160321712494e-03
-7.500309497117996216e-02
3.690048679709434509e-02
-4.375521093606948853e-02
3.029202297329902649e-02
9.418976306915283203e-02
4.763709753751754761e-02
-5.976384133100509644e-02
-2.660815045237541199e-02
6.017369031906127930e-02
-2.603186061605811119e-03
-2.059143502265214920e-03
-2.405217674095183611e-04
-9.588322788476943970e-02
6.676241010427474976e-02
3.637943789362907410e-02
-5.865531414747238159e-02
4.131112247705459595e-02
-3.228292986750602722e-02
1.808142475783824921e-02
2.447277866303920746e-02
-1.179766468703746796e-02
6.680552661418914795e-02
1.297242753207683563e-02
-1.099777147173881531e-01
-3.239618986845016479e-02
-2.810069918632507324e-02
6.156362965703010559e-02
-2.446800097823143005e-02
-2.620961703360080719e-02
-1.383352559059858322e-02
-6.776104867458343506e-02
1.102434936910867691e-02
1.355692744255065918e-02
1.224414817988872528e-02
3.396784141659736633e-02
-5.914755538105964661e-02
-3.174653649330139160e-02
-3.643425414338707924e-03
-6.393572688102722168e-02
-3.408583626151084900e-02
7.822450250387191772e-02
-2.425811626017093658e-02
-3.739342093467712402e-02
-9.911364177241921425e-04
8.111423812806606293e-03
-5.192426219582557678e-02
-3.740981966257095337e-02
-2.916450798511505127e-02
4.582639411091804504e-02
-5.145223811268806458e-02
6.387495249509811401e-02
2.109393104910850525e-02
2.476296154782176018e-03
-9.443589486181735992e-03
-4.161681607365608215e-02
1.718993857502937317e-02
-1.060388889163732529e-02
-3.135217353701591492e-02
-1.170742325484752655e-02
-1.435684692114591599e-02
-1.271431613713502884e-02
-3.755712183192372322e-03
-5.267163738608360291e-02
1.344826817512512207e-02
-7.227223366498947144e-02
-1.403063349425792694e-02
-3.234865516424179077e-02
-8.033828809857368469e-03
3.671795874834060669e-02
2.066003344953060150e-02
3.369636461138725281e-02
-2.264902368187904358e-02
3.358712419867515564e-02
3.418268635869026184e-02
-3.591486066579818726e-02
1.298601925373077393e-02
1.393219362944364548e-02
3.017813153564929962e-02
-2.441811561584472656e-02
7.686722278594970703e-02
4.642627015709877014e-02
-8.570367842912673950e-02
4.507284611463546753e-02
-2.226174809038639069e-02
-4.403201863169670105e-02
-3.571331873536109924e-02
5.813014507293701172e-02
-2.860349789261817932e-02
1.729645207524299622e-02
1.545063965022563934e-02
8.082979917526245117e-02
6.516385823488235474e-02
-7.019340246915817261e-02
1.453637611120939255e-02
1.108033768832683563e-02
