1.280470378696918488e-02
-4.905790835618972778e-02
-3.113212250173091888e-02
-3.528642933815717697e-03
8.811702020466327667e-03
2.006779797375202179e-02
-4.054808989167213440e-02
-2.713702060282230377e-02
-1.144340261816978455e-01
-5.758036300539970398e-02
9.997554123401641846e-02
1.101864352822303772e-01
-1.387719530612230301e-02
-6.056904420256614685e-02
4.575475305318832397e-02
-7.050050050020217896e-02
4.221436753869056702e-02
-6.067759916186332703e-02
-1.048473715782165527e-01
5.671589821577072144e-02
-6.911166757345199585e-02
7.754858583211898804e-03
-5.027180165052413940e-02
-3.020662069320678711e-02
-2.672204747796058655e-02
-5.611793324351310730e-02
-1.624375954270362854e-02
-3.362219780683517456e-02
-6.654480006545782089e-03
1.702579297125339508e-02
-7.372713647782802582e-03
5.011870712041854858e-02
-4.006012529134750366e-02
-4.456266295164823532e-03
1.587898842990398407e-02
4.045813903212547302e-02
-2.261965721845626831e-02
6.655671168118715286e-03
5.242614820599555969e-02
-2.429024316370487213e-02
-2.471804618835449219e-02
-1.168534532189369202e-01
1.022352371364831924e-02
9.558930248022079468e-02
-6.903877016156911850e-03
2.846334874629974365e-02
3.704984113574028015e-02
-6.019684672355651855e-02
-2.233560942113399506e-02
7.806778699159622192e-02
1.080889534205198288e-02
-9.210438467562198639e-03
8.324457332491874695e-03
-8.257222361862659454e-03
-1.122507825493812561e-01
1.689952984452247620e-02
4.596795886754989624e-02
-2.468672208487987518e-02
1.293838024139404297e-03
-5.178732797503471375e-02
-9.942854940891265869e-02
3.923963382840156555e-02
-2.464978024363517761e-02
8.886508643627166748e-02
-7.405908405780792236e-02
-1.556770317256450653e-02
-3.399205207824707031e-02
-2.771052904427051544e-02
7.016334566287696362e-04
9.439072757959365845e-02
4.774652421474456787e-02
5.715185776352882385e-02
-9.718020260334014893e-02
2.525720372796058655e-02
1.297048628330230713e-01
-3.269677981734275818e-02
1.034088879823684692e-01
4.774913564324378967e-02
2.101014554500579834e-02
-3.475311025977134705e-02
-7.447183877229690552e-02
-5.128872022032737732e-02
7.217377424240112305e-02
9.546217508614063263e-03
-1.022799238562583923e-01
9.626741707324981689e-02
5.339532345533370972e-02
-1.876008510589599609e-02
-1.983570121228694916e-02
-3.721724823117256165e-02
1.279118005186319351e-02
-2.599406428635120392e-02
1.866533420979976654e-02
4.152271151542663574e-02
-9.286973625421524048e-02
-2.776305004954338074e-02
1.921290718019008636e-02
1.451926119625568390e-02
-1.502312999218702316e-02
3.918204456567764282e-02
1.386781502515077591e-02
5.164724960923194885e-02
-3.964555636048316956e-02
6.679409742355346680e-02
6.425137165933847427e-03
-1.678010076284408569e-02
-2.592355757951736450e-02
5.019304901361465454e-02
-2.223373949527740479e-02
8.295454084873199463e-03
-4.758339747786521912e-02
-1.472788117825984955e-02
-3.231937810778617859e-02
9.223664551973342896e-02
-2.795783616602420807e-02
1.946478895843029022e-02
8.423012495040893555e-02
-2.990300022065639496e-02
5.944114178419113159e-02
-2.967016585171222687e-02
1.329637467861175537e-01
-6.472228560596704483e-03
3.586184605956077576e-02
-4.959166049957275391e-03
2.242463082075119019e-02
-4.049908742308616638e-02
1.397114619612693787e-02
-1.054855138063430786e-01
-2.244707010686397552e-02
-3.125653043389320374e-02
3.037232719361782074e-02
1.561506884172558784e-03
-3.930130600929260254e-02
4.054343327879905701e-02
-5.312279611825942993e-02
-1.780949905514717102e-02
-1.231632777489721775e-03
2.369247376918792725e-02
5.086961016058921814e-02
-6.606501340866088867e-02
1.645016483962535858e-02
5.408925563097000122e-02
3.835053369402885437e-02
-4.971626214683055878e-03
2.816154621541500092e-02
-7.210724800825119019e-02
-3.375951200723648071e-02
9.768286719918251038e-03
9.630651772022247314e-02
5.825367197394371033e-02
-5.648810183629393578e-04
-3.227114677429199219e-02
-6.373029947280883789e-02
-8.179393410682678223e-02
-6.666470319032669067e-02
9.110911749303340912e-03
7.892316579818725586e-02
4.107154905796051025e-02
-2.859713509678840637e-02
1.149313058704137802e-02
-8.150725066661834717e-02
2.509979531168937683e-02
2.441826090216636658e-02
2.490196563303470612e-02
1.634483970701694489e-02
7.941910997033119202e-03
-3.565088612958788872e-03
-5.879018455743789673e-03
-1.345336437225341797e-03
-2.011941373348236084e-02
7.833719253540039062e-02
8.170276880264282227e-03
-4.712497815489768982e-02
2.372894622385501862e-02
-2.958768047392368317e-02
1.048232987523078918e-01
-1.322075072675943375e-02
1.341131981462240219e-02
1.185666956007480621e-02
-2.057911083102226257e-02
2.161250449717044830e-02
-3.551485389471054077e-02
-1.503855921328067780e-02
-1.217411272227764130e-02
-1.841709204018115997e-02
5.477279424667358398e-03
2.837321348488330841e-02
-7.568512856960296631e-02
-3.960067406296730042e-02
4.292900487780570984e-02
-7.743171602487564087e-02
-3.175263758748769760e-03
-2.469617687165737152e-02
4.041078314185142517e-02
4.738974571228027344e-02
3.286179900169372559e-02
6.461145728826522827e-02
-2.294570207595825195e-03
4.423245787620544434e-02
-1.183461863547563553e-02
-2.525458857417106628e-02
-8.752780407667160034e-02
-7.563881576061248779e-02
-5.171008780598640442e-02
1.121442951261997223e-02
-2.398176304996013641e-02
-2.429662644863128662e-02
8.233914524316787720e-02
2.185964770615100861e-02
-7.874392718076705933e-02
-1.947516921063652262e-06
6.529444456100463867e-02
3.937138244509696960e-02
1.299303548876196146e-04
4.884238354861736298e-03
-9.819602966308593750e-02
-3.698653355240821838e-02
-6.289818882942199707e-02
1.377250701189041138e-01
2.626002393662929535e-02
5.255698785185813904e-02
-1.247534062713384628e-02
3.303745016455650330e-02
1.808478310704231262e-02
-4.024051874876022339e-02
-3.436701372265815735e-02
-6.644621957093477249e-03
4.232422262430191040e-02
5.732126906514167786e-02
-6.513290107250213623e-02
1.618747785687446594e-02
-3.590292483568191528e-02
-4.979112371802330017e-02
1.057856008410453796e-01
3.869459405541419983e-02
2.157841809093952179e-02
-1.208590865135192871e-01
5.610032007098197937e-02
-8.473325520753860474e-02
-1.396225485950708389e-02
1.294525060802698135e-02
2.552540972828865051e-02
1.676502451300621033e-02
-1.060056034475564957e-02
-2.183248056098818779e-03
-3.848141990602016449e-03
3.688605129718780518e-02
1.030784752219915390e-02
5.818052217364311218e-02
3.399101318791508675e-03
-4.222673550248146057e-02
7.518641650676727295e-02
-4.681080114096403122e-03
-9.889262728393077850e-03
-4.650628194212913513e-02
2.544903755187988281e-02
-5.274708941578865051e-02
-2.508120425045490265e-02
8.618748746812343597e-03
-6.077764928340911865e-02
-5.827325209975242615e-02
-4.381004720926284790e-02
1.335360575467348099e-02
8.944336324930191040e-02
-1.346380263566970825e-02
-1.268343813717365265e-02
6.248475518077611923e-03
9.078723192214965820e-02
-9.180383384227752686e-02
-4.178442433476448059e-02
-5.489990860223770142e-02
6.640457361936569214e-02
-2.766202576458454132e-02
2.633123286068439484e-02
-2.540625445544719696e-02
8.204027079045772552e-03
-3.302001580595970154e-02
-5.105303600430488586e-02
-2.216849662363529205e-02
-1.136439293622970581e-02
-7.045004516839981079e-03
2.116020023822784424e-02
8.460452407598495483e-02
-8.751381933689117432e-02
-4.784498363733291626e-02
5.147755518555641174e-02
-1.280616689473390579e-02
3.760994970798492432e-02
-8.191926404833793640e-03
5.645446106791496277e-02
1.093136239796876907e-02
-9.864918887615203857e-02
-4.024541005492210388e-02
-7.446155697107315063e-02
2.547599375247955322e-02
-3.391870995983481407e-03
8.486680686473846436e-02
-4.814868792891502380e-02
-4.712939634919166565e-02
3.380183130502700806e-02
7.732173544354736805e-04
-3.886026889085769653e-02
-1.519141905009746552e-02
-6.073717027902603149e-02
-8.130854927003383636e-03
-4.350948333740234375e-02
7.587975263595581055e-02
-5.679006129503250122e-02
-6.695897877216339111e-02
-4.495181143283843994e-02
8.812465518712997437e-02
-7.698642462491989136e-02
-6.194174662232398987e-02
6.198778003454208374e-02
-7.247281074523925781e-02
-6.953120231628417969e-02
1.305625140666961670e-01
3.228561719879508018e-03
6.832844018936157227e-02
4.608995467424392700e-02
1.464007515460252762e-02
3.536105528473854065e-02
1.979164034128189087e-02
-4.315907880663871765e-02
-3.519815951585769653e-02
2.443547919392585754e-02
-3.289392590522766113e-02
-4.665246233344078064e-02
3.216934576630592346e-02
6.816001143306493759e-03
-1.869296887889504433e-03
9.696991741657257080e-02
-6.904075853526592255e-03
-2.342929074075073004e-04
3.666608780622482300e-02
-2.228391729295253754e-02
-3.937180712819099426e-02
-3.777685761451721191e-02
2.404501847922801971e-02
-3.334344550967216492e-02
8.643291145563125610e-02
1.675287028774619102e-03
4.158260300755500793e-02
6.606891006231307983e-02
-7.164592295885086060e-02
2.251615747809410095e-02
-1.852524001151323318e-03
-3.421640023589134216e-02
3.097744099795818329e-02
-2.674919180572032928e-02
-2.984710596501827240e-02
-3.981118649244308472e-02
9.506209753453731537e-03
1.126794368028640747e-01
-2.332630380988121033e-02
2.406592667102813721e-02
1.336176227778196335e-02
-2.893726900219917297e-02
4.072404932230710983e-03
-6.147996708750724792e-02
3.684101253747940063e-02
-6.694914307445287704e-03
3.153866156935691833e-02
7.584483921527862549e-02
2.496384829282760620e-02
5.695013329386711121e-02
-3.349897265434265137e-02
-2.180548384785652161e-02
3.021112270653247833e-02
5.735813174396753311e-03
7.638411223888397217e-02
-9.527704119682312012e-02
-8.274413994513452053e-04
-2.126610465347766876e-02
1.303495001047849655e-02
1.018584743142127991e-01
-2.233917079865932465e-02
-6.349245458841323853e-02
-2.515152655541896820e-02
6.382060796022415161e-02
-6.678233295679092407e-02
3.745167329907417297e-02
-8.384464681148529053e-02
-1.415491476655006409e-02
1.947598159313201904e-02
-1.949447614606469870e-04
-3.809506539255380630e-03
4.011057317256927490e-02
-8.235569298267364502e-02
-1.778838038444519043e-02
-1.712318696081638336e-02
2.257002703845500946e-02
3.601768985390663147e-02
-4.030312225222587585e-02
-5.295178666710853577e-02
8.681318908929824829e-02
6.222360953688621521e-02
3.857877850532531738e-02
-7.206880301237106323e-02
1.100983563810586929e-02
4.700915142893791199e-02
2.140402235090732574e-02
1.184958498924970627e-02
4.091801121830940247e-03
4.742870479822158813e-02
3.847481682896614075e-02
3.233319148421287537e-02
2.370210364460945129e-02
-5.930393561720848083e-02
1.962182857096195221e-02
-2.860920876264572144e-02
-7.949387282133102417e-02
-1.063863411545753479e-01
-5.344289168715476990e-02
3.449723497033119202e-02
-4.761588573455810547e-02
4.296983405947685242e-02
-3.135289251804351807e-02
5.047586560249328613e-02
-2.921029366552829742e-02
-2.156617119908332825e-02
-7.860642671585083008e-02
5.663272738456726074e-02
2.478998620063066483e-03
9.698705747723579407e-03
-2.195574156939983368e-02
-6.783041357994079590e-02
-4.298085346817970276e-02
7.086879760026931763e-02
1.347105298191308975e-02
3.811216726899147034e-02
-2.693099342286586761e-02
6.527872383594512939e-02
3.329634666442871094e-03
5.994692072272300720e-02
-1.433632429689168930e-02
-3.276338055729866028e-02
9.721546620130538940e-02
5.202355235815048218e-02
5.499280057847499847e-03
6.554357707500457764e-02
1.365343388170003891e-02
-2.460348885506391525e-03
6.121120881289243698e-03
6.691690534353256226e-03
2.153236232697963715e-02
5.979371070861816406e-02
3.811160475015640259e-02
3.640240803360939026e-02
-2.857009507715702057e-02
-4.208929836750030518e-03
4.662677180022001266e-03
-4.398226737976074219e-02
-6.295812129974365234e-02
-4.778926447033882141e-02
-1.767022535204887390e-02
5.200411006808280945e-02
2.191190794110298157e-02
-2.591885626316070557e-02
-3.373917564749717712e-02
6.607592850923538208e-02
-3.301839157938957214e-02
1.084271892905235291e-01
1.269827689975500107e-02
-3.245180007070302963e-03
4.776934534311294556e-02
-6.169622763991355896e-02
-6.189812847878783941e-05
-2.400879189372062683e-02
4.221200942993164062e-02
1.102139130234718323e-01
-7.885291427373886108e-02
-3.863888606429100037e-02
-3.718434646725654602e-02
-7.059453520923852921e-03
-2.127279294654726982e-03
7.775592803955078125e-02
-5.602392926812171936e-02
-2.994873747229576111e-02
2.751827985048294067e-02
1.561767794191837311e-02
-1.390718109905719757e-02
-3.561482578516006470e-02
-1.189900375902652740e-02
-8.390297181904315948e-03
-4.212649073451757431e-03
1.926058717072010040e-02
2.430445514619350433e-03
-8.644659817218780518e-02
4.272588714957237244e-02
-1.251790858805179596e-02
6.702793389558792114e-02
-8.078593760728836060e-03
3.052267991006374359e-02
4.467523470520973206e-02
-2.983413869515061378e-03
-3.417121246457099915e-02
-1.010693684220314026e-01
-1.875370740890502930e-02
1.475232560187578201e-02
-7.637092377990484238e-03
-1.098652742803096771e-02
1.111316233873367310e-01
8.361320197582244873e-02
2.032805979251861572e-02
-3.515983000397682190e-02
-1.551340520381927490e-01
7.262404263019561768e-02
-1.652468368411064148e-02
3.266978263854980469e-02
-5.032242834568023682e-02
-2.321999520063400269e-02
-8.456945419311523438e-02
4.596183449029922485e-02
4.620592668652534485e-02
2.801841497421264648e-02
6.540276110172271729e-02
3.881437703967094421e-02
1.688296161592006683e-02
4.676610697060823441e-03
-2.536264620721340179e-02
3.923540189862251282e-02
-2.940047765150666237e-03
9.868296235799789429e-02
-2.712196856737136841e-02
1.170628587715327740e-03
-2.845384739339351654e-02
9.292192757129669189e-03
-5.998390167951583862e-02
1.460064761340618134e-02
-2.245933748781681061e-03
-1.953120529651641846e-02
-9.142147004604339600e-02
3.834961354732513428e-02
6.246899068355560303e-02
-1.246822159737348557e-02
4.733755439519882202e-02
-1.074112672358751297e-02
1.487717730924487114e-03
4.091374948620796204e-02
-1.596704423427581787e-01
6.426985561847686768e-02
6.711845099925994873e-02
-2.113701775670051575e-02
-3.996671643108129501e-03
6.223454698920249939e-02
1.855195499956607819e-02
-1.697970740497112274e-02
-6.753130257129669189e-02
-1.464702095836400986e-02
-1.758330874145030975e-02
-3.491666540503501892e-02
4.644857719540596008e-02
-1.465450413525104523e-02
4.228289797902107239e-02
4.405719228088855743e-03
-1.496885903179645538e-02
6.170407682657241821e-02
-1.628128252923488617e-02
-1.393031515181064606e-02
8.925694227218627930e-02
-1.766001060605049133e-02
-3.477983921766281128e-02
-2.985674701631069183e-02
4.838649556040763855e-02
5.036928504705429077e-02
-5.804805085062980652e-02
5.819259583950042725e-02
-8.623130619525909424e-02
7.968883030116558075e-03
-1.536190789192914963e-02
-7.717314176261425018e-03
-3.699250891804695129e-02
-2.772639133036136627e-02
-8.802605420351028442e-02
2.782323397696018219e-02
-7.937338948249816895e-02
5.310194566845893860e-03
7.159767299890518188e-02
3.243415057659149170e-02
2.908205427229404449e-02
-3.608898073434829712e-02
8.344170637428760529e-04
-3.512334451079368591e-02
-4.156268015503883362e-02
-1.437320709228515625e-01
-2.090573124587535858e-02
-5.727851018309593201e-02
6.876051425933837891e-03
3.371028974652290344e-02
-6.435456126928329468e-02
3.733025863766670227e-02
-3.383952006697654724e-02
5.230824276804924011e-02
-7.629340887069702148e-02
-5.580621212720870972e-02
6.206947937607765198e-02
-6.936107575893402100e-02
3.923241049051284790e-02
9.415826946496963501e-02
3.985387086868286133e-02
-3.384853247553110123e-03
2.764445543289184570e-02
2.465583197772502899e-02
3.356224298477172852e-02
8.322977274656295776e-02
4.550785198807716370e-02
-3.409139811992645264e-02
7.822340726852416992e-02
-8.478084951639175415e-02
-6.271898001432418823e-02
-3.669412806630134583e-02
-4.876935482025146484e-02
-4.101093858480453491e-02
-5.371906328946352005e-03
-9.279640763998031616e-02
4.569391161203384399e-02
-2.060136198997497559e-02
1.040677577257156372e-01
-2.463917061686515808e-02
4.337377473711967468e-02
2.811891026794910431e-02
4.043816775083541870e-02
2.974103577435016632e-02
-1.549111795611679554e-03
1.227623503655195236e-02
6.786297261714935303e-02
7.596623152494430542e-02
4.186882171779870987e-03
1.467134896665811539e-02
-6.387908011674880981e-02
-2.863087877631187439e-02
1.276554190553724766e-03
2.230695821344852448e-02
5.247789993882179260e-02
3.015729971230030060e-02
3.805579990148544312e-02
-3.727271035313606262e-02
5.331338942050933838e-02
4.861644655466079712e-02
2.241934463381767273e-02
-7.560721784830093384e-02
-3.160405531525611877e-02
-3.239012882113456726e-02
-3.972443565726280212e-02
-2.492702007293701172e-02
2.427972108125686646e-02
-4.699939861893653870e-02
5.462901666760444641e-02
1.056589260697364807e-01
-1.016900874674320221e-02
4.603764414787292480e-02
-7.554662227630615234e-02
-2.309320867061614990e-02
-2.667354792356491089e-02
1.134678814560174942e-02
9.415346384048461914e-02
3.936501592397689819e-02
2.912705577909946442e-02
1.471051853150129318e-02
6.399074103683233261e-03
-9.748756885528564453e-03
-5.424647405743598938e-02
2.013604901731014252e-02
-1.456762105226516724e-02
-4.165657982230186462e-02
5.438053980469703674e-02
1.564084179699420929e-02
4.348855093121528625e-02
-5.103734880685806274e-02
-5.002765450626611710e-03
-3.935592621564865112e-02
3.848188370466232300e-02
-4.287194088101387024e-02
-5.026006698608398438e-02
1.176959834992885590e-02
-1.549286302179098129e-02
5.254645273089408875e-02
-3.994292765855789185e-02
-2.766453661024570465e-03
2.016931027173995972e-02
-1.048535201698541641e-02
-4.989632964134216309e-02
-5.679725483059883118e-02
6.950694322586059570e-02
-6.153762713074684143e-02
-6.530575454235076904e-02
2.751477435231208801e-02
-3.419347107410430908e-02
1.511393394321203232e-02
-6.165972352027893066e-02
-1.726948656141757965e-02
-7.064376957714557648e-03
5.088171362876892090e-02
-3.380456008017063141e-03
-7.169527560472488403e-02
1.148526277393102646e-02
3.299329429864883423e-02
-7.032198831439018250e-03
2.779037319123744965e-02
5.771313607692718506e-02
-5.097052198834717274e-04
-6.543528288602828979e-02
4.595572128891944885e-02
-1.969906687736511230e-02
-2.307097986340522766e-02
-3.724312409758567810e-02
7.629358209669589996e-03
-1.365835196338593960e-03
9.325665235519409180e-02
2.309116302058100700e-03
5.700561217963695526e-03
-3.654740750789642334e-02
2.009764313697814941e-03
2.541384287178516388e-02
6.275040656328201294e-02
-3.581435605883598328e-02
-7.647703401744365692e-03
-2.956156432628631592e-02
1.690100505948066711e-02
-6.992809474468231201e-02
-4.084914922714233398e-03
-6.625075638294219971e-02
1.875390112400054932e-02
-3.909780830144882202e-02
-4.852672293782234192e-02
1.924552023410797119e-02
3.880789736285805702e-03
-1.764259301126003265e-02
-4.402330610901117325e-03
-6.529197841882705688e-02
-1.031942144036293030e-01
-3.375519812107086182e-02
8.658909797668457031e-02
-4.748507868498563766e-03
-3.209367394447326660e-02
-1.235882099717855453e-02
-1.847982406616210938e-03
6.195794045925140381e-02
-5.495799705386161804e-03
3.997641801834106445e-02
7.781044393777847290e-02
-2.896030619740486145e-02
2.941034175455570221e-02
-2.049841172993183136e-02
5.976920202374458313e-02
-3.231994062662124634e-02
1.437599025666713715e-02
-4.652236774563789368e-02
7.113909721374511719e-02
4.550941661000251770e-02
4.962241742759943008e-03
-8.907840400934219360e-02
7.085072994232177734e-02
-3.166285902261734009e-02
3.273824602365493774e-02
4.155588522553443909e-02
-3.903928026556968689e-02
1.067729517817497253e-01
-6.770647317171096802e-02
-1.017845328897237778e-02
-3.812255337834358215e-02
3.595572337508201599e-02
-2.805805206298828125e-02
3.158521139994263649e-03
1.908890344202518463e-02
-4.280562326312065125e-02
-5.073889344930648804e-02
-7.768778596073389053e-04
-2.451992034912109375e-02
4.318932443857192993e-02
1.291244477033615112e-01
4.101401939988136292e-02
5.371378362178802490e-02
-7.269863784313201904e-02
4.994510486721992493e-02
4.788266494870185852e-02
6.217310205101966858e-02
1.618696562945842743e-02
6.181255728006362915e-02
4.623279348015785217e-02
-9.688703715801239014e-02
-2.724056318402290344e-02
-4.176107235252857208e-03
6.109221652150154114e-02
-5.404997989535331726e-02
4.805417731404304504e-02
-2.278796769678592682e-02
8.543843030929565430e-02
-2.680736966431140900e-02
1.044531166553497314e-01
4.662555083632469177e-02
-4.582903161644935608e-02
1.920379139482975006e-02
-6.346065551042556763e-02
5.224033072590827942e-02
3.520133346319198608e-02
-1.475793542340397835e-03
-1.582509838044643402e-02
4.763095453381538391e-02
5.440602079033851624e-02
-9.300941228866577148e-02
-1.595458760857582092e-02
-3.892290592193603516e-02
-1.376743707805871964e-02
6.961950659751892090e-02
1.095187366008758545e-01
-4.315944388508796692e-02
3.355485573410987854e-02
-9.456953965127468109e-03
1.724915578961372375e-02
-2.450234442949295044e-02
6.462851166725158691e-02
1.955848746001720428e-02
-1.023317035287618637e-02
3.501583589240908623e-03
-4.574488103389739990e-02
-1.019403859972953796e-01
-4.237538203597068787e-02
-7.292358670383691788e-03
6.357786059379577637e-02
3.018766082823276520e-02
6.049187108874320984e-02
7.847908884286880493e-03
2.624542638659477234e-02
-2.700097672641277313e-02
-5.275227129459381104e-02
8.880416303873062134e-02
-3.289818391203880310e-02
3.217646852135658264e-02
-6.931891292333602905e-02
7.798589300364255905e-03
5.194287374615669250e-02
-4.019850492477416992e-02
2.719538845121860504e-02
-7.180413603782653809e-02
-4.642222821712493896e-02
-2.475509420037269592e-02
6.391992419958114624e-02
3.512715920805931091e-02
9.189947508275508881e-03
1.606532000005245209e-02
3.899003937840461731e-02
-5.379184614866971970e-03
-7.886873185634613037e-02
9.601357392966747284e-03
-4.897463694214820862e-02
-1.158696860074996948e-01
-2.063004299998283386e-02
-1.240599434822797775e-03
-2.823850698769092560e-02
-1.393379177898168564e-02
2.556172572076320648e-02
6.012232229113578796e-02
3.559924289584159851e-02
5.737146735191345215e-02
-1.157053932547569275e-02
-3.388258069753646851e-02
1.633599027991294861e-02
3.573375195264816284e-02
-1.026104297488927841e-02
4.045476764440536499e-02
-3.790775081142783165e-03
-2.607117220759391785e-02
-1.842187717556953430e-02
-4.556654766201972961e-02
-3.067785501480102539e-02
8.023795671761035919e-03
-1.166184060275554657e-02
-9.074839204549789429e-02
1.599112339317798615e-02
-3.834139322862029076e-03
-1.482009608298540115e-02
-1.250452362000942230e-02
-1.239081472158432007e-02
6.399718672037124634e-02
2.831247821450233459e-02
-2.207970619201660156e-02
6.618827581405639648e-03
-2.499918267130851746e-02
6.797268241643905640e-02
-5.294052511453628540e-02
-2.222622279077768326e-03
-6.181651726365089417e-02
3.266622126102447510e-02
-8.759980648756027222e-02
-2.127854619175195694e-03
2.586995437741279602e-02
7.843157276511192322e-03
1.959331147372722626e-02
1.013342756778001785e-02
5.430408194661140442e-02
7.340550422668457031e-02
-2.724289149045944214e-02
6.269729137420654297e-02
-3.175038471817970276e-02
-1.053536683320999146e-01
4.009025916457176208e-02
3.338345093652606010e-03
6.183630973100662231e-02
1.915222965180873871e-02
-4.255539551377296448e-02
6.947230547666549683e-03
4.746776074171066284e-02
-9.906232357025146484e-03
-7.243703119456768036e-03
-1.366335432976484299e-03
-8.644409826956689358e-04
-1.082451920956373215e-02
-6.743971258401870728e-02
-1.466346066445112228e-02
-8.470874279737472534e-02
4.179495852440595627e-03
7.085472345352172852e-02
-9.704403579235076904e-02
5.339465290307998657e-02
-2.504422888159751892e-02
-4.047014191746711731e-02
-9.911806322634220123e-03
1.061675027012825012e-01
-1.044006869196891785e-01
-1.827119663357734680e-02
5.852675996720790863e-03
1.457517314702272415e-02
-2.358895726501941681e-02
1.717628911137580872e-02
-1.420876290649175644e-02
-8.753635734319686890e-02
-3.783317282795906067e-02
1.161689162254333496e-01
-2.265663817524909973e-02
2.704866789281368256e-02
-9.857244789600372314e-03
-7.530082762241363525e-02
-5.895701795816421509e-02
-5.961683392524719238e-02
4.042373970150947571e-02
-3.137972578406333923e-02
8.686924725770950317e-02
-8.538503944873809814e-02
-2.651917934417724609e-02
6.343327462673187256e-02
-5.286538973450660706e-02
-1.574184629134833813e-03
-4.086865484714508057e-02
-2.180650457739830017e-02
-9.169637225568294525e-03
2.457305416464805603e-02
-2.852836390957236290e-03
-6.838816683739423752e-03
-1.585858501493930817e-02
2.084301039576530457e-02
-6.841164827346801758e-02
5.360779538750648499e-02
5.912214145064353943e-02
3.639415651559829712e-02
-3.794011101126670837e-02
-2.864274941384792328e-02
-6.045938935130834579e-03
-2.638200065121054649e-03
-4.354515299201011658e-02
-3.450269624590873718e-02
3.645632416009902954e-02
1.437036134302616119e-02
2.079981379210948944e-02
-9.678540378808975220e-02
-2.917759306728839874e-02
-6.430073827505111694e-02
2.158034034073352814e-02
-4.791581258177757263e-02
-4.905869811773300171e-02
6.341409683227539062e-02
2.451233752071857452e-02
5.365489795804023743e-02
-8.018374443054199219e-02
-6.919582188129425049e-02
-9.140794165432453156e-03
3.796897828578948975e-02
-1.778359338641166687e-02
4.293948039412498474e-02
3.057701699435710907e-02
-5.221822112798690796e-02
-1.851286622695624828e-03
2.858029305934906006e-02
-5.436475388705730438e-03
-5.098949186503887177e-03
3.991613537073135376e-02
-4.406141117215156555e-02
1.560311112552881241e-02
7.082175463438034058e-02
3.605930134654045105e-02
1.820142148062586784e-03
-6.192712113261222839e-02
1.862363889813423157e-02
6.959149986505508423e-02
-5.202392861247062683e-02
4.649178311228752136e-02
4.863550513982772827e-02
2.559140138328075409e-02
4.771443456411361694e-02
9.634536691009998322e-03
6.852192431688308716e-02
-7.109531015157699585e-02
2.139799064025282860e-03
-1.327044796198606491e-02
3.755591064691543579e-02
-8.609262853860855103e-02
-6.872220337390899658e-02
-3.421294316649436951e-02
9.806615114212036133e-02
2.966606058180332184e-02
-7.920067757368087769e-02
5.799670144915580750e-02
-6.858717650175094604e-02
-3.955487161874771118e-03
2.172864228487014771e-02
-6.003157049417495728e-02
2.216027118265628815e-02
1.447139773517847061e-02
-1.013698242604732513e-02
9.228957816958427429e-03
-3.808860108256340027e-02
3.056811727583408356e-02
-2.608594484627246857e-02
