-8.989075571298599243e-02
-3.086463361978530884e-02
4.975652555003762245e-04
8.230470865964889526e-02
-1.421846821904182434e-02
-6.510034203529357910e-02
3.314180672168731689e-02
-3.035166766494512558e-03
7.561027258634567261e-02
3.959383815526962280e-03
-6.224999576807022095e-02
4.637470841407775879e-02
-3.280568169429898262e-03
-4.036424681544303894e-02
7.234452757984399796e-03
2.318527549505233765e-02
8.311656862497329712e-02
-1.546999439597129822e-02
-5.084781721234321594e-02
2.861514501273632050e-02
1.142935268580913544e-02
3.833946539089083672e-03
9.837472811341285706e-03
2.358363568782806396e-02
-5.171171203255653381e-02
-7.160356268286705017e-03
-1.109425816684961319e-02
-7.646497339010238647e-03
3.518381714820861816e-02
-3.864511102437973022e-02
-5.761384963989257812e-02
-5.542306695133447647e-03
-3.612845763564109802e-02
3.358602523803710938e-02
-4.113732650876045227e-02
-1.150683127343654633e-02
5.680133122950792313e-03
-6.917788833379745483e-02
4.718785360455513000e-02
3.025349788367748260e-02
-1.034884341061115265e-02
4.026846960186958313e-02
3.306633979082107544e-02
3.567834943532943726e-02
5.193339660763740540e-03
2.356465905904769897e-02
-2.366723958402872086e-03
-2.375066251261159778e-04
7.988707721233367920e-02
-6.281867623329162598e-02
8.225900679826736450e-02
8.306577056646347046e-02
7.805624045431613922e-03
3.580592945218086243e-02
-9.619071148335933685e-03
-4.161066189408302307e-02
-1.276272814720869064e-02
7.432496175169944763e-03
-2.021075412631034851e-02
2.019271440804004669e-02
5.903343111276626587e-02
-1.800085604190826416e-02
-1.380553375929594040e-02
-9.313905984163284302e-02
-8.937675505876541138e-02
1.060803607106208801e-01
-6.047974526882171631e-02
6.705186329782009125e-03
1.366057898849248886e-02
6.515996158123016357e-02
1.984002068638801575e-02
-1.432214584201574326e-02
-7.151364535093307495e-02
-4.429188370704650879e-02
-1.236867625266313553e-02
5.191119015216827393e-02
4.970063269138336182e-02
6.302112340927124023e-02
5.252628400921821594e-02
-4.692059382796287537e-02
3.078764304518699646e-03
-3.775508329272270203e-02
5.801901221275329590e-02
-3.058150596916675568e-02
1.015945151448249817e-02
-1.429841760545969009e-02
2.551212348043918610e-02
4.035377502441406250e-02
4.695237800478935242e-02
-3.890585899353027344e-02
8.722619153559207916e-03
5.233990773558616638e-02
-3.935177996754646301e-02
-4.409691691398620605e-02
-1.332407630980014801e-02
-1.046452764421701431e-02
-7.506229728460311890e-02
-3.960943594574928284e-02
5.918018519878387451e-02
8.591289818286895752e-02
3.648232668638229370e-02
1.297415979206562042e-02
-1.139920204877853394e-02
-3.280541673302650452e-02
-9.097556769847869873e-02
-3.274441882967948914e-02
-6.429859902709722519e-03
-5.516944825649261475e-02
1.797288097441196442e-02
7.098652422428131104e-02
8.336506038904190063e-02
-1.554163452237844467e-02
8.828436583280563354e-02
8.470617234706878662e-03
-1.037265546619892120e-02
-3.086237423121929169e-02
2.772753685712814331e-02
-1.108794659376144409e-02
9.735353291034698486e-02
6.064429134130477905e-02
3.157366439700126648e-02
-4.020183533430099487e-02
-1.822409592568874359e-02
7.189716398715972900e-02
-2.787295542657375336e-02
1.223541796207427979e-01
-6.619620323181152344e-02
-4.925372079014778137e-03
6.896680593490600586e-02
1.524384506046772003e-02
-8.081466704607009888e-02
-1.314542908221483231e-02
-9.483789652585983276e-02
-4.264296963810920715e-02
-2.919097431004047394e-02
8.141586557030677795e-03
-5.991043988615274429e-03
-1.618954725563526154e-02
2.603624388575553894e-02
5.888516083359718323e-02
3.104575350880622864e-02
-1.191450804471969604e-01
-9.838575124740600586e-02
-2.022290229797363281e-02
3.166494891047477722e-02
-6.253503262996673584e-02
-1.344745140522718430e-02
-3.679827600717544556e-02
4.860563203692436218e-02
4.110065475106239319e-02
-3.115521371364593506e-02
-5.453285574913024902e-02
1.073736511170864105e-02
-1.824457570910453796e-02
-6.185431778430938721e-02
1.645250990986824036e-02
-3.108244948089122772e-02
-3.434594348073005676e-02
1.100762095302343369e-02
4.892510548233985901e-02
6.378570199012756348e-02
5.658644810318946838e-02
7.804846763610839844e-02
-6.066337600350379944e-02
4.572064802050590515e-02
-4.420854151248931885e-02
6.538783758878707886e-02
7.132253050804138184e-02
-1.919269561767578125e-02
6.085753440856933594e-03
-1.139808911830186844e-02
3.131425008177757263e-02
-5.568116158246994019e-02
-8.296336047351360321e-03
-1.280204299837350845e-02
-4.302719980478286743e-02
2.698372863233089447e-02
-9.175157546997070312e-02
3.243925049901008606e-03
-5.976795032620429993e-02
3.801774932071566582e-03
-4.307375475764274597e-02
7.566039264202117920e-02
-1.321333367377519608e-02
5.684964731335639954e-02
-1.419750507920980453e-03
-1.464908570051193237e-02
-3.002268821001052856e-02
-6.402662396430969238e-02
2.569088526070117950e-02
-4.504035040736198425e-02
5.116367246955633163e-03
-4.808839410543441772e-02
6.533354520797729492e-02
7.468416541814804077e-02
1.239252462983131409e-01
8.605504408478736877e-03
-2.950132638216018677e-02
-5.718677490949630737e-02
8.138268440961837769e-02
-1.406745868735015392e-03
2.546703256666660309e-02
-4.701755568385124207e-02
1.769418711774051189e-03
4.196060821413993835e-03
2.222079969942569733e-02
2.224710024893283844e-02
3.107676468789577484e-02
-2.606890350580215454e-02
4.454275593161582947e-02
9.841122664511203766e-03
-2.563093230128288269e-02
-3.768895938992500305e-02
-4.753784090280532837e-02
2.203142456710338593e-02
-8.086793869733810425e-02
1.831397227942943573e-02
1.429758518934249878e-01
-1.846464723348617554e-02
2.385856956243515015e-02
-3.325687348842620850e-02
-4.500767588615417480e-02
1.362330932170152664e-02
7.545993477106094360e-02
3.150453045964241028e-02
9.816784411668777466e-03
-7.557910867035388947e-04
4.407314211130142212e-02
-2.533640945330262184e-03
-7.211523130536079407e-03
4.417778924107551575e-02
-3.251033648848533630e-02
-4.872260615229606628e-02
6.482946127653121948e-02
8.989843726158142090e-02
1.990762539207935333e-02
-6.342893932014703751e-03
7.834652066230773926e-02
-8.672623336315155029e-02
6.505943369120359421e-03
2.141154371201992035e-02
2.978594787418842316e-02
-4.919140785932540894e-02
-6.785278208553791046e-03
5.498775094747543335e-02
2.445860952138900757e-02
4.042375460267066956e-02
-1.636034436523914337e-02
3.684953600168228149e-02
4.726192355155944824e-02
-6.040766090154647827e-02
6.260763108730316162e-02
-3.516988828778266907e-03
-1.437905058264732361e-02
2.710225433111190796e-02
6.164538208395242691e-03
-3.358750417828559875e-02
-2.587480470538139343e-03
-8.928436040878295898e-02
9.194280952215194702e-03
-1.927084848284721375e-02
-9.348253160715103149e-02
-1.587150245904922485e-02
-2.212656661868095398e-02
5.810585990548133850e-02
1.595149561762809753e-02
6.904835999011993408e-02
-2.229319140315055847e-02
4.306990280747413635e-02
4.213220626115798950e-02
4.102754406630992889e-03
9.182097390294075012e-03
1.799392886459827423e-02
4.898155108094215393e-02
-5.277318414300680161e-03
-8.537495508790016174e-03
-2.322634682059288025e-02
6.043522059917449951e-02
7.705064117908477783e-02
-2.833766490221023560e-02
2.750035002827644348e-02
-4.765757918357849121e-02
-3.488862421363592148e-04
2.440857933834195137e-04
1.198009774088859558e-02
-7.011990994215011597e-02
-1.645515859127044678e-02
9.786199778318405151e-02
3.538258140906691551e-03
6.134586408734321594e-02
1.399483904242515564e-02
9.885227307677268982e-03
-1.200464460998773575e-02
-6.723877042531967163e-03
1.093045026063919067e-01
1.126852072775363922e-02
-9.059520810842514038e-02
4.289719089865684509e-02
-7.095278054475784302e-02
-4.983314499258995056e-02
5.763348191976547241e-02
-4.681283142417669296e-03
2.609568880870938301e-03
6.416976451873779297e-02
2.558988146483898163e-02
5.154447630047798157e-03
2.068587951362133026e-02
2.478643693029880524e-02
3.114178404211997986e-02
-1.736614666879177094e-02
7.498637586832046509e-02
1.424284465610980988e-02
-7.807571906596422195e-03
5.781300831586122513e-03
-5.727028846740722656e-02
7.148338109254837036e-02
1.874795742332935333e-02
-2.413536049425601959e-02
7.605425268411636353e-02
9.492958337068557739e-02
4.416844248771667480e-02
5.961397290229797363e-02
3.770190104842185974e-02
1.586408913135528564e-02
-2.489629760384559631e-02
9.460861235857009888e-02
-4.696667566895484924e-02
-2.544671110808849335e-02
7.444534450769424438e-02
-1.490287296473979950e-02
7.813329808413982391e-03
2.203534170985221863e-02
2.461649850010871887e-02
-4.217411391437053680e-03
-2.539588697254657745e-02
1.466008462011814117e-02
-7.197469240054488182e-04
5.345988087356090546e-03
5.663645640015602112e-02
-2.582421340048313141e-02
-6.649777293205261230e-02
1.045959442853927612e-02
-6.196014583110809326e-02
1.322304736822843552e-02
2.572173438966274261e-02
-1.656124182045459747e-02
-5.719373933970928192e-03
-3.410366922616958618e-02
8.111674338579177856e-03
-3.528701141476631165e-02
5.989054217934608459e-02
1.025544852018356323e-01
2.691003121435642242e-02
-4.432356357574462891e-02
-7.892798632383346558e-02
-4.101531580090522766e-03
5.454555526375770569e-02
3.390369936823844910e-02
7.744796574115753174e-02
-6.546138972043991089e-02
-4.584181681275367737e-02
7.749633491039276123e-02
2.828477323055267334e-02
-3.246982116252183914e-03
3.999464958906173706e-02
4.517412558197975159e-02
9.804967790842056274e-02
1.297040469944477081e-02
5.341928824782371521e-02
-3.354624286293983459e-02
-1.769797131419181824e-02
-4.187593981623649597e-02
5.405544117093086243e-02
-2.235779725015163422e-02
9.183429926633834839e-02
8.718993514776229858e-03
-4.603815078735351562e-02
6.531295180320739746e-02
4.417315125465393066e-02
3.310302644968032837e-02
1.752318441867828369e-02
1.879125647246837616e-02
-2.438508905470371246e-02
7.129566371440887451e-02
4.920716397464275360e-03
-6.224257498979568481e-02
2.468229830265045166e-02
2.274169214069843292e-02
2.727985265664756298e-04
-3.272956237196922302e-02
-1.874344237148761749e-02
4.464112594723701477e-02
-6.800365517847239971e-04
-6.685888767242431641e-02
-2.884413301944732666e-02
-4.098728299140930176e-02
3.535836562514305115e-02
-2.463213913142681122e-02
1.087315287441015244e-02
2.947920002043247223e-02
5.859070271253585815e-02
-6.131355836987495422e-02
-2.734657749533653259e-02
-1.441628905013203621e-03
-8.748009055852890015e-02
7.925000786781311035e-02
4.392873123288154602e-02
6.521153450012207031e-02
-5.591156892478466034e-03
-2.808198891580104828e-02
5.554728675633668900e-03
1.232962124049663544e-02
-1.655258238315582275e-02
-3.394689410924911499e-02
-6.894402205944061279e-02
-5.302403122186660767e-03
-9.919878095388412476e-03
-3.134858235716819763e-02
3.840682283043861389e-02
-1.115056313574314117e-02
-3.326295642182230949e-03
-1.563761266879737377e-03
5.286590754985809326e-02
-1.047314330935478210e-02
9.040335565805435181e-02
-7.539735641330480576e-03
8.553672581911087036e-02
-6.057787104509770870e-04
-1.562846265733242035e-02
-6.120894849300384521e-02
4.419941827654838562e-02
7.539980113506317139e-02
-6.735200993716716766e-03
-3.684811294078826904e-02
-2.177049405872821808e-02
-5.754620209336280823e-02
2.971542999148368835e-03
-2.908840542659163475e-03
-1.771983876824378967e-02
-1.997871324419975281e-03
1.082832552492618561e-02
-5.473104864358901978e-02
-5.928854644298553467e-02
4.537859931588172913e-02
4.359261691570281982e-02
-4.765661060810089111e-02
-5.609527602791786194e-02
-5.905105918645858765e-02
2.030903100967407227e-02
7.687865942716598511e-02
9.155004285275936127e-03
2.795870788395404816e-02
-8.949401788413524628e-03
8.829318732023239136e-02
-1.654659956693649292e-02
-4.990882053971290588e-02
3.252249583601951599e-02
8.192861452698707581e-03
9.456880390644073486e-02
-2.270974963903427124e-02
4.818856343626976013e-02
-1.010979991406202316e-02
1.724105514585971832e-02
7.050421088933944702e-03
-1.438994891941547394e-02
8.167655020952224731e-02
3.055333159863948822e-02
7.605671137571334839e-02
6.314679980278015137e-02
-3.295318782329559326e-02
-6.220923736691474915e-02
-9.510598145425319672e-03
1.016584597527980804e-02
2.246222086250782013e-02
-1.449368521571159363e-02
7.390415761619806290e-03
-4.316688701510429382e-02
-4.530380666255950928e-02
1.027481816709041595e-02
2.325044572353363037e-02
-2.143753692507743835e-03
-6.901359558105468750e-02
-4.020088165998458862e-02
-5.132760386914014816e-03
4.460406303405761719e-02
-6.171622127294540405e-02
-1.360650733113288879e-02
-3.537153825163841248e-02
7.752701640129089355e-02
4.606739059090614319e-02
-2.553431317210197449e-02
6.190677732229232788e-02
2.290319465100765228e-02
-9.578234516084194183e-03
1.610419526696205139e-02
4.923400282859802246e-02
-6.000988185405731201e-02
6.101976614445447922e-03
-4.636330902576446533e-02
-1.127022951841354370e-01
-9.451290220022201538e-02
3.120280802249908447e-02
-4.761778283864259720e-03
1.846768334507942200e-02
-4.640221595764160156e-04
-1.423165574669837952e-02
-5.707645416259765625e-02
7.892369478940963745e-02
3.865856304764747620e-02
2.952078543603420258e-02
-5.972499772906303406e-02
-5.467269942164421082e-02
7.482616603374481201e-02
-8.312520384788513184e-02
-5.891116801649332047e-03
3.858168143779039383e-03
2.026712987571954727e-03
-6.263649091124534607e-03
5.042531341314315796e-02
9.729562699794769287e-02
-1.141500193625688553e-02
7.210592180490493774e-02
-1.645017229020595551e-02
7.165094465017318726e-02
-8.552158623933792114e-02
3.060296922922134399e-02
-1.187257282435894012e-02
-7.154325395822525024e-02
-9.128394722938537598e-02
-1.635542325675487518e-02
-3.097141347825527191e-02
3.258100897073745728e-02
7.344894856214523315e-02
7.981348037719726562e-02
4.714989289641380310e-02
1.507650129497051239e-02
-6.641863286495208740e-02
-1.247783154249191284e-01
1.335347145795822144e-01
-2.782208472490310669e-02
-1.452328078448772430e-02
-4.078064858913421631e-02
-1.717077940702438354e-02
-3.552029374986886978e-03
-3.016017004847526550e-02
-7.866824045777320862e-03
3.346864506602287292e-02
-7.667404599487781525e-03
-1.506015076301991940e-03
-5.758091807365417480e-02
4.331967234611511230e-02
1.996979303658008575e-02
1.431329827755689621e-02
-8.505964279174804688e-02
4.546959698200225830e-02
3.091564401984214783e-02
3.276589140295982361e-02
-2.942192368209362030e-02
7.087650243192911148e-03
-4.507332667708396912e-02
-4.404920712113380432e-02
-3.023518621921539307e-02
-5.556810274720191956e-02
7.197848171927034855e-04
2.378842048346996307e-02
-1.306160166859626770e-02
9.688499569892883301e-02
-3.166838735342025757e-02
-6.113563105463981628e-02
-1.600740104913711548e-01
-1.072938553988933563e-02
-9.882017970085144043e-02
-2.714152913540601730e-03
5.920188128948211670e-02
-7.636588998138904572e-04
-4.600591491907835007e-03
2.428042143583297729e-02
-2.762087993323802948e-02
-1.887571066617965698e-02
3.053722903132438660e-02
-9.591007605195045471e-03
-8.916817605495452881e-03
5.809036269783973694e-02
3.838169574737548828e-02
1.672856509685516357e-02
1.880462467670440674e-02
-1.108726300299167633e-02
4.804490879178047180e-02
-3.774960339069366455e-02
-2.230613492429256439e-02
6.820214539766311646e-02
-9.799081087112426758e-02
4.078112542629241943e-02
8.896317332983016968e-02
-5.802646651864051819e-02
-1.291484199464321136e-02
-2.018748968839645386e-02
-2.552336268126964569e-02
-1.415290497243404388e-02
-1.144715584814548492e-02
-7.642399519681930542e-02
-8.431480266153812408e-03
7.196876406669616699e-02
-1.699391938745975494e-02
3.193531185388565063e-02
2.738422341644763947e-02
-1.186683215200901031e-02
1.850255765020847321e-02
-4.793690517544746399e-02
2.498397417366504669e-02
2.329598646610975266e-03
-5.229902453720569611e-03
6.111941486597061157e-02
-6.533011049032211304e-02
1.791341789066791534e-02
6.968450546264648438e-02
-3.760751336812973022e-02
-8.437819778919219971e-02
-5.215991754084825516e-03
5.109240859746932983e-02
-9.257718175649642944e-02
-1.777499727904796600e-02
2.292782999575138092e-02
8.053567260503768921e-02
-3.620757907629013062e-02
-5.302436649799346924e-02
3.365585207939147949e-02
6.207485496997833252e-02
-9.456710889935493469e-03
-1.333816256374120712e-02
-1.741210743784904480e-02
-5.944265425205230713e-02
-6.849678605794906616e-02
-1.224835403263568878e-02
2.207838930189609528e-02
-8.620022982358932495e-02
-2.230767719447612762e-02
-5.247445032000541687e-02
-7.060069590806961060e-02
6.369411200284957886e-02
-2.001209743320941925e-02
3.495150431990623474e-02
-4.585036262869834900e-02
2.066047117114067078e-02
1.659423857927322388e-02
-6.236140150576829910e-03
-9.354373812675476074e-02
3.835464641451835632e-02
1.370954420417547226e-02
2.598584629595279694e-02
-7.814634591341018677e-03
-1.387430541217327118e-02
-2.348273433744907379e-02
3.162830322980880737e-02
7.514056563377380371e-02
-5.633085221052169800e-02
1.038078032433986664e-02
-1.604310981929302216e-02
6.587163079530000687e-03
8.406291902065277100e-02
-7.825807482004165649e-02
-3.222209343221038580e-04
6.143372505903244019e-03
-3.964672982692718506e-02
6.005958188325166702e-03
2.526699099689722061e-03
6.320809572935104370e-02
1.647013425827026367e-02
-2.679593116044998169e-02
2.739014569669961929e-03
-3.086020424962043762e-02
-3.626558184623718262e-02
-8.911032974720001221e-02
5.944988131523132324e-02
7.946882396936416626e-02
6.409549713134765625e-02
-4.216966032981872559e-02
2.627536468207836151e-02
-9.626933373510837555e-03
-1.199569180607795715e-02
-6.560918688774108887e-02
-6.900794059038162231e-02
1.235202886164188385e-02
9.238003939390182495e-02
3.845915198326110840e-02
6.046073511242866516e-03
5.088974907994270325e-02
4.332273453474044800e-02
-2.528882771730422974e-02
-7.763016968965530396e-02
3.938200417906045914e-03
-5.351525917649269104e-02
-5.402728542685508728e-02
5.968131497502326965e-02
-6.694021821022033691e-02
5.932650715112686157e-02
-2.788222394883632660e-02
-2.095357887446880341e-02
2.262302674353122711e-02
-3.339421749114990234e-02
3.902537003159523010e-02
2.355796843767166138e-02
9.815621888265013695e-04
3.105992637574672699e-02
-2.945448737591505051e-03
-4.417481273412704468e-02
4.138347506523132324e-02
-2.843197900801897049e-03
-4.627021774649620056e-02
8.843328803777694702e-03
1.134971603751182556e-01
-1.241565961390733719e-02
-3.725039586424827576e-02
-1.228657923638820648e-02
-1.529532391577959061e-02
7.376181334257125854e-02
5.209381505846977234e-02
2.149116434156894684e-02
-9.483814984560012817e-02
7.746025174856185913e-02
8.256548643112182617e-02
4.485326632857322693e-02
3.626894904300570488e-03
6.509409844875335693e-02
-6.176407262682914734e-02
-2.617424726486206055e-02
-3.859181422740221024e-03
-6.013787165284156799e-02
5.299421772360801697e-02
2.396177314221858978e-02
4.083818942308425903e-02
-8.829262852668762207e-02
-8.516640961170196533e-02
3.233617916703224182e-02
1.940905861556529999e-02
-7.820862531661987305e-02
-1.617141999304294586e-02
2.505571767687797546e-02
5.420438200235366821e-02
-5.619909241795539856e-02
5.834627151489257812e-02
-7.566092163324356079e-02
1.798530668020248413e-02
1.051475256681442261e-01
2.689157053828239441e-02
9.218282997608184814e-03
-5.140279605984687805e-02
-7.825434207916259766e-02
-2.927473280578851700e-03
4.142319038510322571e-02
2.424152195453643799e-02
2.775410423055291176e-03
-1.855309004895389080e-03
-6.223292276263237000e-02
-2.657575905323028564e-02
2.916347049176692963e-02
-7.133529987186193466e-03
8.792663365602493286e-02
4.091785103082656860e-02
-8.172217011451721191e-02
-3.801003471016883850e-02
3.762466460466384888e-02
-8.819250017404556274e-02
-4.281288478523492813e-03
2.434225007891654968e-02
-2.443020232021808624e-03
4.695303738117218018e-02
4.113936796784400940e-02
3.328461945056915283e-02
1.003397852182388306e-01
-1.147353351116180420e-01
-2.959959581494331360e-02
6.415656208992004395e-02
-9.706079727038741112e-04
2.477045543491840363e-02
4.093395546078681946e-02
-2.817978896200656891e-02
-2.908797189593315125e-02
7.571883033961057663e-03
-6.686942279338836670e-02
4.811431281268596649e-03
2.387527190148830414e-02
4.531884565949440002e-02
7.227119803428649902e-02
-4.695205483585596085e-03
1.840626448392868042e-02
-1.632232964038848877e-02
-1.155283208936452866e-02
-2.512456383556127548e-03
-3.042264655232429504e-02
5.606333911418914795e-02
-1.661101169884204865e-02
-5.711130797863006592e-02
4.284674301743507385e-02
5.186498165130615234e-04
5.830606818199157715e-02
4.632422327995300293e-02
5.339831858873367310e-02
-4.201145097613334656e-02
1.282461918890476227e-03
4.378283396363258362e-02
6.934804841876029968e-03
2.421971410512924194e-02
-3.789669647812843323e-02
3.994188085198402405e-02
-2.228045486845076084e-04
2.548544108867645264e-02
-2.699416130781173706e-02
4.329021275043487549e-02
-3.288642689585685730e-02
-3.737649694085121155e-02
7.052768766880035400e-02
-3.331977874040603638e-02
-2.555636316537857056e-02
-4.882288048975169659e-04
2.301976270973682404e-02
-5.466076731681823730e-02
-1.030875649303197861e-02
-3.545401245355606079e-02
-3.589703887701034546e-02
9.693673998117446899e-02
1.567803509533405304e-02
-2.888518385589122772e-02
-5.166860669851303101e-02
-1.029356792569160461e-01
3.383482992649078369e-02
1.041684392839670181e-02
-4.756024479866027832e-02
7.602140307426452637e-02
4.868830367922782898e-02
1.723245531320571899e-02
1.119644846767187119e-02
1.202762126922607422e-02
-6.159526482224464417e-02
-2.858355874195694923e-03
-3.335317969322204590e-02
1.289336103945970535e-02
-2.053849631920456886e-03
2.424434944987297058e-02
9.130909293889999390e-02
-6.409135460853576660e-02
-2.328521013259887695e-02
-3.243079781532287598e-02
2.397801354527473450e-02
-1.945276185870170593e-02
6.944880355149507523e-03
8.531589806079864502e-02
6.215594336390495300e-02
5.848618596792221069e-02
3.642399236559867859e-02
5.831188708543777466e-02
-1.091133207082748413e-01
-9.343876689672470093e-02
2.884704060852527618e-02
-4.583701118826866150e-02
7.295271009206771851e-02
-4.559857025742530823e-02
-5.979670956730842590e-02
8.391557633876800537e-02
-4.976384341716766357e-02
9.439271688461303711e-02
-1.828110404312610626e-02
1.988999545574188232e-02
2.451192401349544525e-02
-1.101517956703901291e-02
3.610430657863616943e-02
3.373945876955986023e-02
-2.784718573093414307e-02
-6.368115544319152832e-02
3.775544464588165283e-02
-8.057911694049835205e-02
-5.532266199588775635e-02
5.870149657130241394e-02
7.459346950054168701e-02
-6.516335159540176392e-02
3.084065392613410950e-02
-8.214610628783702850e-03
-2.533110603690147400e-02
-8.501082658767700195e-03
6.177935283631086349e-04
-3.748102113604545593e-02
-1.075382810086011887e-02
2.947390079498291016e-02
7.662871479988098145e-02
-5.943750962615013123e-02
-4.589611198753118515e-03
-6.145788729190826416e-02
6.074418127536773682e-02
-5.901345238089561462e-02
-1.402007602155208588e-02
1.123357415199279785e-01
-6.899084895849227905e-02
-6.803894788026809692e-02
2.677416242659091949e-02
1.678692363202571869e-02
-1.048377621918916702e-02
1.483038812875747681e-02
3.234008327126502991e-02
6.283416878432035446e-03
-2.799452096223831177e-02
-1.122838351875543594e-02
-1.074808277189731598e-02
7.593584805727005005e-02
-3.666588664054870605e-02
-2.676607854664325714e-02
-3.694145753979682922e-02
-6.986667960882186890e-02
7.259829342365264893e-02
-3.261108323931694031e-02
-5.255580320954322815e-02
3.478395985439419746e-03
-5.479069892317056656e-03
-6.929183751344680786e-02
1.474298909306526184e-02
8.449909836053848267e-02
-2.325257053598761559e-03
1.773540303111076355e-02
7.716428488492965698e-02
1.049633231014013290e-02
-3.025319613516330719e-02
7.462260127067565918e-02
-1.233869325369596481e-02
-7.579950988292694092e-02
-6.157106254249811172e-03
-5.897647887468338013e-02
1.116239652037620544e-02
8.890199824236333370e-04
-9.139792062342166901e-03
-4.851262271404266357e-02
4.057901352643966675e-02
1.528610382229089737e-02
6.364922225475311279e-02
-2.355972304940223694e-02
4.224184155464172363e-02
-1.578014343976974487e-02
-2.131002210080623627e-02
2.216576365754008293e-03
5.243695806711912155e-03
-2.397714368999004364e-02
-6.513291597366333008e-02
-1.624594256281852722e-02
5.111141130328178406e-02
-8.643850684165954590e-02
4.333558678627014160e-02
4.197027161717414856e-02
-4.521058499813079834e-02
-5.318026989698410034e-02
1.309990510344505310e-02
-2.836792916059494019e-02
-5.908958613872528076e-02
5.342347919940948486e-02
2.686351537704467773e-02
4.203826189041137695e-03
1.445209607481956482e-02
6.780320405960083008e-02
1.497261505573987961e-02
-1.007789149880409241e-01
2.766989730298519135e-02
-2.514251507818698883e-02
-3.305208170786499977e-03
1.311044208705425262e-02
6.824536714702844620e-03
-1.778268441557884216e-02
-9.105607867240905762e-02
-1.096659079194068909e-01
-7.735658437013626099e-02
1.814272627234458923e-02
-3.174778446555137634e-02
-5.225325003266334534e-02
1.069247126579284668e-01
-5.411414057016372681e-02
8.317220490425825119e-04
-1.133722588419914246e-01
2.731627225875854492e-02
-5.322702694684267044e-03
-2.877284213900566101e-02
1.826010085642337799e-02
2.780752256512641907e-02
3.678455203771591187e-02
1.334556005895137787e-02
7.289636880159378052e-03
6.834997236728668213e-02
-3.883661329746246338e-02
-3.923504054546356201e-02
1.097451802343130112e-02
-1.028691045939922333e-02
1.563559100031852722e-02
6.589434575289487839e-03
-3.292387351393699646e-02
2.748830802738666534e-02
6.246045604348182678e-02
-4.947092011570930481e-02
8.196824789047241211e-02
3.215037658810615540e-02
-3.455422073602676392e-02
-7.283753156661987305e-02
5.603068321943283081e-02
-4.582825303077697754e-02
-3.974012285470962524e-02
-6.293552368879318237e-02
-5.381904914975166321e-02
4.231097176671028137e-02
1.778653077781200409e-02
-7.867033593356609344e-03
-3.749183937907218933e-02
3.773880377411842346e-02
3.613797575235366821e-02
8.087564259767532349e-02
3.829776868224143982e-02
-4.318047687411308289e-02
9.058164432644844055e-03
2.963913045823574066e-02
2.623311243951320648e-03
1.817084476351737976e-02
3.645059466361999512e-02
-4.063779860734939575e-02
-1.006868574768304825e-02
1.890963502228260040e-02
-6.776946038007736206e-02
4.292610287666320801e-02
5.936969816684722900e-02
-2.503685280680656433e-02
-8.202648162841796875e-02
9.114789962768554688e-02
