6.565749179571866989e-03
-7.763527333736419678e-03
1.174302119761705399e-02
-6.913368706591427326e-04
1.151380408555269241e-02
-3.281647711992263794e-02
-5.792090669274330139e-02
1.163763087242841721e-02
1.420332118868827820e-02
6.510158628225326538e-02
-1.170456688851118088e-02
6.103643774986267090e-02
-6.997194886207580566e-02
2.419318258762359619e-02
-3.924439474940299988e-02
7.400058954954147339e-02
-7.285709958523511887e-03
5.191881582140922546e-02
1.592879928648471832e-02
-8.288251608610153198e-02
-3.991652280092239380e-03
1.275346707552671432e-02
-3.266617655754089355e-02
4.967844858765602112e-02
-6.264989823102951050e-02
7.224192470312118530e-02
4.737578704953193665e-02
4.223249852657318115e-02
-2.145819365978240967e-02
2.788821421563625336e-02
5.323964729905128479e-02
1.118406001478433609e-02
1.299643889069557190e-02
-6.752637773752212524e-02
-2.342346124351024628e-02
-1.009056065231561661e-02
1.340568065643310547e-03
-2.554282546043395996e-04
-7.114461064338684082e-02
-8.202560991048812866e-02
-1.317656785249710083e-01
9.142813831567764282e-02
-8.133208006620407104e-02
-1.903606951236724854e-02
2.033833041787147522e-02
3.722168132662773132e-02
2.499482035636901855e-02
-1.546879578381776810e-02
-2.987205050885677338e-02
2.717128396034240723e-02
-5.859491229057312012e-02
-5.182622745633125305e-02
2.512766607105731964e-02
-2.045268379151821136e-02
6.369592994451522827e-02
7.422144059091806412e-03
-1.527843344956636429e-02
-2.103504538536071777e-02
-2.179712057113647461e-03
4.797085747122764587e-02
-3.545457869768142700e-02
1.525051612406969070e-02
1.031691953539848328e-01
-7.864892482757568359e-03
-2.879382111132144928e-02
1.224135607481002808e-02
-2.523171342909336090e-02
5.738365650177001953e-02
5.282102525234222412e-02
8.814377337694168091e-02
1.637832820415496826e-02
-1.636066101491451263e-02
5.103746056556701660e-02
1.121483817696571350e-01
1.773627474904060364e-02
3.788888081908226013e-02
-4.956303536891937256e-02
2.181665273383259773e-03
-4.111108183860778809e-02
-3.222180530428886414e-02
3.189480677247047424e-02
3.856868669390678406e-02
-9.621059894561767578e-02
2.803184837102890015e-02
-8.265821635723114014e-02
-9.697694331407546997e-03
2.554131112992763519e-02
-2.634554170072078705e-02
-7.856894284486770630e-02
3.042957745492458344e-02
-6.778492778539657593e-02
-1.206455379724502563e-02
-1.831677556037902832e-02
-3.970841690897941589e-02
-4.667097236961126328e-03
-2.832901291549205780e-02
1.339407358318567276e-02
3.800633177161216736e-02
8.217334747314453125e-02
1.037607621401548386e-02
5.257490649819374084e-02
-4.996677860617637634e-02
-1.034615654498338699e-02
-1.956683211028575897e-02
1.177697777748107910e-01
-1.941012887982651591e-04
-2.251064963638782501e-02
-6.189880892634391785e-02
8.292856067419052124e-02
-2.137676812708377838e-02
9.513619355857372284e-03
-2.713662944734096527e-02
-2.912569046020507812e-02
-4.390335176140069962e-03
3.829564154148101807e-02
5.139411985874176025e-02
2.381607890129089355e-02
-1.749331504106521606e-02
3.588857501745223999e-02
5.925820767879486084e-02
1.043461784720420837e-01
1.057459693402051926e-02
-8.595851063728332520e-02
9.282951243221759796e-03
-9.040161035954952240e-03
-5.226380005478858948e-02
-5.150530021637678146e-03
3.180911764502525330e-02
5.628148838877677917e-02
-5.652341619133949280e-02
-6.975569576025009155e-02
5.250439047813415527e-02
8.960307389497756958e-02
-4.969668760895729065e-02
8.099042624235153198e-02
2.935344725847244263e-02
3.443716093897819519e-02
2.209374308586120605e-02
1.660162396728992462e-02
-9.017693251371383667e-02
9.994055144488811493e-03
7.596599403768777847e-03
-2.269934862852096558e-02
9.213795512914657593e-02
3.314825892448425293e-02
-2.554085105657577515e-03
1.329971011728048325e-02
2.183633111417293549e-02
-2.470851875841617584e-02
2.286255918443202972e-02
-3.762802854180335999e-02
-4.523266479372978210e-02
-3.538733348250389099e-02
3.292442532256245613e-03
3.370709344744682312e-02
-7.223864644765853882e-02
4.543022718280553818e-03
6.500636693090200424e-03
8.041625469923019409e-02
-6.810526247136294842e-04
-6.071623880416154861e-03
-1.583997160196304321e-02
-8.525697141885757446e-02
1.764318719506263733e-02
1.398718636482954025e-02
-2.507233060896396637e-02
2.763460390269756317e-02
-3.830994246527552605e-03
-3.678391454741358757e-03
4.331816732883453369e-02
-4.393935576081275940e-02
1.894287019968032837e-02
-2.222543954849243164e-02
2.872710488736629486e-02
7.429707050323486328e-02
-3.100901283323764801e-02
-9.991115890443325043e-03
-2.583400718867778778e-02
-2.546202205121517181e-02
-3.743471577763557434e-02
3.558369353413581848e-02
-5.249321460723876953e-02
4.376974329352378845e-02
3.307174518704414368e-02
6.932499259710311890e-02
-1.656189002096652985e-02
3.395310789346694946e-02
4.967228695750236511e-02
2.077209018170833588e-02
6.910794973373413086e-02
4.176296293735504150e-02
8.617810159921646118e-02
1.079801004379987717e-02
-3.799873962998390198e-02
6.356409937143325806e-02
1.532696653157472610e-02
6.209511775523424149e-03
3.416414931416511536e-02
8.998340368270874023e-02
4.780782759189605713e-02
5.669611319899559021e-02
-4.456174373626708984e-02
7.617916911840438843e-02
-4.163773730397224426e-02
-6.026828289031982422e-02
-2.214459143579006195e-02
1.333380024880170822e-02
-2.845168672502040863e-02
-7.904188334941864014e-02
5.177685525268316269e-03
3.113160096108913422e-02
7.802977412939071655e-02
3.264296054840087891e-02
-2.628502808511257172e-02
1.430542767047882080e-02
-5.517868325114250183e-02
-5.703456327319145203e-02
-8.753664046525955200e-02
5.107474047690629959e-03
-3.115502931177616119e-02
4.004080593585968018e-02
-5.067977309226989746e-02
-6.486066430807113647e-02
6.801970303058624268e-02
-5.095317959785461426e-03
-2.277098409831523895e-02
2.828883565962314606e-02
-1.464994624257087708e-03
-7.379698008298873901e-02
9.377990849316120148e-03
-2.058020792901515961e-02
-4.743518307805061340e-02
6.955960392951965332e-02
-9.763314388692378998e-03
4.655857756733894348e-02
-1.105529069900512695e-02
2.625824697315692902e-02
1.129448879510164261e-02
-7.949962466955184937e-02
-7.004392892122268677e-02
4.751625657081604004e-02
-7.557602971792221069e-02
1.989696733653545380e-02
9.159630537033081055e-02
-1.549854874610900879e-02
1.236732229590415955e-01
9.165205806493759155e-02
4.205225780606269836e-02
3.603148460388183594e-02
5.172525998204946518e-03
6.184853985905647278e-02
2.043824642896652222e-03
2.229196764528751373e-02
5.278176162391901016e-03
1.635994575917720795e-02
1.082588639110326767e-02
1.482121367007493973e-02
3.468456119298934937e-02
-1.785145513713359833e-02
-1.427023322321474552e-03
-5.036329105496406555e-02
-6.547775864601135254e-02
1.038843393325805664e-01
-4.751682281494140625e-02
-2.951158024370670319e-02
-3.297200426459312439e-02
3.022125549614429474e-02
7.508502900600433350e-02
8.700025081634521484e-02
1.703807897865772247e-02
-6.000289693474769592e-02
4.251556470990180969e-02
-1.528217457234859467e-03
-3.681166097521781921e-02
1.014871597290039062e-01
-7.902141660451889038e-02
2.732357941567897797e-02
4.531511291861534119e-02
-1.410517096519470215e-02
1.091741919517517090e-01
-6.812262535095214844e-02
4.085972160100936890e-02
-4.503834620118141174e-02
1.894423551857471466e-02
6.868770718574523926e-02
-7.646953314542770386e-02
-5.145072937011718750e-03
-7.525802403688430786e-02
9.996058652177453041e-04
1.395536959171295166e-02
1.038612518459558487e-02
-5.985239148139953613e-02
-1.271564885973930359e-02
1.146163791418075562e-03
8.341209031641483307e-03
3.502957895398139954e-02
-1.318021025508642197e-02
3.190270066261291504e-02
-2.877495624125003815e-02
9.146330505609512329e-02
3.899112716317176819e-02
3.534108027815818787e-02
-2.491558343172073364e-02
-4.209116101264953613e-02
3.164954110980033875e-02
3.344755247235298157e-02
-7.885350845754146576e-03
7.517907023429870605e-02
4.860348999500274658e-04
3.676149621605873108e-02
-3.187162056565284729e-02
2.224745601415634155e-02
3.230402991175651550e-02
4.700437188148498535e-02
8.404997736215591431e-02
-3.082851134240627289e-02
2.303872816264629364e-02
-2.721522701904177666e-03
-1.261760760098695755e-02
-3.852890059351921082e-02
-3.604849427938461304e-02
-4.180814325809478760e-02
-3.326829522848129272e-03
-1.023105010390281677e-01
-1.833956874907016754e-02
8.854053169488906860e-02
1.688707806169986725e-02
-3.922736644744873047e-02
7.419258356094360352e-02
8.210286498069763184e-02
-8.367558568716049194e-02
7.817587256431579590e-02
2.567532099783420563e-02
3.114737570285797119e-02
4.187074303627014160e-02
7.558224350214004517e-02
-1.636967062950134277e-02
-2.490423619747161865e-02
9.629676491022109985e-02
3.047859668731689453e-02
5.673068761825561523e-02
4.764689132571220398e-02
3.237989963963627815e-03
5.473342258483171463e-03
6.027580704540014267e-03
-1.053149327635765076e-01
9.432137012481689453e-02
6.535571068525314331e-02
-6.158902868628501892e-02
6.594332307577133179e-02
1.949522271752357483e-02
5.967894196510314941e-02
5.847096070647239685e-02
-1.875578053295612335e-02
-3.717597946524620056e-02
-3.523307666182518005e-02
-5.171334743499755859e-02
1.004262268543243408e-01
3.946659620851278305e-03
1.179695874452590942e-02
-9.418193250894546509e-02
-3.083935938775539398e-02
-3.019657731056213379e-02
6.617128103971481323e-02
-5.671654269099235535e-02
2.010990865528583527e-02
3.742206096649169922e-02
1.852700673043727875e-02
-1.038135364651679993e-01
-5.715269222855567932e-02
-1.810313947498798370e-02
7.475913316011428833e-02
-5.508467182517051697e-02
8.169330656528472900e-02
-3.133790940046310425e-02
3.378356248140335083e-02
1.500030397437512875e-03
-4.844392463564872742e-02
-1.870400458574295044e-02
7.985976338386535645e-02
-1.967390440404415131e-02
8.413765579462051392e-02
-3.735820949077606201e-02
-5.833823978900909424e-02
1.013112440705299377e-01
1.458632107824087143e-02
-7.355263084173202515e-02
-5.543009936809539795e-02
-3.689606115221977234e-02
7.977352291345596313e-02
2.546929009258747101e-02
-1.609477563761174679e-03
-4.463503137230873108e-02
4.285870492458343506e-02
1.830263249576091766e-02
-5.417770147323608398e-02
3.621247038245201111e-02
1.025185659527778625e-01
2.004591003060340881e-02
2.785123325884342194e-02
3.107487596571445465e-02
-6.113800033926963806e-02
-9.593246504664421082e-03
2.268892340362071991e-02
7.520252838730812073e-03
-5.299391224980354309e-02
-8.413297683000564575e-02
-9.792213886976242065e-02
5.246450006961822510e-02
5.930915474891662598e-02
4.137074947357177734e-02
1.825526356697082520e-03
-2.600199729204177856e-02
-2.700622938573360443e-02
1.676082611083984375e-02
-3.998880088329315186e-02
2.135558426380157471e-02
-3.016424179077148438e-02
-3.375369310379028320e-02
4.271317739039659500e-03
1.294912304729223251e-02
2.984762750566005707e-02
-1.207030029036104679e-03
-2.136447094380855560e-02
7.527644629590213299e-04
3.271172940731048584e-02
2.370121888816356659e-02
3.723412752151489258e-02
-1.711082644760608673e-02
1.142740249633789062e-02
-4.527488257735967636e-03
8.624726533889770508e-02
-1.141245942562818527e-02
1.055344659835100174e-02
6.297542899847030640e-02
9.397796541452407837e-02
3.508057072758674622e-02
4.455847665667533875e-02
-7.433896511793136597e-02
-2.148813754320144653e-02
-1.274985168129205704e-02
1.745574362576007843e-02
-3.253212198615074158e-02
-4.363589361310005188e-02
-6.760532408952713013e-02
2.502455376088619232e-02
9.677992202341556549e-03
-5.263863131403923035e-02
-1.075584813952445984e-02
4.682131484150886536e-02
-7.414286583662033081e-02
8.596390485763549805e-03
4.104534909129142761e-02
-1.162571180611848831e-02
1.408422947861254215e-03
-6.841431558132171631e-02
-7.675872743129730225e-02
7.065803557634353638e-02
-5.249683186411857605e-02
7.401407510042190552e-02
6.903328467160463333e-03
6.459704134613275528e-03
2.797835320234298706e-02
2.978453598916530609e-02
-5.412391200661659241e-02
-1.341152563691139221e-02
6.332796812057495117e-02
-1.162993628531694412e-02
-3.597425995394587517e-03
4.788786172866821289e-02
-4.291784763336181641e-02
-1.323473826050758362e-02
-8.245830237865447998e-02
-5.309246480464935303e-03
-3.137461468577384949e-02
-5.409756302833557129e-02
5.583513155579566956e-02
3.696964681148529053e-02
1.404163986444473267e-02
-3.631861507892608643e-02
-3.114213049411773682e-02
6.017007306218147278e-02
-1.642232947051525116e-02
4.247817397117614746e-02
-4.192367196083068848e-02
3.903232887387275696e-02
6.671094149351119995e-02
-6.527008861303329468e-02
5.501275882124900818e-02
4.721651598811149597e-02
1.290506124496459961e-02
-6.222140789031982422e-02
5.555910523980855942e-03
3.327946364879608154e-02
-2.379910089075565338e-02
-5.610704049468040466e-02
6.091431155800819397e-02
2.861629240214824677e-03
1.932185702025890350e-02
1.062634810805320740e-01
5.002123117446899414e-02
-2.972350455820560455e-02
-6.914811581373214722e-02
-1.884666830301284790e-02
3.130637854337692261e-02
-5.900965537875890732e-03
2.259176038205623627e-02
1.129081379622220993e-02
-5.366043373942375183e-02
1.266856491565704346e-02
-5.437137093394994736e-03
4.840280488133430481e-02
9.220329113304615021e-03
-7.761947810649871826e-02
-1.574137620627880096e-02
3.830478340387344360e-02
-2.868147753179073334e-02
-3.190250322222709656e-02
2.959371916949748993e-02
1.887358725070953369e-02
-7.005158811807632446e-02
4.075127840042114258e-02
1.803009957075119019e-02
1.511052250862121582e-04
-3.852967545390129089e-02
-3.545840457081794739e-02
1.363056898117065430e-02
-1.069245766848325729e-02
-6.180706899613142014e-03
-3.452129289507865906e-02
1.915934123098850250e-02
3.494263812899589539e-02
2.923065610229969025e-02
1.050366982817649841e-01
-4.562050104141235352e-02
2.499055676162242889e-02
-4.704388603568077087e-02
9.065420366823673248e-03
3.264281153678894043e-02
-5.684902891516685486e-02
-2.713336050510406494e-02
2.071019262075424194e-03
3.440846875309944153e-02
2.728115022182464600e-02
7.449183613061904907e-02
-1.081856340169906616e-02
3.743784874677658081e-02
-2.804724872112274170e-02
3.320322930812835693e-02
2.347758598625659943e-02
-5.166527628898620605e-02
-1.202784776687622070e-01
2.407925901934504509e-03
-7.851143926382064819e-02
9.821337647736072540e-03
-2.078686840832233429e-02
-5.732169747352600098e-02
3.508925065398216248e-02
1.618801243603229523e-02
6.878083944320678711e-02
-1.402822230011224747e-02
-1.502709742635488510e-02
-6.474419031292200089e-03
2.861765213310718536e-02
-3.803653642535209656e-02
1.111234817653894424e-02
-1.985654234886169434e-03
6.204256042838096619e-02
7.711856067180633545e-02
-3.021172620356082916e-02
-2.023573406040668488e-02
-2.474355883896350861e-02
-6.558275967836380005e-02
-2.507451362907886505e-02
1.921455003321170807e-02
-6.508950144052505493e-02
-3.858994320034980774e-02
-1.311172824352979660e-02
-1.504025235772132874e-02
-5.646507814526557922e-02
-1.630017906427383423e-02
-4.114094376564025879e-02
-4.242930188775062561e-02
3.489996120333671570e-02
6.063862517476081848e-02
1.555846165865659714e-02
-7.466735690832138062e-02
2.095534838736057281e-02
3.698882460594177246e-02
3.695744276046752930e-02
-3.769544512033462524e-02
-8.240041881799697876e-02
-1.161611601710319519e-01
8.852673321962356567e-02
4.464605450630187988e-02
1.727526821196079254e-02
-4.025686532258987427e-02
-3.545533120632171631e-02
-1.575103402137756348e-02
-5.586837604641914368e-02
-1.536346971988677979e-03
1.941112242639064789e-02
-4.003953561186790466e-02
7.110024243593215942e-02
3.450268134474754333e-02
-4.890386387705802917e-02
1.968320459127426147e-03
6.327778100967407227e-02
-2.731754630804061890e-02
6.810411810874938965e-02
1.835774444043636322e-02
4.153554141521453857e-02
3.239594027400016785e-02
8.576677180826663971e-03
2.297960780560970306e-02
-2.162258513271808624e-02
2.395892143249511719e-02
4.876350238919258118e-02
2.339853160083293915e-02
3.970716148614883423e-02
6.612397730350494385e-03
4.626860097050666809e-02
-2.948326431214809418e-02
5.145501345396041870e-04
-4.737435653805732727e-02
-3.199851512908935547e-02
-4.194126930087804794e-03
-6.617271900177001953e-02
-6.031440570950508118e-02
4.128441959619522095e-02
3.531348332762718201e-02
-4.581061005592346191e-02
3.273666277527809143e-02
-2.404429018497467041e-02
7.533260155469179153e-03
8.429393917322158813e-02
6.705222278833389282e-02
3.676131740212440491e-02
-6.425352394580841064e-02
4.739007726311683655e-02
6.053116172552108765e-03
-6.084372475743293762e-02
8.306586742401123047e-02
-5.966284871101379395e-02
2.322243899106979370e-02
5.638140067458152771e-02
-1.111389994621276855e-01
3.851916640996932983e-02
2.988790534436702728e-02
7.230003923177719116e-02
2.615060843527317047e-02
-4.896129295229911804e-02
2.065767161548137665e-02
-2.588696777820587158e-03
5.314356088638305664e-02
5.392735823988914490e-02
7.623500376939773560e-02
5.159013345837593079e-02
5.642087757587432861e-02
-5.739659070968627930e-03
7.224070280790328979e-02
-8.979342877864837646e-03
2.584896981716156006e-03
4.752748645842075348e-03
8.413477987051010132e-02
4.000137094408273697e-03
4.369656369090080261e-02
9.714717417955398560e-02
5.818685051053762436e-03
9.799196571111679077e-02
3.683276847004890442e-02
1.645251922309398651e-02
-1.121416222304105759e-02
9.852373600006103516e-02
-1.375545188784599304e-02
-5.374366044998168945e-02
4.697280749678611755e-02
5.596216395497322083e-02
-1.225258316844701767e-02
5.022421851754188538e-02
-1.598296500742435455e-02
-9.552047401666641235e-02
5.320965871214866638e-02
-5.128414835780858994e-03
-6.692079454660415649e-02
4.361526574939489365e-03
-7.276438176631927490e-02
-2.664537169039249420e-02
-7.618495821952819824e-02
2.947728335857391357e-02
-5.912018939852714539e-02
-1.315808575600385666e-02
-3.588906303048133850e-02
7.008784264326095581e-02
-1.429986860603094101e-02
-4.610888287425041199e-02
-1.097032800316810608e-02
1.939738728106021881e-02
7.590500265359878540e-02
8.408234268426895142e-02
-6.405109073966741562e-03
-4.981331527233123779e-02
-3.550305590033531189e-02
-5.994443222880363464e-02
7.439166307449340820e-02
-5.535668134689331055e-02
2.013863995671272278e-03
3.490481898188591003e-02
-5.426051095128059387e-02
-1.594293862581253052e-03
-4.403438046574592590e-02
5.577862262725830078e-02
8.152212947607040405e-02
-1.428062003105878830e-02
5.879056081175804138e-02
8.110973052680492401e-03
1.096366811543703079e-02
1.624027639627456665e-02
4.690691828727722168e-02
-9.033158421516418457e-03
7.047353778034448624e-03
-3.517639264464378357e-02
-1.227350812405347824e-02
-1.754116080701351166e-02
2.151616849005222321e-02
-2.159094065427780151e-02
-1.060091033577919006e-01
3.859817609190940857e-02
-2.379217557609081268e-02
-5.749645829200744629e-02
1.202613115310668945e-02
-5.251016095280647278e-02
5.959274247288703918e-02
4.334941878914833069e-02
3.123861737549304962e-02
1.115638241171836853e-01
-3.050202503800392151e-04
-2.203681133687496185e-02
-1.337532550096511841e-01
5.397560889832675457e-04
7.750786840915679932e-03
8.528479188680648804e-02
-2.641364000737667084e-02
4.781967401504516602e-02
-4.714907333254814148e-02
-3.550603613257408142e-02
-3.629459068179130554e-02
1.085179075598716736e-01
-2.066922001540660858e-02
-2.827548421919345856e-02
-1.740910671651363373e-02
2.859430573880672455e-02
-5.963031947612762451e-02
2.541016973555088043e-02
-2.409428916871547699e-02
1.942676492035388947e-02
-1.991128362715244293e-02
-4.872129857540130615e-02
-2.483122237026691437e-02
1.187327783554792404e-02
-6.292106956243515015e-02
-1.173450350761413574e-01
1.669894345104694366e-02
-6.120180711150169373e-02
-3.887582942843437195e-02
-5.396161600947380066e-02
-1.989083550870418549e-02
4.725424945354461670e-02
2.740676142275333405e-02
4.483067989349365234e-02
6.008558440953493118e-03
1.186218950897455215e-02
5.911322310566902161e-02
2.238379092887043953e-03
-5.597423762083053589e-03
-9.812525659799575806e-02
-8.183851838111877441e-02
-3.018216788768768311e-02
2.458488009870052338e-02
-1.685036718845367432e-02
-3.311373293399810791e-03
-4.189083352684974670e-02
-5.773830413818359375e-02
-5.898227915167808533e-02
5.350888893008232117e-02
9.500992298126220703e-02
-1.810597814619541168e-02
6.852221488952636719e-02
-4.582828655838966370e-02
-9.506591409444808960e-02
3.105450235307216644e-02
3.180599957704544067e-02
-1.030251458287239075e-01
2.748551219701766968e-02
5.161831621080636978e-03
2.887129224836826324e-02
-7.011575251817703247e-02
1.051382627338171005e-02
-6.528844591230154037e-03
1.526074111461639404e-02
-4.555222392082214355e-02
-2.195945382118225098e-02
-3.350350633263587952e-02
-4.345395788550376892e-02
-2.782913623377680779e-03
1.435981225222349167e-02
1.192404106259346008e-01
4.409946128726005554e-02
-2.081992663443088531e-02
-3.313969820737838745e-02
-2.637429535388946533e-02
6.729938834905624390e-02
-1.109050884842872620e-01
2.313787303864955902e-02
-6.655202060937881470e-02
5.829039588570594788e-02
1.474285405129194260e-02
-2.495687641203403473e-02
-5.912097170948982239e-02
9.922528266906738281e-02
-2.776573598384857178e-02
6.169077381491661072e-02
-4.448850825428962708e-02
-1.254318375140428543e-02
1.962689869105815887e-02
-5.017618462443351746e-02
9.768749587237834930e-03
4.019879922270774841e-02
-9.222612716257572174e-03
-7.297382503747940063e-02
-4.310676828026771545e-02
-3.608485683798789978e-02
4.251246154308319092e-02
3.685573814436793327e-03
1.535516884177923203e-02
1.853072084486484528e-02
-3.946172073483467102e-02
-9.642047807574272156e-04
3.124997019767761230e-03
-4.653339460492134094e-02
2.998641692101955414e-02
5.913703143596649170e-02
4.492998123168945312e-02
2.051002345979213715e-02
6.878153886646032333e-03
-3.585631772875785828e-02
3.941837325692176819e-02
3.891716478392481804e-03
-4.044723510742187500e-02
-8.493229001760482788e-02
-9.517750702798366547e-03
4.256679117679595947e-02
-3.408659994602203369e-02
1.727919466793537140e-02
-4.353005439043045044e-03
1.179504767060279846e-01
-4.222348704934120178e-02
-5.002938210964202881e-02
1.718825660645961761e-02
-2.364941500127315521e-02
-2.472889842465519905e-03
-4.446795582771301270e-02
2.942726947367191315e-02
1.114807352423667908e-01
1.934410631656646729e-02
-6.579790264368057251e-02
-8.396014571189880371e-02
-1.124923466704785824e-03
5.797825381159782410e-02
4.248180892318487167e-03
4.886671900749206543e-02
-7.543737068772315979e-03
6.496029347181320190e-02
1.063319444656372070e-01
-7.038751151412725449e-03
1.978639326989650726e-02
-4.202552605420351028e-03
3.494749218225479126e-02
3.907820209860801697e-02
-8.682242780923843384e-02
-8.182959258556365967e-02
1.890688948333263397e-02
-1.138776261359453201e-02
-5.203535314649343491e-03
-1.023641601204872131e-01
-1.962178945541381836e-02
1.466815918684005737e-02
-1.170268864370882511e-03
1.081591472029685974e-01
-5.525020882487297058e-02
-2.629620581865310669e-02
-5.730352923274040222e-02
-4.542068764567375183e-02
-1.752569340169429779e-02
4.233995079994201660e-02
1.256590336561203003e-01
-8.946713060140609741e-02
1.033265218138694763e-01
5.477425828576087952e-02
-5.023778975009918213e-02
2.116710878908634186e-02
6.001404020935297012e-03
-5.092345178127288818e-02
-1.028549764305353165e-02
-2.474710159003734589e-02
-8.515705913305282593e-02
-5.504910647869110107e-02
-3.366268798708915710e-02
-3.199615329504013062e-02
5.437004938721656799e-02
4.277652129530906677e-02
2.199465222656726837e-02
-4.899178072810173035e-02
6.466314196586608887e-02
-8.200147747993469238e-02
2.603163570165634155e-02
5.949972942471504211e-02
-6.678449362516403198e-02
-6.033019721508026123e-02
3.377053514122962952e-02
6.747504323720932007e-02
-3.588790772482752800e-03
-7.007344067096710205e-02
-6.790729612112045288e-02
-8.761911652982234955e-03
4.028716310858726501e-02
3.949868306517601013e-02
1.272749435156583786e-02
4.779475927352905273e-02
-2.599614299833774567e-02
2.185497619211673737e-02
4.065736383199691772e-02
-4.345200955867767334e-03
1.638633199036121368e-02
-7.805895060300827026e-02
1.086421310901641846e-02
2.232939191162586212e-02
1.672391407191753387e-02
-4.319986701011657715e-02
-2.688867412507534027e-02
-7.628977298736572266e-03
-7.713254541158676147e-02
-1.800106652081012726e-02
6.953772157430648804e-02
-8.161643892526626587e-02
1.683853752911090851e-02
9.950035810470581055e-02
-1.311721187084913254e-02
-2.679637633264064789e-02
7.607514504343271255e-03
-2.048010937869548798e-02
-8.692740648984909058e-02
-1.670016534626483917e-02
6.417715549468994141e-02
4.108130931854248047e-02
-7.776279002428054810e-02
5.499566439539194107e-03
1.452635228633880615e-02
6.136142835021018982e-02
-6.544868648052215576e-02
3.439120203256607056e-02
7.960077375173568726e-03
7.297987584024667740e-03
4.752806853502988815e-03
2.999814599752426147e-02
3.522428125143051147e-02
-2.742771245539188385e-02
8.097427338361740112e-02
1.360574364662170410e-02
1.047685145749710500e-04
7.684109359979629517e-02
4.494314268231391907e-02
2.782824635505676270e-02
4.726162180304527283e-02
-2.396439202129840851e-02
-2.876098453998565674e-02
-1.425919961184263229e-02
-1.116760913282632828e-02
-4.303267691284418106e-03
-7.972794026136398315e-02
-4.265465214848518372e-02
-5.067709460854530334e-02
5.354952532798051834e-03
2.095110015943646431e-03
6.676142662763595581e-02
6.638431549072265625e-02
-2.619423903524875641e-02
-5.233280360698699951e-02
1.003637015819549561e-01
-3.460070816799998283e-03
6.986514781601727009e-04
-3.470578044652938843e-02
-3.832775354385375977e-02
-1.948128454387187958e-02
8.154854923486709595e-02
-4.285806417465209961e-02
-6.388776749372482300e-02
1.570913940668106079e-02
3.972817957401275635e-02
-6.343573331832885742e-02
4.494277294725179672e-03
-1.885408349335193634e-02
2.304438687860965729e-02
1.901618205010890961e-02
8.901379257440567017e-02
-6.734725087881088257e-02
6.698963791131973267e-02
2.687869593501091003e-03
-4.611184075474739075e-02
-7.049051672220230103e-02
1.288098469376564026e-02
1.926353760063648224e-02
-1.693479157984256744e-02
-1.087141036987304688e-02
3.165513649582862854e-02
6.661415845155715942e-02
8.598497509956359863e-02
1.006936803460121155e-01
-5.814389884471893311e-02
7.754174619913101196e-02
-4.323229193687438965e-02
2.573249302804470062e-02
-7.671116385608911514e-03
1.478320825845003128e-02
