-8.583405613899230957e-02
7.457850128412246704e-02
6.261025369167327881e-02
9.001822769641876221e-02
2.370068058371543884e-02
6.343153119087219238e-02
6.546232104301452637e-02
3.174403682351112366e-02
-1.826864667236804962e-02
5.580992251634597778e-02
8.752026408910751343e-02
-6.891535967588424683e-02
6.785735022276639938e-03
-7.210364192724227905e-02
3.879518061876296997e-02
6.692483276128768921e-02
-2.692317776381969452e-02
5.920625757426023483e-03
8.322093635797500610e-03
-1.799280941486358643e-02
-3.274224698543548584e-02
9.205237776041030884e-02
-7.273381110280752182e-03
5.799064412713050842e-02
2.511338517069816589e-02
5.080764368176460266e-02
-2.955264970660209656e-02
-3.584666550159454346e-02
-1.592538505792617798e-02
-8.595494553446769714e-03
1.538947597146034241e-02
3.305426612496376038e-02
-8.823345415294170380e-03
2.391154132783412933e-02
5.917568877339363098e-02
-3.461078554391860962e-02
-2.185416221618652344e-02
-3.616819158196449280e-02
-8.985403180122375488e-02
-4.612752795219421387e-02
-1.654700376093387604e-02
5.423022806644439697e-02
6.094355136156082153e-02
2.370178699493408203e-02
1.321478039026260376e-01
-1.110188197344541550e-02
-2.660980448126792908e-03
6.854365020990371704e-02
-2.729647792875766754e-02
1.513396389782428741e-02
-1.306982128880918026e-03
-1.684575155377388000e-02
-1.747225970029830933e-02
9.548521041870117188e-02
-3.129036724567413330e-02
-8.028870448470115662e-03
-1.943381689488887787e-02
3.152178542222827673e-04
4.069796949625015259e-02
3.374513983726501465e-02
9.004611521959304810e-02
-5.802722647786140442e-02
-9.149847924709320068e-02
-1.742184720933437347e-02
-5.095410719513893127e-02
-6.299065425992012024e-03
1.669229567050933838e-02
2.992744557559490204e-02
-3.473675111308693886e-03
-3.180034086108207703e-02
-6.846375763416290283e-02
6.108057126402854919e-02
-1.109143439680337906e-02
2.241089567542076111e-02
5.592451989650726318e-02
-2.132169157266616821e-02
3.368671983480453491e-02
-4.684684425592422485e-02
9.034268558025360107e-02
-4.440119024366140366e-03
-6.653391756117343903e-03
-2.553108707070350647e-02
2.417517825961112976e-03
-7.162675261497497559e-02
-4.328114911913871765e-02
6.886667571961879730e-03
-2.939164638519287109e-03
5.048909690231084824e-03
3.880043327808380127e-02
-6.552089937031269073e-03
3.139225067570805550e-03
2.581250481307506561e-02
1.376608107239007950e-02
-4.465462267398834229e-02
-7.095703482627868652e-02
3.730467706918716431e-02
5.562898516654968262e-02
-7.478614151477813721e-02
8.510736376047134399e-02
-1.016294676810503006e-02
-6.868377327919006348e-02
-2.113812044262886047e-02
-2.246130630373954773e-02
-4.125516861677169800e-02
-4.524777829647064209e-02
2.899721637368202209e-02
-1.127916295081377029e-02
4.000737797468900681e-03
-7.750704418867826462e-03
7.704132795333862305e-02
2.149277180433273315e-02
5.762395262718200684e-02
-2.632910199463367462e-02
3.264393424615263939e-03
2.379667200148105621e-02
-2.273781970143318176e-02
-4.540638998150825500e-02
4.505126550793647766e-02
9.584498591721057892e-03
2.578565292060375214e-02
-3.041164763271808624e-02
4.669276997447013855e-02
-2.848089858889579773e-02
1.011754721403121948e-01
-3.746401891112327576e-02
4.072121810168027878e-03
-3.172389045357704163e-02
-5.137325450778007507e-02
-7.013183552771806717e-03
-1.297794375568628311e-02
-1.430078782141208649e-02
-3.927559778094291687e-02
-3.905894979834556580e-02
4.569038003683090210e-02
-1.880639046430587769e-02
4.175600036978721619e-02
-6.517591327428817749e-02
-6.492293905466794968e-03
-4.992192238569259644e-02
5.884096026420593262e-02
-7.070349901914596558e-02
-4.029612615704536438e-02
-2.709058485925197601e-02
1.093654893338680267e-02
-3.134831041097640991e-02
-3.576835617423057556e-02
-6.687806919217109680e-03
-6.096923723816871643e-02
-1.072055194526910782e-02
-3.610703349113464355e-02
8.647116273641586304e-02
-1.082635764032602310e-02
2.049481309950351715e-02
2.103961072862148285e-03
-5.470418371260166168e-03
-1.050917617976665497e-02
-8.804853260517120361e-02
4.329215362668037415e-02
3.966278396546840668e-03
4.594436381012201309e-03
-3.782015666365623474e-02
-1.955353468656539917e-02
1.209892798215150833e-02
-7.430057041347026825e-03
2.793898805975914001e-02
6.502968072891235352e-02
-4.633673466742038727e-03
5.087010934948921204e-02
7.446761429309844971e-02
4.385781660676002502e-02
-1.046554278582334518e-02
5.522415041923522949e-02
-4.566893354058265686e-02
2.567457966506481171e-02
-8.536738157272338867e-02
3.105330467224121094e-02
1.116446033120155334e-01
-6.696274131536483765e-02
4.186601843684911728e-03
1.318499725311994553e-02
-1.816761307418346405e-02
2.195804566144943237e-02
-7.876219600439071655e-02
5.416273605078458786e-03
-2.410941570997238159e-02
-7.357428222894668579e-02
-5.422244966030120850e-02
2.229233086109161377e-02
-1.808106154203414917e-02
-8.130122721195220947e-02
-4.355432838201522827e-02
3.559338673949241638e-02
5.866375192999839783e-02
-2.269114553928375244e-02
-2.748603932559490204e-02
6.767871789634227753e-03
4.653397947549819946e-02
-7.313437759876251221e-02
-3.127650171518325806e-02
2.854246646165847778e-02
2.611731365323066711e-02
-2.141479635611176491e-03
7.015082240104675293e-02
1.455403584986925125e-02
-3.206803649663925171e-02
-3.670571744441986084e-02
-1.200669445097446442e-02
1.661971211433410645e-02
-2.872143127024173737e-02
-5.458136275410652161e-02
-5.945426970720291138e-02
1.085601653903722763e-02
3.399120643734931946e-02
3.261107951402664185e-02
-8.097433298826217651e-02
5.873513594269752502e-02
-6.714385747909545898e-02
3.395796194672584534e-02
2.421054057776927948e-02
-7.136465515941381454e-03
7.131614536046981812e-02
8.002427220344543457e-02
8.360054343938827515e-02
3.074780479073524475e-02
-5.868682172149419785e-03
8.129002153873443604e-02
-7.330844551324844360e-02
7.786032743752002716e-03
-9.476519376039505005e-02
1.765714026987552643e-02
3.031627461314201355e-02
3.331687301397323608e-02
1.308321207761764526e-02
7.581379264593124390e-02
-5.930826812982559204e-02
2.696098014712333679e-02
8.792652934789657593e-02
9.769219905138015747e-02
2.395545318722724915e-02
4.195591807365417480e-02
1.284843031316995621e-02
-1.099666431546211243e-01
1.922141201794147491e-02
-3.089728578925132751e-02
6.228467915207147598e-03
2.934700064361095428e-02
-5.714180320501327515e-02
-7.427018880844116211e-02
-7.004513591527938843e-02
2.332929754629731178e-03
-7.517983671277761459e-03
-5.853731185197830200e-02
-6.810321658849716187e-02
-1.901358249597251415e-03
-3.414510563015937805e-02
-3.989072144031524658e-02
6.090070120990276337e-03
1.416591182351112366e-02
-2.646303921937942505e-02
-1.365129183977842331e-02
-5.454433336853981018e-02
-7.588412612676620483e-02
-2.693869173526763916e-03
-4.670302942395210266e-02
-5.027075484395027161e-02
-2.848256751894950867e-02
-7.713370956480503082e-03
-3.569180518388748169e-02
-2.500532753765583038e-02
-2.551731886342167854e-03
9.052067063748836517e-03
2.750670723617076874e-02
-8.895489387214183807e-03
6.548702716827392578e-02
7.558880746364593506e-02
8.399545401334762573e-02
1.001178994774818420e-01
7.169961184263229370e-02
3.175211371853947639e-03
-1.609690673649311066e-02
-4.345360025763511658e-02
5.236842483282089233e-02
-1.459542941302061081e-02
-1.864282414317131042e-02
5.645734816789627075e-02
6.742919236421585083e-02
-5.504016205668449402e-02
-4.164052754640579224e-02
3.502256795763969421e-02
-1.931130699813365936e-02
4.912397265434265137e-02
3.773175552487373352e-02
2.373218722641468048e-02
3.976995497941970825e-02
1.005342602729797363e-01
1.177518814802169800e-02
9.432864375412464142e-03
3.268241882324218750e-02
2.841281145811080933e-02
-8.553469181060791016e-02
-3.237001970410346985e-02
3.574411943554878235e-02
1.009888388216495514e-02
-2.577720768749713898e-02
-9.507026523351669312e-03
-8.373168110847473145e-02
1.080482918769121170e-02
5.306451395153999329e-02
-8.304261718876659870e-04
-1.616658829152584076e-02
2.803981490433216095e-02
5.706291645765304565e-02
-6.656949222087860107e-02
-5.110997706651687622e-02
6.272491067647933960e-03
2.242549136281013489e-02
-7.858143746852874756e-02
8.850613981485366821e-02
6.938570737838745117e-02
9.857187047600746155e-03
-7.395583204925060272e-03
-5.337242037057876587e-02
2.209131047129631042e-02
-4.692284855991601944e-03
-9.862324595451354980e-02
1.599117554724216461e-02
6.502598524093627930e-03
5.037046596407890320e-02
-3.891898319125175476e-02
-4.304054379463195801e-02
-4.061244800686836243e-02
-8.624595403671264648e-02
2.142853103578090668e-02
-6.695137172937393188e-02
-2.901973389089107513e-02
3.601226955652236938e-02
-5.867934599518775940e-02
8.284443058073520660e-03
-7.593721151351928711e-02
7.667964696884155273e-02
-2.756418846547603607e-02
1.483824942260980606e-02
-5.164111778140068054e-02
-4.195054620504379272e-02
-2.421642187982797623e-03
6.035604700446128845e-02
2.760959789156913757e-02
6.544294208288192749e-02
4.218244180083274841e-02
2.890025451779365540e-02
1.104066986590623856e-02
6.913378834724426270e-02
4.256787523627281189e-02
1.008808538317680359e-01
-7.228969782590866089e-02
1.132237985730171204e-01
2.950278297066688538e-02
5.163347348570823669e-02
8.378162235021591187e-02
-5.297255516052246094e-02
-1.461224164813756943e-02
2.088588196784257889e-03
3.458346426486968994e-02
-1.075629219412803650e-01
2.338635362684726715e-02
-6.828416138887405396e-02
-1.443662960082292557e-02
-1.125581655651330948e-02
6.003849557600915432e-04
4.032834898680448532e-03
-4.327658563852310181e-02
-6.164887547492980957e-02
-2.326395129784941673e-03
2.037489414215087891e-02
1.732235029339790344e-02
-2.128672413527965546e-02
-1.051970478147268295e-02
7.155657559633255005e-02
-1.171036157757043839e-02
1.583202555775642395e-02
-4.586437344551086426e-02
2.192510291934013367e-02
1.675184699706733227e-03
-3.722329065203666687e-02
-3.533719480037689209e-02
-6.324838101863861084e-02
5.179265141487121582e-02
-9.169630706310272217e-02
6.940785795450210571e-02
-2.170971594750881195e-02
-2.527790702879428864e-02
-1.377677894197404385e-03
-3.200773149728775024e-02
-1.256116945296525955e-02
-6.641307380050420761e-03
-2.509637176990509033e-02
2.418420976027846336e-03
-1.509375963360071182e-02
2.985348366200923920e-02
-1.516964472830295563e-02
5.444064363837242126e-02
-8.535192906856536865e-02
1.530451141297817230e-02
1.408545766025781631e-02
5.354442447423934937e-02
-9.408547729253768921e-02
-1.627543754875659943e-02
4.318652302026748657e-02
-1.815769635140895844e-02
-4.576469585299491882e-02
8.176615834236145020e-02
9.467560052871704102e-02
2.570249140262603760e-02
-1.154861897230148315e-01
5.135774612426757812e-02
2.693490870296955109e-02
-1.886054314672946930e-02
-2.051066048443317413e-02
6.993036950007081032e-04
5.582527443766593933e-02
-6.555064767599105835e-02
-3.887748578563332558e-03
-1.172312442213296890e-02
3.281287103891372681e-02
3.064868785440921783e-02
-8.279267698526382446e-02
3.860850259661674500e-02
1.065601463778875768e-04
-4.788777232170104980e-02
2.523421496152877808e-02
4.912228137254714966e-02
8.560716360807418823e-02
-1.347679272294044495e-02
8.370193839073181152e-02
-7.598114013671875000e-02
-4.911732673645019531e-02
3.936861827969551086e-02
-1.921864598989486694e-02
-4.108721856027841568e-03
4.644629731774330139e-02
-4.492492880672216415e-03
3.278886154294013977e-02
7.118991762399673462e-02
-1.615075767040252686e-02
6.875255703926086426e-02
9.291601181030273438e-02
-1.175543665885925293e-02
7.361887395381927490e-02
1.202678121626377106e-02
5.553021654486656189e-02
1.840207539498806000e-02
-6.752758473157882690e-02
4.136177897453308105e-02
-1.270020753145217896e-02
-3.556375578045845032e-02
-2.438506670296192169e-02
5.422874167561531067e-02
1.900488696992397308e-02
-6.103499978780746460e-02
-9.390177577733993530e-02
2.340250089764595032e-02
4.826435446739196777e-02
2.240991033613681793e-02
2.197246439754962921e-02
2.472191862761974335e-02
-9.284931235015392303e-03
-4.669707641005516052e-02
1.249022781848907471e-01
2.274147793650627136e-02
-1.392927486449480057e-02
1.986218430101871490e-02
-5.254392512142658234e-03
1.998302713036537170e-02
2.689002826809883118e-02
5.109180510044097900e-02
-6.025625392794609070e-03
-4.615925624966621399e-02
3.277227655053138733e-02
-9.436193853616714478e-03
-2.562504261732101440e-02
-1.479577622376382351e-04
5.944111570715904236e-02
-3.595584258437156677e-02
-5.151342973113059998e-02
-2.973017469048500061e-02
-4.592971131205558777e-02
-2.066489122807979584e-02
-3.091586753726005554e-02
2.829141169786453247e-02
-2.775759808719158173e-02
1.250049378722906113e-02
-1.675412757322192192e-03
7.973753847181797028e-03
1.001069042831659317e-02
-6.857766956090927124e-02
-5.216458439826965332e-02
-3.974147140979766846e-02
-4.555776342749595642e-02
3.711599484086036682e-02
4.476225748658180237e-02
-5.406939983367919922e-02
-2.011469192802906036e-02
3.124590031802654266e-02
3.397988155484199524e-02
6.488423794507980347e-02
7.704511284828186035e-03
1.041473746299743652e-01
9.849838912487030029e-03
6.633991748094558716e-02
1.210477575659751892e-02
3.284447640180587769e-02
2.279515378177165985e-02
-5.485224723815917969e-02
9.343648329377174377e-03
6.233962625265121460e-02
-3.022563457489013672e-02
-5.270472168922424316e-02
3.462071344256401062e-02
-7.637006044387817383e-02
1.233349461108446121e-02
-1.301800180226564407e-02
3.359213471412658691e-02
-8.183025568723678589e-02
-2.898324513807892799e-03
5.047694966197013855e-02
2.415151149034500122e-02
-8.023329079151153564e-02
3.195749223232269287e-02
1.064536441117525101e-02
-1.485184580087661743e-02
-1.531381625682115555e-02
5.438558291643857956e-03
9.085742384195327759e-02
-5.111182108521461487e-02
-7.565952092409133911e-02
4.732530936598777771e-02
9.061716496944427490e-03
2.889091521501541138e-02
-4.421443119645118713e-02
1.043073739856481552e-02
4.310102015733718872e-02
-4.727181047201156616e-02
6.918310374021530151e-02
5.526065826416015625e-03
9.234003373421728611e-04
-5.598033964633941650e-02
-3.809851128607988358e-03
-3.719907626509666443e-02
-7.790900021791458130e-02
2.033365191891789436e-03
-1.090979017317295074e-02
1.071445122361183167e-01
-4.761198908090591431e-02
-8.164287358522415161e-02
1.685447618365287781e-02
-5.226180702447891235e-02
4.282887652516365051e-02
9.746315889060497284e-03
-5.094096809625625610e-02
4.675486311316490173e-02
-8.148007094860076904e-03
-6.106237694621086121e-02
6.054603680968284607e-02
6.109719350934028625e-02
-4.944640677422285080e-03
-2.915555983781814575e-02
-4.179440438747406006e-02
-2.677479013800621033e-02
2.150491438806056976e-02
-6.013974547386169434e-02
-5.352267995476722717e-02
-4.908078536391258240e-02
3.625213354825973511e-02
-1.857949420809745789e-02
1.798853091895580292e-02
-5.818032100796699524e-02
6.616162508726119995e-02
3.100430406630039215e-02
-4.233363643288612366e-02
9.709067642688751221e-03
3.758359327912330627e-02
-1.476134918630123138e-02
8.020453155040740967e-03
-9.971266239881515503e-02
-5.679846182465553284e-02
-1.665683579631149769e-03
-3.725739195942878723e-02
-1.142899598926305771e-02
4.586231708526611328e-02
-8.071999996900558472e-02
3.175744786858558655e-02
-4.308844730257987976e-02
5.154658854007720947e-02
2.602507302071899176e-04
-3.834794461727142334e-02
-3.012142516672611237e-02
-4.023861885070800781e-02
2.115244977176189423e-02
2.834184281527996063e-02
5.021116510033607483e-02
4.701537638902664185e-02
-7.930593937635421753e-02
4.075150005519390106e-03
6.524412333965301514e-02
2.474249806255102158e-03
4.677772521972656250e-04
3.908918425440788269e-02
-2.305346541106700897e-02
1.004153396934270859e-02
-4.545419663190841675e-02
2.947357110679149628e-02
-8.052950724959373474e-03
3.627853468060493469e-02
6.057858467102050781e-03
-9.226382523775100708e-02
-3.349375352263450623e-02
6.886808574199676514e-02
1.404420239850878716e-03
9.456738084554672241e-02
-5.640496313571929932e-02
-2.637458406388759613e-02
-7.643849402666091919e-02
-6.268307566642761230e-02
-1.299815368838608265e-03
-3.492026031017303467e-02
-3.379514813423156738e-02
2.064681146293878555e-03
4.171519353985786438e-02
3.700469806790351868e-02
-2.668334171175956726e-02
-4.494079202413558960e-02
-7.187033444643020630e-02
-1.955228485167026520e-02
-1.002339795231819153e-01
9.015803039073944092e-02
4.097492620348930359e-02
3.745083883404731750e-02
-3.005931153893470764e-02
8.284243941307067871e-02
5.587504059076309204e-02
-5.792244523763656616e-02
-5.241504311561584473e-02
-3.278602613136172295e-03
-2.337915450334548950e-02
-9.114968031644821167e-02
2.509974129498004913e-02
-5.892954766750335693e-02
1.857236959040164948e-02
7.039227988570928574e-03
-7.152649760246276855e-02
7.377330958843231201e-02
3.211334347724914551e-02
-1.232333760708570480e-02
-6.511647999286651611e-02
5.170658230781555176e-02
1.127531472593545914e-02
-3.744237869977951050e-02
1.176281273365020752e-01
2.055439911782741547e-02
1.160310655832290649e-01
-2.075761929154396057e-02
-4.527640342712402344e-02
-3.632467985153198242e-02
8.231705985963344574e-03
8.215863257646560669e-02
-7.796037942171096802e-02
-1.704250276088714600e-02
3.308637067675590515e-02
-1.963371178135275841e-03
1.560807600617408752e-02
8.973868191242218018e-02
8.404797874391078949e-03
9.511655196547508240e-03
1.910054497420787811e-02
1.358580309897661209e-02
-1.999829337000846863e-02
6.196519732475280762e-02
-1.622438989579677582e-02
-2.698855102062225342e-02
-8.128358423709869385e-02
2.137967757880687714e-02
-2.360743284225463867e-02
-2.113741077482700348e-02
3.293945640325546265e-02
-8.757583796977996826e-03
-6.910716742277145386e-02
-2.004801668226718903e-02
-2.803337574005126953e-02
-1.770915836095809937e-02
-3.071523457765579224e-02
-5.218309536576271057e-02
4.881080240011215210e-03
7.083988934755325317e-02
5.668419972062110901e-02
-3.059282200410962105e-03
-2.387775853276252747e-02
6.829973310232162476e-02
-1.143832039088010788e-02
5.204486660659313202e-03
5.723089352250099182e-02
6.069775298237800598e-02
-7.975951768457889557e-03
-4.765184596180915833e-03
-3.786876052618026733e-02
1.710096112219616771e-04
3.321797773241996765e-02
-4.608572926372289658e-03
1.679676584899425507e-02
-9.239649027585983276e-02
2.632630616426467896e-02
8.681405335664749146e-02
-5.413717776536941528e-02
-3.096544183790683746e-02
-7.546380162239074707e-02
-3.564159944653511047e-02
-6.117865815758705139e-02
-4.070210456848144531e-02
-3.980869427323341370e-02
2.658447064459323883e-02
-3.259460628032684326e-02
-1.392028667032718658e-02
7.287301123142242432e-02
-4.977555200457572937e-02
-4.997053369879722595e-02
3.855332732200622559e-02
7.202405482530593872e-02
8.385751396417617798e-02
-7.715386152267456055e-02
-3.992879763245582581e-02
4.268722608685493469e-02
3.088699653744697571e-02
1.034448272548615932e-03
5.651705339550971985e-02
1.046047955751419067e-01
-3.959293290972709656e-02
7.418611645698547363e-02
1.251101400703191757e-02
-8.604496717453002930e-02
7.265651226043701172e-02
3.574147075414657593e-02
-8.364363759756088257e-02
-1.084113842807710171e-03
-5.747029557824134827e-02
-1.045336499810218811e-01
-4.787626489996910095e-02
3.909541666507720947e-02
-1.889640279114246368e-02
-3.758000954985618591e-02
-3.313715383410453796e-02
-4.465789347887039185e-02
-6.545998901128768921e-02
-2.962006442248821259e-02
-7.078522443771362305e-02
-3.379298374056816101e-03
1.958421431481838226e-02
1.162930671125650406e-02
5.933216214179992676e-02
6.266880780458450317e-02
-8.178602904081344604e-02
3.431218490004539490e-02
5.830250680446624756e-02
1.872853562235832214e-02
-4.827115684747695923e-02
-6.205921247601509094e-02
3.133250400424003601e-02
1.976676099002361298e-02
-2.872972562909126282e-02
-5.670026689767837524e-02
1.548704132437705994e-02
5.283695831894874573e-02
-1.584181375801563263e-02
-9.848046302795410156e-02
-9.062097221612930298e-02
3.167799860239028931e-02
-1.951369829475879669e-02
-7.219941820949316025e-03
-7.261913269758224487e-02
-1.375475618988275528e-02
6.021089479327201843e-02
-4.883208498358726501e-02
1.088498905301094055e-01
-7.831620983779430389e-03
-2.208956517279148102e-02
-7.590100914239883423e-02
-8.499754965305328369e-02
8.320517838001251221e-03
-8.608393371105194092e-02
-2.421895787119865417e-02
-4.713710397481918335e-03
-1.249437127262353897e-02
-2.685576491057872772e-02
3.185975924134254456e-02
3.487567231059074402e-02
8.575857430696487427e-02
-3.328123688697814941e-02
4.595707356929779053e-02
1.410647295415401459e-02
3.822808340191841125e-02
-5.100888386368751526e-02
-1.085801888257265091e-02
-4.715180024504661560e-02
-2.170260064303874969e-02
-2.675684727728366852e-02
1.479511056095361710e-02
-1.497636642307043076e-02
1.165596917271614075e-01
-2.971848659217357635e-02
-4.565877467393875122e-02
-6.536912918090820312e-02
-1.691299863159656525e-02
-1.039640977978706360e-01
-1.469771005213260651e-02
-2.044118940830230713e-02
-7.157903164625167847e-02
-6.408472359180450439e-02
-8.978748321533203125e-02
-4.752041026949882507e-02
-1.006456557661294937e-02
-3.691878169775009155e-02
1.771176583133637905e-03
2.378583513200283051e-02
3.240659087896347046e-02
1.306055672466754913e-02
-7.606424391269683838e-02
-3.866461338475346565e-03
3.801309689879417419e-02
-3.343061357736587524e-02
-5.148607864975929260e-02
7.000730931758880615e-02
2.788468077778816223e-02
-3.938292153179645538e-03
1.692175492644309998e-02
-5.293897818773984909e-03
-1.126381661742925644e-02
-4.721302166581153870e-02
1.743249595165252686e-02
-9.408019483089447021e-03
-1.165693774819374084e-01
-2.997742593288421631e-02
-5.481440946459770203e-02
2.429391257464885712e-02
4.166914150118827820e-02
2.969801425933837891e-04
-2.258792333304882050e-02
-3.631502017378807068e-02
2.921782620251178741e-02
-5.236398801207542419e-02
7.012265175580978394e-02
-2.573439618572592735e-03
2.723958715796470642e-02
-1.886261813342571259e-02
2.269050292670726776e-02
-5.881978198885917664e-03
9.387077763676643372e-03
-4.131451714783906937e-03
5.942184105515480042e-02
5.544851720333099365e-02
2.924431674182415009e-02
-4.047198221087455750e-02
-4.381591454148292542e-02
-3.499222919344902039e-03
-8.484198711812496185e-03
9.054869413375854492e-02
-3.113429620862007141e-02
6.097579002380371094e-02
-6.214037165045738220e-02
8.252432197332382202e-02
-2.559384889900684357e-02
-2.534732036292552948e-02
-2.414487674832344055e-02
-6.312912702560424805e-02
6.940443813800811768e-02
6.240341439843177795e-02
1.969516463577747345e-02
7.519436627626419067e-02
2.286635339260101318e-02
7.792066037654876709e-02
-4.702354967594146729e-02
5.103349220007658005e-03
-2.578862942755222321e-02
1.061844453215599060e-02
-3.243524953722953796e-02
-2.606418170034885406e-02
-3.783638402819633484e-02
-9.972280263900756836e-02
1.152290180325508118e-01
5.365527793765068054e-02
-3.784466162323951721e-02
-1.472907233983278275e-02
-3.495416045188903809e-02
7.643625885248184204e-02
-6.751676090061664581e-03
-1.170929614454507828e-02
2.961884811520576477e-02
5.355419963598251343e-02
7.511959224939346313e-02
-1.201739348471164703e-02
-3.240215405821800232e-02
-8.440183848142623901e-02
3.545236587524414062e-02
-2.645266056060791016e-02
2.290239371359348297e-02
1.242499984800815582e-02
-1.782234944403171539e-02
3.871845826506614685e-02
-6.444612145423889160e-02
-3.766750544309616089e-02
4.166601970791816711e-02
-1.078545823693275452e-01
2.432054094970226288e-02
1.407197415828704834e-01
5.610938742756843567e-02
-2.179383672773838043e-02
5.340237170457839966e-02
-1.795678772032260895e-02
-9.094559587538242340e-03
2.076127380132675171e-02
-2.301387256011366844e-03
-7.327406108379364014e-02
9.582157246768474579e-03
-8.067596703767776489e-02
5.027531459927558899e-02
-8.613663725554943085e-03
-4.999792948365211487e-02
-9.425882995128631592e-02
-4.261225089430809021e-02
-2.546028979122638702e-02
-2.780778333544731140e-02
7.817234843969345093e-03
-6.061766180209815502e-04
1.188606116920709610e-02
3.519757837057113647e-02
-7.522803544998168945e-02
-4.149743169546127319e-02
-2.839470654726028442e-02
8.979359641671180725e-03
-6.782222539186477661e-03
-3.043284080922603607e-02
2.880494343116879463e-03
4.974996671080589294e-02
-5.209030210971832275e-02
-1.314801350235939026e-02
2.349679917097091675e-02
-8.382219076156616211e-02
8.761183917522430420e-02
-8.079607971012592316e-03
9.485254995524883270e-03
3.138823434710502625e-02
4.014153406023979187e-02
3.042508475482463837e-02
6.402657181024551392e-02
-1.760092936456203461e-02
4.473662376403808594e-02
5.088040977716445923e-02
-7.523298263549804688e-04
-4.255358874797821045e-02
-7.992619276046752930e-02
1.129772886633872986e-02
3.592242300510406494e-02
4.974403604865074158e-02
2.286317013204097748e-02
1.632589101791381836e-02
-9.397199377417564392e-03
2.872732654213905334e-02
-3.185806795954704285e-02
2.302336879074573517e-02
-5.071478709578514099e-02
-9.730550646781921387e-02
-4.855582490563392639e-02
3.266716841608285904e-03
-7.720018178224563599e-02
4.073090478777885437e-02
3.932113572955131531e-02
9.923677891492843628e-02
-5.985696986317634583e-02
7.520412560552358627e-03
6.960386037826538086e-02
-6.522541493177413940e-02
-4.408099502325057983e-02
1.345477439463138580e-02
-2.552949823439121246e-02
-1.838007709011435509e-03
6.296982616186141968e-02
7.123345881700515747e-02
-2.629724517464637756e-02
4.848151654005050659e-02
1.524322479963302612e-02
7.650520652532577515e-02
-1.100478172302246094e-01
6.943278014659881592e-02
2.826386503875255585e-02
1.600685156881809235e-02
6.096050515770912170e-02
-6.385448575019836426e-02
-1.396709382534027100e-01
1.441748719662427902e-02
3.399684280157089233e-02
-2.270281547680497169e-03
-6.832306087017059326e-02
6.469709426164627075e-02
-2.823546156287193298e-02
-1.539652328938245773e-02
-8.908332139253616333e-02
4.773274809122085571e-02
-1.108714565634727478e-01
8.312411606311798096e-02
-4.156113043427467346e-02
-4.390183091163635254e-02
2.304648049175739288e-02
8.206808008253574371e-03
1.812268607318401337e-02
-6.242630630731582642e-02
3.780497238039970398e-02
-4.751059785485267639e-02
1.704798266291618347e-02
2.960824966430664062e-02
-9.430439770221710205e-02
3.117321431636810303e-02
5.400352925062179565e-02
-5.504369735717773438e-02
-2.653266489505767822e-02
-3.956345468759536743e-02
7.397353649139404297e-02
-3.898564726114273071e-02
