1.056327018886804581e-02
-5.042572319507598877e-02
1.394760422408580780e-02
1.383145991712808609e-02
8.041163906455039978e-03
-2.771779661998152733e-03
4.369389265775680542e-02
-4.075769335031509399e-02
-1.280504977330565453e-03
-7.442599162459373474e-03
-1.263784524053335190e-02
-3.878431860357522964e-03
4.917603358626365662e-02
4.571589175611734390e-03
-4.185537993907928467e-02
-5.969174578785896301e-02
-4.333172738552093506e-02
-1.174295507371425629e-02
2.538810111582279205e-02
2.664880268275737762e-02
5.519751459360122681e-02
3.751443699002265930e-02
1.353366672992706299e-01
-3.735852241516113281e-02
9.641410410404205322e-02
-4.189974442124366760e-02
-3.634922206401824951e-02
4.588095098733901978e-02
-4.377477336674928665e-03
4.327999055385589600e-02
6.246980745345354080e-03
4.766304045915603638e-02
7.672382052987813950e-03
-3.577345237135887146e-02
-1.817600056529045105e-02
5.045246332883834839e-02
-6.150129064917564392e-02
2.397754928097128868e-03
-2.380535192787647247e-02
-5.835063010454177856e-02
-1.245147455483675003e-02
-1.109506338834762573e-01
2.271870151162147522e-02
-1.902283541858196259e-02
1.561262295581400394e-03
5.278237164020538330e-02
-4.080278053879737854e-02
8.949331194162368774e-02
1.922721043229103088e-02
-4.413489997386932373e-02
-2.912127599120140076e-02
2.048530429601669312e-02
1.717072539031505585e-02
-8.008178323507308960e-02
8.570483885705471039e-03
-6.945616751909255981e-02
1.310287043452262878e-02
-2.124358154833316803e-02
1.361879240721464157e-02
-4.456718266010284424e-02
2.960842102766036987e-02
7.836484163999557495e-02
-1.504844240844249725e-02
-4.386607185006141663e-02
4.282361641526222229e-02
-2.638207003474235535e-02
-5.367379635572433472e-02
-6.644271314144134521e-02
-3.578927367925643921e-02
-5.127541348338127136e-02
-4.260464757680892944e-02
2.701263315975666046e-02
4.485815763473510742e-03
7.448437390848994255e-04
7.200700789690017700e-02
-2.288396470248699188e-02
-3.383710235357284546e-02
5.601956322789192200e-02
3.544936701655387878e-02
1.675012521445751190e-02
-1.129733584821224213e-02
9.775712387636303902e-04
1.037883758544921875e-02
-9.973553568124771118e-02
1.118944510817527771e-01
1.225873455405235291e-02
-1.823195628821849823e-02
6.559540331363677979e-02
-2.939630858600139618e-02
2.251300215721130371e-02
1.744493469595909119e-02
4.151130095124244690e-02
-3.507946431636810303e-02
-7.701228559017181396e-02
-2.859625034034252167e-02
-8.926668204367160797e-03
7.809852808713912964e-02
-4.615419730544090271e-02
-5.405017873272299767e-04
-1.007693335413932800e-01
-1.886378601193428040e-02
4.825708642601966858e-02
1.522504375316202641e-03
7.282113283872604370e-02
1.050675380975008011e-02
-1.856552064418792725e-02
4.306506831198930740e-03
8.253861218690872192e-02
1.125216670334339142e-02
-3.328861930640414357e-05
-1.875193230807781219e-02
-3.308490291237831116e-02
-2.634452842175960541e-02
8.033321797847747803e-02
7.135989516973495483e-02
8.492186665534973145e-02
-3.032125905156135559e-02
-1.540098618716001511e-02
-2.743266057223081589e-03
-8.790630847215652466e-02
-3.208703175187110901e-02
7.788594067096710205e-02
-3.004710562527179718e-02
4.819850251078605652e-02
-6.602537631988525391e-02
3.939729183912277222e-02
3.870583325624465942e-02
4.524616897106170654e-02
2.528826706111431122e-02
-1.415858119726181030e-01
-3.566110879182815552e-02
1.079702563583850861e-02
4.727960098534822464e-03
4.972171783447265625e-02
4.514886438846588135e-02
-5.192870274186134338e-02
8.680824190378189087e-02
-6.636803597211837769e-02
-9.433387778699398041e-03
1.336519792675971985e-02
-9.856441989541053772e-03
7.670179009437561035e-02
-5.044214427471160889e-02
-1.177704855799674988e-01
-4.740077257156372070e-02
3.861544653773307800e-02
-7.460738997906446457e-03
2.556914463639259338e-02
-5.071622133255004883e-02
-1.919684186577796936e-02
5.339352041482925415e-02
-7.124989479780197144e-02
-5.224453657865524292e-02
6.658556312322616577e-02
9.590036422014236450e-02
-4.145124182105064392e-02
9.780787862837314606e-03
-5.694831162691116333e-02
-7.141816616058349609e-02
4.507332667708396912e-02
-8.262996561825275421e-03
1.820935308933258057e-02
6.589139997959136963e-02
-6.791035830974578857e-02
-3.922982513904571533e-02
1.224359683692455292e-02
9.534595906734466553e-02
-8.630851283669471741e-03
-2.089679241180419922e-02
5.630457028746604919e-02
-1.295680273324251175e-02
2.517315093427896500e-03
2.513756230473518372e-02
-4.334485903382301331e-02
-7.090766727924346924e-02
5.719641223549842834e-03
-3.122901171445846558e-02
2.790235355496406555e-02
3.278342634439468384e-02
-5.413184314966201782e-02
7.955867797136306763e-02
-5.078155547380447388e-02
2.045844681560993195e-02
6.475936155766248703e-03
-3.281519189476966858e-02
7.909923046827316284e-02
4.900016263127326965e-02
1.019178330898284912e-01
-9.865198284387588501e-03
-2.976887393742799759e-03
4.781407769769430161e-03
-5.124130984768271446e-04
-3.225947171449661255e-02
4.780646786093711853e-02
-5.654739961028099060e-02
1.219557449221611023e-01
5.864059925079345703e-02
-6.075956858694553375e-03
-4.306941293179988861e-03
-7.459639757871627808e-02
3.401851654052734375e-02
-6.939550861716270447e-03
-4.661616403609514236e-03
6.007597967982292175e-02
-1.250315224751830101e-03
4.890640825033187866e-02
7.498045265674591064e-02
-1.245393231511116028e-02
-2.378469798713922501e-03
4.122645035386085510e-02
-5.442198365926742554e-02
-7.421000860631465912e-03
-1.058308705687522888e-01
5.479042232036590576e-02
-7.690516114234924316e-02
4.400480538606643677e-02
8.929331600666046143e-02
-1.743577234447002411e-02
8.007579296827316284e-02
-2.595143765211105347e-02
4.984369501471519470e-02
-4.019753076136112213e-03
8.098999410867691040e-02
-2.861091494560241699e-02
4.472772404551506042e-02
8.048708736896514893e-02
4.219659790396690369e-02
-5.150490626692771912e-02
1.507498230785131454e-02
-1.602536812424659729e-02
-3.526889160275459290e-02
-5.729803815484046936e-02
-9.140345454216003418e-02
5.388225894421339035e-03
1.164138875901699066e-02
9.751982055604457855e-03
-4.770573228597640991e-02
-3.918965160846710205e-02
1.318373368121683598e-03
-2.929409593343734741e-02
2.410309156402945518e-03
-4.603292047977447510e-02
-9.135185740888118744e-03
1.428693998605012894e-02
4.818330518901348114e-03
5.401631817221641541e-02
-9.221515618264675140e-03
2.155472151935100555e-02
-1.043998077511787415e-02
2.625515311956405640e-02
-8.173152059316635132e-02
6.518038362264633179e-02
-1.125387288630008698e-02
-1.178181637078523636e-02
2.777653560042381287e-02
-8.209153264760971069e-02
2.683876780793070793e-03
3.789336606860160828e-02
-2.471034973859786987e-02
7.740152627229690552e-02
1.197322737425565720e-02
5.934855900704860687e-03
-9.477891027927398682e-02
1.592970639467239380e-02
-3.348360583186149597e-02
-9.987240191549062729e-04
-5.452898889780044556e-02
3.105683438479900360e-02
2.461972646415233612e-02
-5.468824133276939392e-02
2.426574751734733582e-02
-2.850098721683025360e-02
-5.912368069402873516e-04
3.740156069397926331e-02
-1.445135660469532013e-02
1.514480169862508774e-02
-4.977105185389518738e-02
-7.897179573774337769e-03
-9.479086101055145264e-02
-1.409000158309936523e-02
2.290582656860351562e-02
6.103291735053062439e-02
1.472288556396961212e-02
-6.118126958608627319e-02
4.093276709318161011e-02
3.535064402967691422e-03
3.193813189864158630e-02
-1.264382991939783096e-02
3.996264189481735229e-02
2.733193978201597929e-04
2.013468742370605469e-02
-5.944585055112838745e-02
6.008622422814369202e-02
-3.110122494399547577e-02
-3.447872772812843323e-02
9.590364992618560791e-02
2.351074106991291046e-02
3.216869011521339417e-02
-4.217847809195518494e-02
-1.162252482026815414e-02
-3.011108376085758209e-02
-1.881529763340950012e-02
-4.687168449163436890e-02
-1.722662523388862610e-02
3.682374209165573120e-02
2.678773924708366394e-02
3.739683330059051514e-02
1.380358636379241943e-02
4.383939877152442932e-02
7.241045683622360229e-02
7.134707272052764893e-02
7.630500476807355881e-04
4.657209664583206177e-02
-2.908036485314369202e-02
3.248340263962745667e-02
-2.079022862017154694e-02
-6.951368600130081177e-02
-7.070199586451053619e-03
3.029888123273849487e-02
-9.600567817687988281e-02
-2.560688368976116180e-02
5.027520284056663513e-02
4.899440333247184753e-02
-2.291611582040786743e-02
3.037123708054423332e-03
-1.425283309072256088e-02
3.243164345622062683e-02
-5.319017171859741211e-02
-1.138438433408737183e-01
6.332114338874816895e-02
6.892669200897216797e-02
2.983537130057811737e-02
-4.345227032899856567e-02
-6.208140868693590164e-03
3.476238995790481567e-02
-4.105534031987190247e-02
2.981051057577133179e-02
-4.974485933780670166e-02
1.510803773999214172e-02
-3.661846369504928589e-02
3.090477921068668365e-02
-3.395615518093109131e-02
-5.785153061151504517e-02
4.048866033554077148e-02
6.590412557125091553e-02
-4.548889026045799255e-02
3.971100598573684692e-02
-2.781715244054794312e-02
-1.239180658012628555e-02
3.456383571028709412e-02
2.778870798647403717e-02
-1.535055041313171387e-02
-8.227316662669181824e-03
7.340160012245178223e-02
8.015548437833786011e-02
-7.506824284791946411e-02
2.286275476217269897e-02
-8.682667464017868042e-02
9.068600833415985107e-03
-2.079084888100624084e-02
1.924332976341247559e-02
1.848817616701126099e-02
-7.804705202579498291e-02
-5.966518446803092957e-02
-8.044520393013954163e-03
4.281091690063476562e-02
7.653592526912689209e-02
2.809969708323478699e-02
-4.206326231360435486e-02
-4.840876534581184387e-02
-9.477669373154640198e-03
3.768976032733917236e-02
5.129308253526687622e-02
-6.644315272569656372e-02
-7.477482408285140991e-02
-6.023213732987642288e-03
1.713671907782554626e-02
4.800489917397499084e-02
3.933790698647499084e-02
3.241742961108684540e-03
-1.784188672900199890e-02
-3.136334475129842758e-03
1.049573570489883423e-01
3.299993649125099182e-02
9.548226371407508850e-03
4.700316488742828369e-02
1.212949957698583603e-02
2.408860810101032257e-02
2.699714154005050659e-02
-7.272759452462196350e-03
2.198738977313041687e-02
-3.173916786909103394e-02
2.353380247950553894e-02
-4.261487722396850586e-02
-5.156226828694343567e-02
-5.547374114394187927e-02
3.363455832004547119e-02
8.887809235602617264e-04
-8.227857947349548340e-02
8.671388030052185059e-02
3.889897093176841736e-02
-2.727903798222541809e-02
6.527987122535705566e-02
1.219547120854258537e-03
1.375015173107385635e-02
-5.001678131520748138e-03
-4.685361869633197784e-03
1.910020224750041962e-02
6.338062230497598648e-03
1.308953911066055298e-01
-9.348411858081817627e-02
-1.759239658713340759e-02
-7.651960477232933044e-03
-3.625785186886787415e-02
-6.762470304965972900e-02
2.762163802981376648e-02
6.851399317383766174e-03
-8.348690718412399292e-02
3.306829929351806641e-02
4.625896364450454712e-02
-2.294166572391986847e-02
-5.966069176793098450e-02
-1.606104895472526550e-02
-9.306661784648895264e-02
8.602182788308709860e-05
1.080146059393882751e-02
2.749462611973285675e-02
4.307945817708969116e-02
1.022760663181543350e-02
-3.050087578594684601e-02
2.991332439705729485e-03
-6.218140013515949249e-03
3.125883173197507858e-03
-7.601027376949787140e-03
-6.192406639456748962e-02
-3.405924141407012939e-02
3.180068731307983398e-02
2.134897047653794289e-03
-1.630222983658313751e-02
-3.062625601887702942e-02
5.641673691570758820e-03
-1.526406122138723731e-04
-5.402390658855438232e-02
7.071036845445632935e-02
-3.848222643136978149e-02
1.367850601673126221e-01
2.396694198250770569e-02
9.632602334022521973e-02
-9.340877085924148560e-02
-5.576619878411293030e-02
-3.945880755782127380e-02
4.062893334776163101e-03
1.527394913136959076e-02
8.905178867280483246e-03
6.428576260805130005e-02
-2.525028074160218239e-03
-4.362034145742654800e-03
-4.792753607034683228e-02
-8.690489456057548523e-03
-1.740420050919055939e-02
1.136111095547676086e-01
-5.903247743844985962e-02
7.973298430442810059e-03
-1.290339529514312744e-01
-1.944424770772457123e-02
4.586773738265037537e-02
5.502752214670181274e-02
4.431217536330223083e-02
-6.014422513544559479e-03
6.201415881514549255e-02
6.543594878166913986e-03
2.420760504901409149e-02
7.316037267446517944e-02
-3.718709573149681091e-02
-5.548587068915367126e-02
-4.374579526484012604e-03
2.292352728545665741e-02
7.472347002476453781e-03
5.646843090653419495e-02
7.586483657360076904e-02
6.651905179023742676e-02
-5.408537108451128006e-03
8.265198557637631893e-04
1.339996233582496643e-02
-2.247507125139236450e-02
2.803129330277442932e-02
6.046905741095542908e-02
-1.617968454957008362e-02
-3.410632163286209106e-02
3.737226128578186035e-03
-5.379706993699073792e-02
-5.173772573471069336e-02
8.967207372188568115e-02
2.311871759593486786e-02
3.236814588308334351e-02
-4.213228449225425720e-02
4.506028443574905396e-02
-6.886167079210281372e-02
1.222947891801595688e-02
-4.920290037989616394e-02
-5.661800503730773926e-03
2.985865063965320587e-02
-1.617535017430782318e-02
2.601251192390918732e-02
7.829491794109344482e-02
3.335541114211082458e-02
-2.335500344634056091e-02
-6.192742288112640381e-02
1.010996755212545395e-02
4.355249926447868347e-02
-5.477833747863769531e-02
-1.214881241321563721e-02
-1.261043478734791279e-03
2.343807741999626160e-02
1.115124113857746124e-02
-2.891530282795429230e-02
1.536996848881244659e-02
1.183253014460206032e-03
4.716092348098754883e-02
-1.448763906955718994e-02
-3.772262856364250183e-02
2.844751812517642975e-02
6.090965494513511658e-02
2.158017642796039581e-02
-6.819718331098556519e-02
-4.418564215302467346e-02
4.209671542048454285e-02
9.124639909714460373e-04
-1.395337190479040146e-02
-2.198870666325092316e-02
-2.508031437173485756e-03
-5.217038840055465698e-02
3.773802518844604492e-02
1.334276702255010605e-02
2.028588764369487762e-02
-4.150052368640899658e-02
4.834143072366714478e-02
-3.703584149479866028e-02
3.324875980615615845e-02
-7.227309048175811768e-02
4.247933626174926758e-02
6.255787611007690430e-02
3.662911430001258850e-02
-3.439980559051036835e-03
-3.460881859064102173e-02
4.798918962478637695e-02
1.864201575517654419e-02
4.217972233891487122e-02
4.961552098393440247e-02
-7.952959835529327393e-02
8.985863067209720612e-03
2.243056707084178925e-02
-2.176545374095439911e-02
3.093979880213737488e-02
4.023707285523414612e-02
2.904835157096385956e-02
-1.204637959599494934e-01
4.384608566761016846e-02
-2.224666811525821686e-02
2.762495167553424835e-02
-6.943898648023605347e-02
4.977435246109962463e-02
-5.838166177272796631e-02
-1.116512566804885864e-01
1.727057620882987976e-03
-6.994314491748809814e-02
4.813339095562696457e-03
2.547610178589820862e-02
2.487587556242942810e-02
-2.164688892662525177e-03
-9.508058428764343262e-02
-3.095523640513420105e-02
3.764932230114936829e-02
2.699872711673378944e-04
9.883527457714080811e-02
-3.895395621657371521e-02
2.474905923008918762e-02
-4.954188317060470581e-02
-4.293734207749366760e-02
-2.236571162939071655e-02
-4.269152507185935974e-02
8.503405377268791199e-03
-1.389328204095363617e-02
-3.956355527043342590e-02
-3.063376620411872864e-02
4.937472566962242126e-02
1.896081119775772095e-02
4.211248829960823059e-02
4.971432033926248550e-03
-2.904662676155567169e-02
-2.794934622943401337e-02
-1.055615115910768509e-02
2.791678532958030701e-02
-1.101867761462926865e-02
2.790988422930240631e-02
3.475270420312881470e-02
-7.494623959064483643e-02
1.414057187503203750e-04
1.109360717236995697e-02
8.040691912174224854e-02
-9.123586863279342651e-02
-2.679847925901412964e-02
6.676002405583858490e-03
9.496028721332550049e-02
4.465568810701370239e-02
-8.157474547624588013e-02
-7.842191308736801147e-02
-3.574658185243606567e-02
3.493022918701171875e-02
3.028498776257038116e-02
-5.647690966725349426e-02
-4.571199044585227966e-02
7.470829784870147705e-02
3.908504545688629150e-02
-4.297316819429397583e-02
4.986227303743362427e-02
9.879434853792190552e-02
-3.535158466547727585e-03
6.554536987096071243e-03
-2.671275846660137177e-02
1.673955097794532776e-02
2.373777888715267181e-02
-8.571073412895202637e-03
-1.054681185632944107e-02
6.304236501455307007e-02
-1.044369395822286606e-02
1.873830519616603851e-02
4.074335098266601562e-02
4.265407472848892212e-02
1.287457253783941269e-02
-4.471972212195396423e-02
6.403788924217224121e-02
2.593694813549518585e-02
-2.415848523378372192e-02
-6.038636341691017151e-02
-4.202414304018020630e-02
1.355554815381765366e-02
6.272776424884796143e-02
-8.101814426481723785e-03
-3.821918368339538574e-02
5.093445256352424622e-02
-6.942225992679595947e-02
5.906966514885425568e-03
5.424594040960073471e-03
5.462493002414703369e-02
-4.127780348062515259e-02
5.096356570720672607e-02
5.255951359868049622e-02
-1.992366462945938110e-02
-7.333677262067794800e-02
-9.934055805206298828e-02
5.417117848992347717e-02
-7.501267641782760620e-02
-3.906777873635292053e-02
-6.507014855742454529e-03
-1.065338924527168274e-01
-9.521459043025970459e-02
-1.026641856878995895e-02
-5.297633353620767593e-03
6.293033808469772339e-02
-2.825014665722846985e-02
-4.570515453815460205e-02
-6.438154727220535278e-02
-1.066999230533838272e-02
-6.452900357544422150e-03
-1.118445303291082382e-02
4.860721528530120850e-02
3.501146659255027771e-02
3.705579787492752075e-02
3.887785226106643677e-02
3.182056918740272522e-02
-5.663923174142837524e-02
1.227557193487882614e-02
-3.471391648054122925e-02
2.943853661417961121e-02
7.364249229431152344e-02
-3.205561265349388123e-02
-7.704830914735794067e-02
-5.082893744111061096e-02
4.660628363490104675e-02
9.063917968887835741e-05
-2.815916389226913452e-02
1.013074070215225220e-01
1.388960145413875580e-02
-3.945389762520790100e-02
-1.344139687716960907e-02
-5.448559299111366272e-02
9.008869528770446777e-02
-4.093630611896514893e-02
9.572115540504455566e-02
1.713744550943374634e-02
-1.602234691381454468e-02
1.377348671667277813e-03
-6.993666291236877441e-02
9.058782458305358887e-02
-2.097992785274982452e-02
-5.087689682841300964e-02
-2.471222728490829468e-02
-6.307694315910339355e-02
-4.235704988241195679e-02
8.427309989929199219e-02
2.419995516538619995e-02
-1.934907585382461548e-02
-5.261679366230964661e-02
-2.824814431369304657e-02
3.875742480158805847e-02
3.117004176601767540e-03
3.882828727364540100e-02
3.605014458298683167e-02
-2.139069885015487671e-02
6.816801615059375763e-03
8.379400521516799927e-02
4.228217899799346924e-02
-5.430964007973670959e-02
-3.777404129505157471e-02
-2.514829859137535095e-02
5.801866948604583740e-02
-7.212889846414327621e-03
-8.828002959489822388e-03
4.302065074443817139e-02
-9.925677441060543060e-03
1.802792958915233612e-02
9.393021464347839355e-03
5.573040246963500977e-02
-3.940153121948242188e-02
-4.354432970285415649e-02
4.058472439646720886e-02
7.050719112157821655e-02
-3.821492195129394531e-02
-4.006896167993545532e-02
-3.894316498190164566e-03
1.992397569119930267e-02
2.354087308049201965e-02
6.278164684772491455e-02
-3.538106381893157959e-02
-2.403531409800052643e-02
-4.353291168808937073e-02
-1.005534976720809937e-01
-6.173477694392204285e-02
-2.016736380755901337e-02
-7.122971862554550171e-02
2.330321585759520531e-03
2.844546362757682800e-02
8.381949365139007568e-02
3.598847240209579468e-02
2.014213800430297852e-02
6.221306044608354568e-03
-2.169865183532238007e-02
9.331639111042022705e-02
-2.488383837044239044e-02
-1.265686191618442535e-02
-3.483906015753746033e-02
-4.874620586633682251e-02
1.001591887325048447e-02
7.967706769704818726e-02
-4.452713206410408020e-02
-5.017060413956642151e-02
5.511297658085823059e-02
2.762370556592941284e-02
-1.579422131180763245e-02
-4.184606298804283142e-02
-5.259666219353675842e-02
-1.339757908135652542e-02
6.515919417142868042e-02
5.102363880723714828e-03
2.525023650377988815e-03
4.876063764095306396e-02
3.305863589048385620e-02
4.141942597925662994e-03
-3.695110790431499481e-03
5.146866291761398315e-02
5.552718788385391235e-02
1.294979080557823181e-02
-9.123479574918746948e-02
-9.269344061613082886e-02
1.327262260019779205e-02
2.196969836950302124e-02
-1.886739581823348999e-02
-7.719437032938003540e-02
-8.139672875404357910e-02
6.989324092864990234e-02
-7.275251206010580063e-03
1.145366728305816650e-01
1.286803279072046280e-02
-7.253718376159667969e-02
1.229323223233222961e-01
-3.204770386219024658e-02
1.414685044437646866e-02
2.611927501857280731e-02
-6.144965440034866333e-02
-3.246335312724113464e-02
-7.349023362621665001e-04
-9.586501121520996094e-02
-4.532063007354736328e-02
-1.068342104554176331e-01
2.105950145050883293e-03
8.173376321792602539e-03
1.461721304804086685e-02
5.766862258315086365e-02
8.185537531971931458e-03
3.204845357686281204e-03
2.050108462572097778e-02
-1.084839180111885071e-01
3.954748623073101044e-03
1.775451586581766605e-03
3.496741503477096558e-02
1.785557344555854797e-02
2.809001319110393524e-02
-2.893182821571826935e-02
-3.941988945007324219e-02
-2.707086317241191864e-02
-7.379008829593658447e-02
1.190078184008598328e-01
3.231829265132546425e-03
4.143969342112541199e-02
3.926462307572364807e-02
1.714831590652465820e-02
8.710780180990695953e-03
-2.071403432637453079e-03
-4.822801798582077026e-02
2.333014830946922302e-02
5.359054356813430786e-02
-1.462322473526000977e-02
-1.177136669866740704e-03
-1.795926317572593689e-02
-3.295218572020530701e-02
-2.732514403760433197e-02
-2.028318587690591812e-03
-4.625680390745401382e-03
-5.894559901207685471e-03
2.549613453447818756e-02
-8.748815744183957577e-04
5.015920102596282959e-02
2.427480556070804596e-02
2.153900079429149628e-02
7.164304610341787338e-03
-9.681484103202819824e-02
-5.500011146068572998e-02
-5.044927075505256653e-02
-1.875947043299674988e-02
3.798773512244224548e-02
-2.501870505511760712e-02
-3.728328272700309753e-02
3.427815064787864685e-02
1.032040687277913094e-03
-8.222531527280807495e-02
8.148042857646942139e-02
-1.115680634975433350e-01
-1.595170423388481140e-02
-3.347299620509147644e-02
6.866328418254852295e-02
4.961321875452995300e-02
2.112622931599617004e-02
3.703688830137252808e-02
7.639324665069580078e-02
-1.359348930418491364e-02
1.118752174079418182e-02
6.441338360309600830e-02
1.365795731544494629e-02
2.054694294929504395e-02
-6.167702004313468933e-02
2.052748389542102814e-02
2.859637141227722168e-02
6.374781578779220581e-02
-1.990563608705997467e-02
3.924675658345222473e-02
5.068763345479965210e-02
1.316893612965941429e-03
4.884068667888641357e-02
1.999610848724842072e-02
-3.462520428001880646e-03
1.589616015553474426e-02
2.817930839955806732e-02
5.229509621858596802e-02
-6.217644363641738892e-02
2.741414122283458710e-02
2.191961184144020081e-02
1.377116795629262924e-02
2.627795003354549408e-02
1.161442138254642487e-02
7.525245845317840576e-02
8.539109677076339722e-02
6.224199198186397552e-03
-3.856022655963897705e-02
5.281772837042808533e-02
-2.381005138158798218e-02
2.644579857587814331e-02
2.141949022188782692e-03
-3.476073965430259705e-02
2.341256709769368172e-03
-4.486274719238281250e-02
-7.977639883756637573e-02
-4.643060266971588135e-02
9.734948165714740753e-03
-1.107296571135520935e-01
-4.563615098595619202e-02
-3.092121146619319916e-02
3.525212639942765236e-03
1.940117962658405304e-02
9.505387395620346069e-03
8.257429301738739014e-02
-7.052414119243621826e-02
6.917299330234527588e-02
-5.878413096070289612e-03
-6.858725100755691528e-02
7.147639244794845581e-02
7.797341793775558472e-02
-1.759344711899757385e-02
1.572887971997261047e-02
-2.070765011012554169e-02
-7.551881019026041031e-03
3.454535454511642456e-02
-6.922026723623275757e-02
4.175601527094841003e-02
-8.795115351676940918e-02
7.834564894437789917e-02
-4.677657783031463623e-02
-6.702938675880432129e-02
4.519247449934482574e-03
4.468229040503501892e-02
4.740457981824874878e-02
1.772298105061054230e-02
-7.523174583911895752e-02
2.728149108588695526e-02
-1.191503927111625671e-02
3.129699453711509705e-02
-4.114532098174095154e-02
-1.070092841982841492e-01
-2.625330165028572083e-02
-4.320358484983444214e-02
3.466238826513290405e-02
-3.235165774822235107e-02
1.422991231083869934e-02
-8.947286754846572876e-03
7.552805542945861816e-02
6.679640710353851318e-02
-7.224083691835403442e-02
-1.554476190358400345e-02
-2.298817038536071777e-02
1.652655377984046936e-02
-6.906206160783767700e-02
2.437728829681873322e-02
7.372661493718624115e-03
-2.686318755149841309e-02
-3.534771502017974854e-02
-2.856972627341747284e-02
-3.821929544210433960e-02
2.543273568153381348e-02
-8.626449108123779297e-02
-9.097150526940822601e-03
-8.610352873802185059e-03
1.596327126026153564e-02
1.720749214291572571e-02
5.076134577393531799e-02
1.917630806565284729e-02
1.516007911413908005e-02
1.280860453844070435e-01
-3.606093581765890121e-03
7.034824788570404053e-02
-1.280908193439245224e-02
-2.531130053102970123e-02
-6.002057343721389771e-02
4.738960415124893188e-02
-9.147543460130691528e-02
6.668551266193389893e-02
3.934213891625404358e-02
1.039248630404472351e-01
-3.000302053987979889e-02
5.804363638162612915e-02
7.592492550611495972e-02
-1.320987939834594727e-01
-1.144066639244556427e-02
-1.268487703055143356e-02
3.683616593480110168e-02
-9.361993521451950073e-03
8.446305058896541595e-03
-7.964112795889377594e-03
-1.593633368611335754e-02
2.526527456939220428e-02
6.641237437725067139e-02
-1.762643828988075256e-02
-4.897088743746280670e-03
-9.266906417906284332e-03
3.164545341860502958e-04
-7.049679756164550781e-02
-6.909729540348052979e-02
-3.890527784824371338e-02
-9.534789621829986572e-02
-9.485563263297080994e-03
-1.055442821234464645e-02
-3.922886028885841370e-02
-6.483557820320129395e-02
-3.196061775088310242e-02
-2.284201793372631073e-02
2.439888566732406616e-02
1.780672743916511536e-02
-1.613457687199115753e-02
-9.052646905183792114e-02
-8.880110085010528564e-02
-1.792012713849544525e-02
6.873675435781478882e-02
3.216442093253135681e-02
8.377509191632270813e-03
4.878302104771137238e-03
9.864878654479980469e-02
-4.770298302173614502e-02
4.694008827209472656e-02
-7.308592088520526886e-03
-5.927391350269317627e-02
-1.091481596231460571e-01
-1.326060947030782700e-02
-1.355108525604009628e-02
-1.234470400959253311e-02
1.095510348677635193e-01
3.589268773794174194e-02
-7.442676275968551636e-02
-6.329520046710968018e-02
-3.716785286087542772e-04
3.064196370542049408e-02
-2.976884506642818451e-02
7.090624421834945679e-02
2.485242858529090881e-02
5.880996957421302795e-02
3.570945560932159424e-02
