4.584342613816261292e-02
7.823494821786880493e-02
-4.899985343217849731e-02
1.362675279378890991e-01
7.906303554773330688e-02
-1.524033118039369583e-02
-3.861519694328308105e-02
-5.671576038002967834e-02
-8.342617750167846680e-02
-2.202790789306163788e-02
-5.426661670207977295e-02
5.968157574534416199e-02
-2.938245795667171478e-02
-7.317440211772918701e-02
3.070176951587200165e-02
1.840138435363769531e-02
3.141965344548225403e-02
7.306046038866043091e-02
6.778253614902496338e-02
3.590417653322219849e-02
7.187154144048690796e-02
-4.579221457242965698e-02
1.018279790878295898e-02
-1.003159303218126297e-02
-8.472535014152526855e-02
1.194041594862937927e-02
-1.885726116597652435e-02
4.682516679167747498e-03
-5.772363394498825073e-02
-1.059407833963632584e-02
-4.733209032565355301e-03
8.559545874595642090e-02
2.331588044762611389e-02
-3.601666539907455444e-02
-5.861010402441024780e-02
-2.083961479365825653e-02
7.622506818734109402e-04
8.454651385545730591e-02
7.498473674058914185e-02
-3.118258528411388397e-02
-1.315264310687780380e-02
-2.087415754795074463e-02
-3.207830339670181274e-02
-2.816752064973115921e-03
1.257949322462081909e-02
-5.171778146177530289e-03
-4.476617276668548584e-02
-8.368672430515289307e-02
2.213730942457914352e-03
-3.751927986741065979e-02
-1.240204926580190659e-02
9.460829198360443115e-03
1.695338264107704163e-02
-5.594864860177040100e-02
3.106280975043773651e-02
1.165437046438455582e-02
-4.365064576268196106e-02
6.619874387979507446e-02
6.043806672096252441e-02
2.637729234993457794e-02
-7.703078910708427429e-03
3.400439769029617310e-02
-1.762883923947811127e-02
-1.858046092092990875e-02
-1.563579775393009186e-02
-1.999713713303208351e-03
-4.149034991860389709e-02
-4.895697161555290222e-02
-7.551261782646179199e-02
6.860062479972839355e-02
4.988357797265052795e-02
5.939851701259613037e-02
-5.886829271912574768e-02
2.967837080359458923e-02
3.513795509934425354e-02
-1.156539842486381531e-02
6.271911412477493286e-02
-4.770046845078468323e-02
-3.291643038392066956e-02
-2.550868131220340729e-02
1.613057777285575867e-02
-8.328884840011596680e-03
2.616566419601440430e-02
6.576126813888549805e-02
-3.265398740768432617e-02
6.932944990694522858e-03
6.895659118890762329e-02
7.065140642225742340e-03
-5.050996318459510803e-02
-4.834177345037460327e-02
-6.044071167707443237e-02
-7.634980604052543640e-03
-4.675597697496414185e-02
-1.917034387588500977e-03
3.761941567063331604e-02
-8.145027607679367065e-02
-4.696737974882125854e-02
-1.815118268132209778e-02
-5.721842870116233826e-03
-2.824900858104228973e-02
-3.959653899073600769e-02
1.928329467773437500e-02
4.449353553354740143e-03
-3.825605288147926331e-02
3.220759332180023193e-02
-8.229237864725291729e-04
4.132371395826339722e-02
8.092977106571197510e-03
3.499728813767433167e-02
-3.823940083384513855e-02
-6.456018239259719849e-02
7.116121798753738403e-02
1.235125865787267685e-02
4.300891980528831482e-02
-2.675292454659938812e-02
-5.640863627195358276e-02
6.746087223291397095e-02
1.666858606040477753e-02
-5.366316437721252441e-02
2.427120506763458252e-02
-4.881394270341843367e-04
4.100987280253320932e-04
1.152849849313497543e-02
-8.889168500900268555e-02
-1.055239606648683548e-02
3.597619384527206421e-02
4.702613223344087601e-04
-2.171912975609302521e-02
-3.619896620512008667e-02
-3.504326939582824707e-02
3.095371834933757782e-02
1.326399296522140503e-02
3.631004597991704941e-03
-8.638882078230381012e-03
-5.431888252496719360e-02
-5.792961455881595612e-03
4.931328073143959045e-02
3.314465656876564026e-02
5.175221711397171021e-02
-1.813573762774467468e-02
-7.011714577674865723e-02
-7.657805085182189941e-02
-5.903727188706398010e-02
1.104470808058977127e-03
-1.230575982481241226e-02
-6.424376275390386581e-03
-3.483647480607032776e-03
2.539130859076976776e-02
3.495712950825691223e-02
4.173625260591506958e-02
1.592604257166385651e-02
3.322175238281488419e-03
3.444278985261917114e-02
4.232962802052497864e-02
-5.739630013704299927e-02
3.517822921276092529e-02
5.417300760746002197e-02
-1.211706642061471939e-02
4.546869546175003052e-02
3.193898871541023254e-02
3.670142590999603271e-02
1.802531443536281586e-02
-5.345357209444046021e-02
-3.935082256793975830e-02
-1.738001219928264618e-02
-1.297373417764902115e-02
2.756577730178833008e-02
-5.287318676710128784e-02
9.795580804347991943e-02
8.701284974813461304e-02
3.490136563777923584e-02
-3.815993666648864746e-02
1.134013757109642029e-01
-1.187502685934305191e-02
-1.435205992311239243e-02
-7.067426573485136032e-03
-1.348672993481159210e-02
-2.357618510723114014e-02
5.427191033959388733e-02
-4.533156380057334900e-02
3.263935446739196777e-02
1.356969866901636124e-02
8.153234422206878662e-02
2.967886626720428467e-02
-3.813095018267631531e-02
-1.579714752733707428e-02
4.667983204126358032e-02
-1.923301443457603455e-02
-5.024668201804161072e-02
4.960378166288137436e-03
-1.445874199271202087e-02
8.737082034349441528e-02
-9.129113459493964911e-05
2.587476931512355804e-02
-3.592502698302268982e-02
7.430890947580337524e-02
-1.014369539916515350e-03
2.762130461633205414e-02
-4.164073616266250610e-02
6.753002852201461792e-02
7.280195504426956177e-02
3.102166950702667236e-02
2.328333817422389984e-02
-4.388795420527458191e-02
-2.828481420874595642e-02
1.749544776976108551e-02
-1.525544095784425735e-02
-7.544011808931827545e-03
3.335605561733245850e-02
-1.063527911901473999e-02
7.445957977324724197e-03
-6.270363926887512207e-02
-1.883765868842601776e-02
-1.559870876371860504e-02
-2.968990430235862732e-02
-7.355109602212905884e-02
-3.506047884002327919e-03
1.371076609939336777e-02
-1.092277001589536667e-02
1.573042385280132294e-02
-6.165514141321182251e-02
5.135175958275794983e-02
-6.278880173340439796e-04
3.528635576367378235e-02
-4.086886346340179443e-02
2.856973744928836823e-02
-3.326692804694175720e-02
-1.060169190168380737e-01
-5.697545595467090607e-03
-7.266137003898620605e-02
2.350237593054771423e-02
-1.047102641314268112e-02
5.112938582897186279e-02
4.761201515793800354e-02
2.607028000056743622e-02
8.401704952120780945e-03
4.366841632872819901e-03
1.646630838513374329e-02
3.431639168411493301e-03
-6.567624211311340332e-02
-7.898288220167160034e-02
3.946746885776519775e-02
-3.667198121547698975e-02
4.204015806317329407e-02
7.594270259141921997e-02
-3.107093460857868195e-02
2.661848254501819611e-02
-3.597715497016906738e-02
-2.976974099874496460e-02
7.712091505527496338e-02
8.645633235573768616e-03
6.540483981370925903e-02
6.869697570800781250e-02
2.262967638671398163e-02
-1.042460352182388306e-01
1.025955006480216980e-01
9.399777650833129883e-02
-6.849595904350280762e-02
-4.563987627625465393e-02
5.472438409924507141e-02
-2.670715004205703735e-02
3.521902859210968018e-02
8.500707894563674927e-02
8.873699605464935303e-02
-5.905870813876390457e-03
5.418846756219863892e-02
8.211616426706314087e-02
1.006085425615310669e-01
-7.759476453065872192e-02
2.505770698189735413e-02
-8.611052483320236206e-02
-3.565565869212150574e-02
-4.164125025272369385e-02
-5.829989537596702576e-02
4.629120230674743652e-02
-2.646085061132907867e-02
5.331716965883970261e-03
3.837326541543006897e-02
-2.570540877059102058e-03
-1.544172596186399460e-02
1.397592201828956604e-02
-2.732448652386665344e-02
-3.419345244765281677e-02
2.911984920501708984e-03
8.623351156711578369e-02
7.562781870365142822e-02
1.275083981454372406e-02
-6.754637509584426880e-02
7.360788434743881226e-02
-7.071041315793991089e-02
-2.560365013778209686e-02
-1.502897311002016068e-02
-6.044675782322883606e-02
-4.246656596660614014e-02
2.785567939281463623e-02
1.127717569470405579e-01
-1.580095966346561909e-03
1.313776336610317230e-02
-1.009454671293497086e-02
-7.724463008344173431e-03
-1.095244940370321274e-02
-1.809040084481239319e-02
1.995576359331607819e-02
-1.347878016531467438e-02
6.268626451492309570e-02
-9.120954573154449463e-02
3.566798567771911621e-02
9.164274670183658600e-03
-8.230822533369064331e-02
5.242927744984626770e-02
-8.477873355150222778e-02
6.703578680753707886e-02
-7.037735730409622192e-02
4.243296571075916290e-03
1.284871157258749008e-02
-4.601314291357994080e-02
-1.058410014957189560e-02
7.849200814962387085e-02
-2.982329204678535461e-02
-3.717562928795814514e-02
3.326870501041412354e-02
8.331658318638801575e-03
4.211224615573883057e-02
3.373263776302337646e-02
6.732020527124404907e-02
8.005782961845397949e-02
4.112872108817100525e-02
5.511176586151123047e-02
-5.805693194270133972e-02
-2.284183725714683533e-02
-5.264673847705125809e-03
-7.591452449560165405e-02
9.770094603300094604e-02
-1.005381438881158829e-02
-1.625800132751464844e-02
6.302933394908905029e-02
7.988751679658889771e-02
-3.715170919895172119e-02
3.593804314732551575e-02
-5.123494192957878113e-02
-8.711794763803482056e-02
-3.695318475365638733e-02
-5.358459893614053726e-03
-2.054664865136146545e-02
-3.521908074617385864e-02
1.113604605197906494e-01
2.440721727907657623e-02
-2.878188341856002808e-02
1.771260239183902740e-02
1.161831431090831757e-03
-2.855864726006984711e-02
4.679847625084221363e-04
-2.473750337958335876e-02
4.153551906347274780e-02
2.558184787631034851e-02
5.871826782822608948e-02
5.117318034172058105e-02
-1.495912857353687286e-02
-3.424394503235816956e-02
1.356805907562375069e-03
-5.022623017430305481e-02
-3.719389066100120544e-02
-7.121439278125762939e-02
-2.467810735106468201e-02
5.204941704869270325e-02
-1.662500761449337006e-02
-5.227748770266771317e-03
9.688251651823520660e-03
-4.210357367992401123e-02
-5.790923163294792175e-02
1.901922398246824741e-03
4.062137007713317871e-02
6.681103259325027466e-03
-1.427785865962505341e-02
-4.834988713264465332e-02
-3.570775687694549561e-02
-1.137218903750181198e-02
-5.962125584483146667e-02
-3.509238734841346741e-02
3.351196274161338806e-02
3.093718551099300385e-02
3.288845717906951904e-02
-6.441217660903930664e-02
-9.720436297357082367e-03
-3.858775272965431213e-02
1.940166950225830078e-02
1.017760764807462692e-02
-3.697573021054267883e-02
6.830051541328430176e-02
-6.030153483152389526e-02
4.295263811945915222e-02
1.022726297378540039e-02
4.432378336787223816e-03
8.868595212697982788e-02
2.091112360358238220e-02
1.521676592528820038e-02
3.279708325862884521e-02
7.584705948829650879e-02
6.834297627210617065e-02
-9.783455170691013336e-03
7.916206493973731995e-03
-8.320254087448120117e-02
-6.704235821962356567e-02
3.986198455095291138e-02
-2.727393805980682373e-02
-1.445188745856285095e-02
-2.954608015716075897e-02
-9.223025292158126831e-03
-4.874952137470245361e-02
-4.506854340434074402e-02
-2.575571462512016296e-02
-1.034130156040191650e-01
-5.484708026051521301e-02
-8.710875362157821655e-02
-3.007369348779320717e-03
-5.778032355010509491e-03
-1.334071904420852661e-02
-9.351497143507003784e-02
7.361514121294021606e-02
1.118442043662071228e-02
1.270410977303981781e-02
5.864829570055007935e-02
8.542228897567838430e-05
6.689966470003128052e-02
-6.539925187826156616e-02
1.443151198327541351e-02
2.680728398263454437e-02
-4.075458738952875137e-03
2.086752466857433319e-02
4.001336544752120972e-02
-4.125561565160751343e-02
-1.288119331002235413e-02
1.483355090022087097e-02
1.862110011279582977e-02
5.256880819797515869e-02
-2.682192064821720123e-02
2.521130815148353577e-02
6.608671043068170547e-03
-3.137779608368873596e-02
5.411737784743309021e-02
-6.478886306285858154e-02
7.440489530563354492e-02
-9.194321930408477783e-03
7.318063825368881226e-02
4.536772146821022034e-02
3.924732655286788940e-02
7.441491633653640747e-02
5.110535398125648499e-02
-7.090050727128982544e-02
-5.186001583933830261e-02
6.440513581037521362e-02
1.530905603431165218e-03
1.842567697167396545e-02
1.014942117035388947e-02
-1.564643532037734985e-02
1.644787564873695374e-02
2.086729556322097778e-02
1.099477112293243408e-01
-6.822669506072998047e-02
-1.104972325265407562e-02
4.436653107404708862e-02
-5.194127559661865234e-03
3.528625238686800003e-03
-7.948790490627288818e-02
-1.238790974020957947e-01
-4.448914527893066406e-02
-3.259755671024322510e-02
-1.099348533898591995e-02
-6.446306407451629639e-02
2.225174196064472198e-02
3.876657038927078247e-02
4.100054875016212463e-02
-1.281771063804626465e-02
6.849113851785659790e-02
-4.052884504199028015e-02
-3.036937862634658813e-02
-1.867461577057838440e-02
-2.671407721936702728e-02
1.884156838059425354e-02
-1.913373544812202454e-02
-6.836167722940444946e-02
-2.961035072803497314e-02
3.434305265545845032e-02
-1.591573841869831085e-02
-6.132969632744789124e-03
-9.396588057279586792e-02
-2.745998091995716095e-02
-1.127194091677665710e-01
5.591114982962608337e-02
1.945854350924491882e-02
-6.168023869395256042e-02
-3.050551749765872955e-02
-1.910431310534477234e-02
-1.926616393029689789e-02
3.275993466377258301e-02
-1.945535838603973389e-02
4.675419256091117859e-02
2.622760646045207977e-02
-2.172712981700897217e-02
-8.777185343205928802e-03
3.509864211082458496e-02
1.469528581947088242e-02
4.316941369324922562e-03
-2.360216341912746429e-02
-3.555582463741302490e-02
-3.010062314569950104e-02
4.215395450592041016e-02
7.793846074491739273e-03
-1.959900744259357452e-02
-9.584771469235420227e-03
-6.711889058351516724e-02
-5.367142334580421448e-02
-4.032156616449356079e-02
-8.105221390724182129e-02
7.996004819869995117e-02
-3.357568010687828064e-02
1.755912788212299347e-02
1.639504544436931610e-02
5.958085414022207260e-03
-1.132397446781396866e-03
4.818870499730110168e-02
-2.090237289667129517e-02
-9.429475665092468262e-02
2.537052333354949951e-02
5.524509772658348083e-02
-3.168774768710136414e-02
-5.190427973866462708e-02
-6.365782022476196289e-02
-6.297978106886148453e-03
-7.926568388938903809e-02
-8.804985135793685913e-02
2.272761240601539612e-02
-4.417793452739715576e-02
4.712421819567680359e-02
8.064222335815429688e-02
9.591670706868171692e-03
1.398662105202674866e-02
-7.503123581409454346e-02
5.778454989194869995e-02
-2.426214143633842468e-02
1.453783269971609116e-02
-5.938544869422912598e-02
8.495435863733291626e-02
5.864923074841499329e-02
-4.527365788817405701e-02
1.367293950170278549e-02
-3.405935689806938171e-02
-4.453876521438360214e-03
1.839540898799896240e-02
-7.932592183351516724e-03
3.375703468918800354e-02
-6.357148289680480957e-02
-4.252464324235916138e-02
-6.082556676119565964e-03
2.162268385291099548e-02
-2.096106112003326416e-02
-9.444626630283892155e-04
8.032205700874328613e-02
4.986011609435081482e-02
-4.790001735091209412e-02
5.150777474045753479e-02
5.220317095518112183e-02
-8.615153282880783081e-02
6.862833630293607712e-03
7.458519190549850464e-02
5.236544180661439896e-03
-7.447440177202224731e-03
8.305500447750091553e-02
1.191661413758993149e-02
5.265745893120765686e-02
1.523466221988201141e-02
4.009185731410980225e-02
-8.468320965766906738e-02
-3.532168269157409668e-02
9.526051580905914307e-02
-2.066842978820204735e-03
-5.139057710766792297e-02
1.550726499408483505e-02
-9.305701404809951782e-02
-9.495759755373001099e-02
2.206830494105815887e-02
7.847733050584793091e-02
3.746709227561950684e-02
-5.358046665787696838e-02
2.463092841207981110e-02
1.940870773978531361e-03
-1.429566927254199982e-02
1.490475330501794815e-02
5.735727609135210514e-04
4.740906879305839539e-03
4.298504069447517395e-02
6.960637122392654419e-02
2.392542548477649689e-02
-9.474820690229535103e-04
-6.006020121276378632e-03
-8.586544543504714966e-02
2.712259069085121155e-03
3.260371461510658264e-02
-6.092499196529388428e-02
3.488754853606224060e-02
4.107772558927536011e-02
8.732175827026367188e-02
4.182582348585128784e-02
-4.278022423386573792e-02
4.335490241646766663e-02
6.901665031909942627e-02
1.531726773828268051e-02
1.272106468677520752e-01
2.209661714732646942e-02
-6.999640166759490967e-02
-5.968431010842323303e-02
-3.071372769773006439e-02
-7.480250205844640732e-04
3.607967495918273926e-02
-5.865263938903808594e-02
1.408093143254518509e-02
2.432893728837370872e-03
3.114640340209007263e-02
-9.151548147201538086e-02
1.024737954139709473e-03
1.832325570285320282e-02
2.414689771831035614e-02
5.663480237126350403e-02
-6.879147142171859741e-02
-2.312505058944225311e-02
-6.524293869733810425e-02
-8.697932213544845581e-02
-5.876273289322853088e-02
-5.569400265812873840e-03
-4.255276545882225037e-02
7.660647481679916382e-02
9.620428830385208130e-02
-2.242825180292129517e-02
5.585088580846786499e-02
-7.056265324354171753e-02
-7.716242689639329910e-03
-3.255612030625343323e-02
5.365613475441932678e-02
6.552001833915710449e-02
1.462583057582378387e-02
-2.996159531176090240e-02
9.124882519245147705e-03
-6.946256756782531738e-02
6.029419973492622375e-02
3.571096574887633324e-03
6.688953191041946411e-02
1.113920751959085464e-02
-4.160014912486076355e-02
3.098147921264171600e-02
-6.034842506051063538e-02
-7.054486870765686035e-02
4.096769541501998901e-02
2.309458330273628235e-02
4.157842695713043213e-02
4.963888227939605713e-02
-2.553151547908782959e-02
-4.766060784459114075e-02
-3.430084884166717529e-02
4.769036546349525452e-02
-2.033399417996406555e-02
-6.555405259132385254e-02
3.201223909854888916e-02
3.099835664033889771e-02
2.665882185101509094e-02
1.025675144046545029e-02
-1.303949393332004547e-02
7.104030996561050415e-02
-8.218791335821151733e-03
4.511091485619544983e-02
7.578215561807155609e-03
3.565752506256103516e-02
9.643130935728549957e-03
6.969895679503679276e-03
-1.711200922727584839e-02
2.243312261998653412e-02
-3.595933690667152405e-02
1.469952706247568130e-02
-2.010578662157058716e-02
-6.130422651767730713e-02
-7.308005541563034058e-02
-1.019864436239004135e-02
-1.425154786556959152e-02
-1.862860657274723053e-02
-4.562551155686378479e-02
-1.466272305697202682e-02
1.193096563220024109e-01
-3.986526280641555786e-02
-4.299748316407203674e-02
4.941874183714389801e-03
1.786081865429878235e-02
-7.072033733129501343e-02
6.939212977886199951e-02
-1.647749170660972595e-02
2.290920726954936981e-02
1.441088039427995682e-03
7.890941575169563293e-03
-9.926174581050872803e-02
5.044019594788551331e-02
-3.438057005405426025e-02
4.749948531389236450e-02
2.926619350910186768e-02
5.986772105097770691e-02
-1.961604133248329163e-02
-3.240495920181274414e-02
-1.352484077215194702e-01
-6.615371257066726685e-02
-5.296493321657180786e-02
4.031866043806076050e-02
3.483539447188377380e-02
-3.629478067159652710e-02
-6.307686865329742432e-02
-2.873942721635103226e-03
3.121269866824150085e-02
7.827732712030410767e-03
-9.116078913211822510e-02
2.788310311734676361e-02
1.194006670266389847e-02
-2.150758728384971619e-02
-6.018158420920372009e-02
-7.272742688655853271e-02
-3.286045789718627930e-02
6.489158608019351959e-03
4.264693707227706909e-02
-2.646061405539512634e-02
2.405498363077640533e-02
1.669239066541194916e-02
-2.308269776403903961e-02
-4.048240557312965393e-02
-6.181415636092424393e-03
-5.909053608775138855e-02
6.916127353906631470e-02
1.280203834176063538e-02
3.612181544303894043e-02
4.899632558226585388e-02
1.598559133708477020e-02
2.576293051242828369e-02
9.087336249649524689e-03
3.707652166485786438e-02
5.212292447686195374e-02
1.026558782905340195e-02
-2.598723024129867554e-02
9.358552843332290649e-02
-6.202549114823341370e-02
-1.846520602703094482e-02
7.254603318870067596e-03
-1.583294384181499481e-02
-1.484782807528972626e-02
-8.616818487644195557e-02
2.104320563375949860e-02
4.022340849041938782e-02
-1.050493586808443069e-02
-3.183007612824440002e-02
1.185869425535202026e-02
4.092222824692726135e-02
-2.770116180181503296e-02
-2.323317900300025940e-02
5.358526483178138733e-02
3.650831058621406555e-02
-3.661446273326873779e-02
-7.727437466382980347e-02
-1.985110575333237648e-03
-2.541190572082996368e-02
-3.588105738162994385e-02
-7.824791595339775085e-03
-5.557538941502571106e-02
-2.677397429943084717e-02
-1.780332811176776886e-02
3.590568527579307556e-02
-1.252570282667875290e-02
5.850122123956680298e-02
4.924217984080314636e-02
-1.683575287461280823e-02
-7.048603147268295288e-02
-5.834942311048507690e-02
-1.982389803742989898e-04
5.852552875876426697e-02
1.251147594302892685e-02
-4.139763489365577698e-02
-5.754620209336280823e-02
-6.893368065357208252e-02
3.615820780396461487e-03
1.223099827766418457e-01
-1.637630164623260498e-02
3.899112716317176819e-02
1.018890887498855591e-01
9.743257611989974976e-02
4.334431141614913940e-02
3.589179366827011108e-02
1.115494291298091412e-03
6.042898073792457581e-02
-2.354342723265290260e-03
-5.387534946203231812e-02
-7.881218940019607544e-02
-4.709952697157859802e-02
-2.696495875716209412e-02
4.118139669299125671e-02
-1.352513860911130905e-02
1.194899436086416245e-02
-3.532151505351066589e-02
9.155865013599395752e-02
1.005120109766721725e-02
-3.434584662318229675e-02
-1.036365106701850891e-01
-3.742924332618713379e-02
-1.069062575697898865e-02
6.789806485176086426e-02
1.788607612252235413e-02
3.361662104725837708e-02
6.836301181465387344e-03
6.582520902156829834e-02
-5.064303055405616760e-03
-4.556379094719886780e-02
2.368039451539516449e-03
3.539151698350906372e-02
7.603406906127929688e-02
2.975477091968059540e-02
8.322212100028991699e-02
1.880606077611446381e-02
-4.143274202942848206e-02
-2.832318283617496490e-02
7.060677558183670044e-02
-1.038307137787342072e-02
-2.130903117358684540e-02
3.119609318673610687e-03
-3.136909380555152893e-02
-2.757411450147628784e-02
-4.576033726334571838e-02
1.051403507590293884e-01
3.475338593125343323e-02
2.463062107563018799e-02
1.543452963232994080e-02
-3.791021555662155151e-02
-2.072180359391495585e-04
-7.852106355130672455e-04
3.206405416131019592e-02
8.783931843936443329e-03
-3.777389600872993469e-02
-1.030424982309341431e-02
6.419048458337783813e-02
9.133250452578067780e-03
3.202691301703453064e-02
-4.885882884263992310e-02
7.840766012668609619e-02
4.407937079668045044e-02
-8.472943305969238281e-02
2.717482857406139374e-03
-1.941198296844959259e-02
2.586302533745765686e-02
-1.109095290303230286e-02
8.488633669912815094e-03
-5.964737758040428162e-02
-9.241283871233463287e-03
3.043403476476669312e-02
-1.332304533571004868e-02
-5.053627863526344299e-02
2.698528021574020386e-02
6.143896840512752533e-03
-7.173606753349304199e-02
8.898666501045227051e-02
7.841162383556365967e-02
1.898879185318946838e-02
9.793081879615783691e-02
6.394982337951660156e-04
-9.147931821644306183e-03
-6.337039917707443237e-02
8.988516405224800110e-03
1.363617032766342163e-01
3.296335414052009583e-02
4.680466279387474060e-02
6.133401766419410706e-02
5.371291190385818481e-02
-7.567072659730911255e-02
1.057293917983770370e-02
2.612928487360477448e-02
-6.052427366375923157e-02
-5.261822044849395752e-02
-3.071450442075729370e-02
6.366527080535888672e-02
-1.773874461650848389e-02
9.586774744093418121e-03
-7.493183016777038574e-03
4.353000596165657043e-02
-4.155313223600387573e-02
-1.701377518475055695e-02
3.229895606637001038e-02
5.361987277865409851e-03
-4.412934556603431702e-02
-4.221349582076072693e-02
-5.852458253502845764e-02
-7.531160116195678711e-02
6.518125534057617188e-02
-8.593955636024475098e-02
2.332269214093685150e-02
1.686094515025615692e-02
7.320449501276016235e-02
-3.512284904718399048e-02
5.494024953804910183e-04
-1.038310676813125610e-01
1.297433078289031982e-01
-4.728745669126510620e-02
-5.374884605407714844e-02
-1.484129671007394791e-02
-5.306868627667427063e-02
-3.520636528264731169e-04
-1.130003854632377625e-02
9.081319719552993774e-02
3.725821897387504578e-02
5.783285200595855713e-02
-3.463836014270782471e-02
-7.270814478397369385e-02
4.718157276511192322e-02
-2.204882726073265076e-02
7.601940073072910309e-03
-1.486348547041416168e-02
-5.231220275163650513e-02
-1.007390487939119339e-02
-1.012127324938774109e-01
1.005590409040451050e-01
6.788970530033111572e-02
-2.081025578081607819e-02
-1.435347716324031353e-03
-1.486552762798964977e-03
6.595550477504730225e-02
1.026150118559598923e-02
-4.199666902422904968e-02
-5.162395536899566650e-02
7.394886761903762817e-02
-1.141031384468078613e-01
-4.475729167461395264e-02
-3.769913315773010254e-02
-3.286243230104446411e-02
-2.826983807608485222e-03
-9.940039366483688354e-03
7.770916912704706192e-03
-2.927393466234207153e-02
-8.771403692662715912e-03
-9.050418622791767120e-03
2.795191109180450439e-02
-1.352600008249282837e-02
-6.451737135648727417e-02
-8.633481338620185852e-03
3.988029900938272476e-03
-2.959974668920040131e-02
3.717076405882835388e-02
-2.418632060289382935e-02
-1.149450242519378662e-01
1.199703942984342575e-02
5.271615087985992432e-02
5.130963027477264404e-02
5.521144717931747437e-02
-7.411570101976394653e-02
-6.601298600435256958e-02
7.447766512632369995e-02
2.972088754177093506e-02
6.501975655555725098e-02
5.153879523277282715e-02
-6.577541679143905640e-02
1.947671361267566681e-02
-1.163062900304794312e-01
5.420497432351112366e-02
6.488552782684564590e-03
-7.909602671861648560e-02
8.230951428413391113e-02
3.172573074698448181e-02
-1.794104091823101044e-02
5.561781674623489380e-02
-4.299009218811988831e-02
7.941300421953201294e-02
-2.301237732172012329e-02
-9.725558012723922729e-02
-5.183313786983489990e-02
2.511258050799369812e-02
-1.135359238833189011e-02
-7.452715933322906494e-02
-5.116611719131469727e-03
2.331169880926609039e-02
-6.566084921360015869e-02
2.097619872074574232e-04
1.994559913873672485e-02
-1.386350393295288086e-02
-3.454583138227462769e-02
7.293976098299026489e-02
5.933765321969985962e-03
-2.187574282288551331e-02
5.160773172974586487e-02
4.734265804290771484e-02
3.997967019677162170e-02
-6.611790042370557785e-03
2.119704894721508026e-02
-9.907216764986515045e-03
-3.745314851403236389e-02
-2.798479981720447540e-02
-6.584755331277847290e-02
5.609676614403724670e-02
3.144386038184165955e-02
9.703858941793441772e-02
3.881547600030899048e-02
-2.320354059338569641e-02
4.180715233087539673e-02
-1.456739287823438644e-02
2.216512709856033325e-02
3.807444125413894653e-02
-3.351774066686630249e-02
1.164304092526435852e-02
-5.574076250195503235e-02
9.543813019990921021e-02
5.042043700814247131e-02
3.840816393494606018e-02
-6.182437296956777573e-03
2.067892253398895264e-02
-6.662326306104660034e-02
-5.986643955111503601e-03
1.964439265429973602e-02
3.907914832234382629e-02
2.271039038896560669e-02
-1.819942332804203033e-02
-6.449180096387863159e-02
-8.952601999044418335e-02
4.121350869536399841e-02
-5.399734154343605042e-02
7.557586301118135452e-03
1.359355822205543518e-02
3.871245309710502625e-02
-5.764789134263992310e-02
