-7.444030139595270157e-03
-8.310277760028839111e-02
-4.795999452471733093e-02
6.624406576156616211e-02
-1.640223897993564606e-02
-5.115922912955284119e-02
5.087697133421897888e-02
3.837266191840171814e-02
-1.160771492868661880e-02
7.948181033134460449e-02
-7.990968972444534302e-02
-4.591485857963562012e-02
3.414020687341690063e-02
-8.181387186050415039e-02
3.934310004115104675e-02
-1.703314669430255890e-02
-2.648809924721717834e-03
-1.122002769261598587e-02
2.665068954229354858e-02
2.877751551568508148e-02
-3.257087990641593933e-02
-2.813239989336580038e-04
6.224451959133148193e-02
-3.825936466455459595e-02
5.182699486613273621e-02
1.075547188520431519e-02
6.350999325513839722e-02
-3.917371109127998352e-02
9.431238286197185516e-03
1.984196156263351440e-02
4.360760748386383057e-02
-1.201801300048828125e-01
3.394830971956253052e-03
6.425416097044944763e-03
1.646372117102146149e-02
-6.332048028707504272e-02
8.260520990006625652e-04
-2.802471257746219635e-02
-5.181243643164634705e-02
4.591792821884155273e-04
-2.478305250406265259e-02
5.154338479042053223e-02
-1.179708540439605713e-02
-4.537266120314598083e-02
4.733900073915719986e-03
1.746363937854766846e-03
1.230227574706077576e-02
-9.688615798950195312e-02
4.489025846123695374e-02
-2.781578339636325836e-02
2.712062932550907135e-02
7.187253981828689575e-02
5.985209345817565918e-02
2.627751044929027557e-02
-5.682382360100746155e-02
-4.352753236889839172e-02
-4.054954275488853455e-02
3.406962379813194275e-02
-4.413944110274314880e-02
-1.253444701433181763e-02
-4.482594132423400879e-02
6.164117529988288879e-02
-2.043013088405132294e-02
3.036303259432315826e-02
1.314146723598241806e-02
1.103819385170936584e-01
-4.417508840560913086e-02
4.427054896950721741e-03
-5.766706541180610657e-02
-6.060488056391477585e-03
-5.297799780964851379e-02
-6.988871842622756958e-03
4.474358633160591125e-02
-5.833330377936363220e-02
-3.640108928084373474e-02
6.528694927692413330e-02
-2.692059846594929695e-03
6.375080347061157227e-02
-2.128809690475463867e-03
5.300953984260559082e-02
-3.295274078845977783e-02
1.103523094207048416e-02
-3.886537253856658936e-02
6.814105436205863953e-03
-9.902533888816833496e-02
8.430282026529312134e-02
-2.276014722883701324e-02
7.972226291894912720e-02
4.133084043860435486e-02
4.333916306495666504e-02
-1.525604072958230972e-02
-5.553699657320976257e-02
7.820698432624340057e-03
-1.100222542881965637e-01
-1.722676493227481842e-02
8.467435836791992188e-03
1.368270348757505417e-02
4.192898049950599670e-03
1.718732900917530060e-02
4.130258038640022278e-02
-7.997973822057247162e-03
-8.479916490614414215e-03
-2.651477791368961334e-02
-7.953128777444362640e-03
-5.135574936866760254e-02
6.002720072865486145e-02
-1.260382309556007385e-02
-2.431425033137202263e-03
-1.600524992682039738e-03
-6.501534488052129745e-03
-1.471665874123573303e-02
3.374308720231056213e-02
1.510281860828399658e-02
9.526141919195652008e-03
-3.328641504049301147e-02
-8.006828278303146362e-02
-1.095207408070564270e-03
-7.857535034418106079e-02
6.479514390230178833e-02
6.697525829076766968e-02
-2.180517464876174927e-02
1.130738332867622375e-01
7.936427742242813110e-02
2.827727468684315681e-03
1.741529628634452820e-02
-4.091386497020721436e-02
2.448629029095172882e-02
1.645398675464093685e-03
-1.437366008758544922e-02
6.476494669914245605e-02
-1.080076675862073898e-02
4.847560450434684753e-02
-1.336238067597150803e-02
-4.117198660969734192e-02
4.577937349677085876e-02
2.496035397052764893e-02
-6.078471243381500244e-02
1.898103766143321991e-02
8.163063973188400269e-02
2.614586800336837769e-02
2.327511273324489594e-02
5.110142007470130920e-02
4.278057813644409180e-02
-1.905442588031291962e-02
-8.658542484045028687e-02
-8.957135677337646484e-02
-6.338650733232498169e-02
-2.887728251516819000e-02
-4.481753706932067871e-02
7.485559210181236267e-03
2.962888777256011963e-02
-2.079903893172740936e-02
1.831587404012680054e-02
-6.644736975431442261e-02
8.920873515307903290e-03
-3.026717714965343475e-02
-6.054848060011863708e-02
5.612934473901987076e-03
-3.835691139101982117e-02
6.422428041696548462e-02
-1.154491212218999863e-02
2.114670909941196442e-02
5.677262321114540100e-03
4.750908911228179932e-02
3.245799615979194641e-02
1.037348881363868713e-01
-9.000458568334579468e-02
5.228520557284355164e-02
-2.990221418440341949e-02
-4.963983222842216492e-02
-4.150842130184173584e-02
4.554723575711250305e-02
-5.471132695674896240e-03
6.893543154001235962e-02
-9.097136557102203369e-03
5.675281584262847900e-02
-7.131107896566390991e-02
2.692280150949954987e-02
-2.183547802269458771e-02
-3.335551917552947998e-02
-8.240862935781478882e-02
4.307946935296058655e-02
2.766978740692138672e-02
4.563620686531066895e-02
-1.277770847082138062e-03
-3.150450810790061951e-02
1.038611158728599548e-01
-2.952647954225540161e-02
2.938406169414520264e-02
-1.049793232232332230e-02
4.105932265520095825e-02
3.023433685302734375e-02
-4.299498721957206726e-02
-1.218472421169281006e-02
-5.611705780029296875e-02
-3.121822327375411987e-02
1.574586704373359680e-02
1.169666182249784470e-02
2.741893567144870758e-02
8.285856246948242188e-02
8.561260998249053955e-03
1.904288120567798615e-02
2.603657543659210205e-02
-1.041654497385025024e-02
-4.341683909296989441e-02
1.573397964239120483e-02
7.505133002996444702e-02
-1.317198853939771652e-02
-4.711447283625602722e-02
-1.368795801681699231e-05
8.135712891817092896e-02
-5.200914666056632996e-02
-2.357755601406097412e-02
-6.581199169158935547e-02
3.625644743442535400e-02
1.208715420216321945e-02
-2.667258726432919502e-03
-7.922928035259246826e-02
1.133916899561882019e-01
-3.530855849385261536e-02
1.470426563173532486e-02
-1.399782299995422363e-02
1.017613918520510197e-03
-6.901428103446960449e-02
2.669389359652996063e-02
-6.099873688071966171e-03
8.007507771253585815e-03
-3.578528389334678650e-02
2.545899897813796997e-02
-1.270861923694610596e-02
-4.287676420062780380e-03
-1.077065691351890564e-01
4.411266371607780457e-02
-1.668751984834671021e-02
-3.890113905072212219e-02
3.765679895877838135e-02
-2.907048352062702179e-02
2.223915606737136841e-02
-1.775528653524816036e-03
1.372074126265943050e-03
4.468957427889108658e-03
6.339813023805618286e-02
1.712354482151567936e-03
4.301616922020912170e-02
-2.300922758877277374e-02
2.516324631869792938e-02
5.203022155910730362e-03
1.194790098816156387e-02
-3.367552533745765686e-02
-1.250363141298294067e-01
4.224041104316711426e-02
-2.006387151777744293e-02
-6.081951316446065903e-03
-4.566403105854988098e-02
-1.812205649912357330e-02
1.977053284645080566e-02
3.979346528649330139e-02
8.240822702646255493e-03
3.532510623335838318e-02
-7.834886200726032257e-03
7.588972896337509155e-02
-1.333043351769447327e-02
-5.250209569931030273e-02
-8.141751587390899658e-02
-3.125570714473724365e-02
-8.737248927354812622e-02
2.947706915438175201e-02
2.523872815072536469e-02
1.806223206222057343e-02
2.132069133222103119e-02
-5.991523340344429016e-02
4.140201956033706665e-03
1.450633257627487183e-02
3.160941973328590393e-02
1.845165714621543884e-02
5.526204407215118408e-02
4.360154643654823303e-02
-1.147559508681297302e-01
9.095711261034011841e-02
9.715597145259380341e-03
-9.015572071075439453e-02
-2.253226377069950104e-02
-6.363390386104583740e-02
-1.377966720610857010e-02
-1.728460751473903656e-02
-1.270532608032226562e-03
-1.062467098236083984e-01
7.533952593803405762e-04
-1.683843880891799927e-02
5.977449193596839905e-02
2.833113074302673340e-02
7.391124963760375977e-02
2.328120358288288116e-02
1.741036958992481232e-02
3.400098159909248352e-02
2.972699701786041260e-02
-4.959198180586099625e-03
-5.373129248619079590e-02
3.932061418890953064e-02
7.305540144443511963e-02
-3.568609803915023804e-02
-1.502216514199972153e-02
-4.320930317044258118e-02
-1.539067551493644714e-02
6.539104878902435303e-02
-5.470891296863555908e-02
-2.325216494500637054e-02
2.860294282436370850e-02
-7.334068417549133301e-02
-4.686465859413146973e-02
4.484845325350761414e-02
-4.020208492875099182e-02
-5.598166584968566895e-02
4.886241257190704346e-02
-3.762526810169219971e-02
1.243710238486528397e-02
-2.793915569782257080e-02
4.553771391510963440e-02
-9.148938208818435669e-02
-3.228985890746116638e-02
-1.908255182206630707e-02
-1.252020448446273804e-01
-1.675100438296794891e-02
3.289027838036417961e-03
-2.626078762114048004e-02
1.073364168405532837e-02
-4.368244484066963196e-02
5.184342339634895325e-02
3.279079869389533997e-02
-2.206493355333805084e-02
-3.131229802966117859e-02
4.251306131482124329e-02
-3.215119242668151855e-02
-2.487167529761791229e-02
7.951296120882034302e-02
3.082274831831455231e-02
-2.213234454393386841e-02
2.509296499192714691e-02
5.011051893234252930e-03
-3.309138491749763489e-02
-9.914050251245498657e-02
3.823507949709892273e-02
1.228502113372087479e-02
-5.868192389607429504e-02
-3.565303608775138855e-02
-2.670861780643463135e-02
1.874387450516223907e-02
-6.346740573644638062e-02
-7.671190891414880753e-03
-2.870623767375946045e-02
1.243407651782035828e-02
-6.485056877136230469e-02
3.036140650510787964e-02
4.912559315562248230e-02
3.248082473874092102e-02
3.127299249172210693e-02
-5.892007425427436829e-02
9.812301397323608398e-02
-2.305071242153644562e-02
4.197062551975250244e-02
1.201394479721784592e-02
7.728605414740741253e-04
-4.612941667437553406e-02
1.066698599606752396e-02
-5.449910461902618408e-02
-7.222270220518112183e-02
5.171770229935646057e-02
9.776039980351924896e-03
-5.558704491704702377e-03
-7.995716296136379242e-03
6.163209304213523865e-02
3.253503516316413879e-02
4.362599924206733704e-02
-8.288335055112838745e-03
-1.381130144000053406e-02
-7.857169024646282196e-03
-5.686542391777038574e-02
-2.991502918303012848e-02
-5.617110058665275574e-02
-5.674250796437263489e-02
2.931894361972808838e-02
4.453242197632789612e-02
1.198650896549224854e-02
-1.931917667388916016e-02
1.237614080309867859e-02
-7.186017185449600220e-02
-1.715474412776529789e-03
1.729925163090229034e-02
5.553406476974487305e-02
1.424867194145917892e-02
-5.415315274149179459e-03
-5.959129333496093750e-02
-2.081419713795185089e-02
4.685599822551012039e-03
2.087903209030628204e-02
-9.449631720781326294e-02
-4.980463907122612000e-02
-5.287045240402221680e-02
-3.100357949733734131e-02
3.519646450877189636e-02
1.918418519198894501e-02
-2.225290797650814056e-02
-1.405652891844511032e-02
6.450182199478149414e-02
2.689310908317565918e-02
-2.855499507859349251e-03
2.649826370179653168e-02
4.307527840137481689e-02
-1.043407693505287170e-01
2.665430307388305664e-03
-9.322375059127807617e-03
-2.753753028810024261e-02
-1.059276089072227478e-01
-2.330087684094905853e-02
2.167249470949172974e-02
3.699208796024322510e-02
2.314091892912983894e-03
5.724819004535675049e-02
6.837160140275955200e-02
4.827137663960456848e-02
9.311380796134471893e-03
2.685998380184173584e-02
-7.048986107110977173e-02
1.166582573205232620e-02
-7.316547632217407227e-02
-8.264026045799255371e-02
-8.040893822908401489e-02
-2.722083032131195068e-02
4.876569285988807678e-02
-2.598710544407367706e-02
3.999325260519981384e-02
4.041351750493049622e-02
9.750190074555575848e-04
6.436239928007125854e-03
-1.548755541443824768e-02
2.638412453234195709e-02
4.296392202377319336e-02
-5.242076888680458069e-02
5.103150848299264908e-03
5.592052638530731201e-02
4.962807893753051758e-02
-6.267154123634099960e-03
3.793409839272499084e-02
-9.732126444578170776e-02
-5.879625678062438965e-02
1.992019265890121460e-02
1.995324529707431793e-02
1.688017160631716251e-03
4.866718128323554993e-02
4.074661806225776672e-02
-3.157565742731094360e-02
1.996921189129352570e-02
-1.196243166923522949e-01
-2.647771500051021576e-02
3.153432533144950867e-02
9.127942845225334167e-03
2.060694061219692230e-02
-4.644846916198730469e-02
-4.020111635327339172e-02
1.844133250415325165e-02
-4.014438018202781677e-02
-3.164761140942573547e-02
5.712486803531646729e-03
4.592249169945716858e-02
5.247142910957336426e-02
-1.137036364525556564e-02
1.241735741496086121e-02
5.396211147308349609e-02
3.876897692680358887e-02
-3.595203906297683716e-02
3.955801576375961304e-02
6.001685187220573425e-02
-1.599284633994102478e-02
-5.927070975303649902e-02
6.856238935142755508e-03
7.169838994741439819e-02
-1.410343050956726074e-01
-5.407090112566947937e-02
1.461957860738039017e-02
1.004559993743896484e-01
2.706651389598846436e-02
1.577528007328510284e-02
-5.341714620590209961e-02
2.703696489334106445e-02
-1.591564528644084930e-02
-8.895627409219741821e-02
-1.836364343762397766e-02
-4.605235159397125244e-02
-1.828309148550033569e-03
2.219086140394210815e-02
5.618053674697875977e-02
-9.469023905694484711e-03
-6.700082868337631226e-02
1.595060378313064575e-01
-5.230152606964111328e-02
7.623317185789346695e-03
6.445745378732681274e-02
3.344391658902168274e-02
4.956597089767456055e-02
-4.868128336966037750e-03
-6.636327598243951797e-03
7.672255486249923706e-02
-1.391158998012542725e-02
9.111932665109634399e-02
-8.552396297454833984e-02
-4.745190497487783432e-03
-6.113595142960548401e-02
-1.327843498438596725e-02
4.172566533088684082e-02
-3.989392891526222229e-02
6.072028353810310364e-02
4.908909555524587631e-03
-1.125237811356782913e-02
-7.552757114171981812e-02
-7.787451893091201782e-02
-5.691601429134607315e-03
4.165365919470787048e-02
-3.912700340151786804e-02
6.192788481712341309e-02
1.671265251934528351e-02
1.166555657982826233e-01
-8.784919045865535736e-03
-1.245845388621091843e-02
3.128631738945841789e-03
-3.787421854212880135e-03
1.186845917254686356e-02
-2.275163866579532623e-02
-5.162958428263664246e-02
-4.410581663250923157e-02
-9.033152461051940918e-02
-1.660285703837871552e-02
-5.973530933260917664e-02
9.765199571847915649e-02
-2.397014945745468140e-02
4.693084955215454102e-02
7.187701761722564697e-02
1.225297898054122925e-02
3.838650649413466454e-03
-2.584695257246494293e-02
-5.022224783897399902e-02
-4.413831233978271484e-02
-7.373837754130363464e-03
-5.921572446823120117e-02
-2.204872667789459229e-02
3.270727396011352539e-02
1.959688961505889893e-02
-4.913171008229255676e-02
-7.627642154693603516e-02
-1.658440195024013519e-02
4.103970155119895935e-02
2.433446794748306274e-02
-1.226565986871719360e-02
-1.405229698866605759e-02
3.881431370973587036e-02
-5.165052786469459534e-02
9.414404630661010742e-02
7.418031245470046997e-02
-3.992803767323493958e-02
-7.049816846847534180e-02
5.241375043988227844e-02
7.530738413333892822e-02
-3.602846118155866861e-04
3.192771598696708679e-02
-2.917581005021929741e-03
7.126474380493164062e-02
-1.903395168483257294e-02
9.572812169790267944e-02
6.010425090789794922e-02
-1.069765631109476089e-02
3.248934075236320496e-02
-3.519387915730476379e-02
-2.243489213287830353e-02
4.505397751927375793e-02
-2.993190102279186249e-02
-2.508473955094814301e-02
3.218447044491767883e-02
2.835954539477825165e-02
-4.116068407893180847e-02
2.910440228879451752e-02
-2.679191716015338898e-02
-8.501587063074111938e-02
-2.516737766563892365e-02
7.050532102584838867e-02
-5.679785832762718201e-02
7.413294911384582520e-02
3.216359764337539673e-02
7.233586162328720093e-02
-4.422846436500549316e-02
-4.678213968873023987e-02
7.975234836339950562e-02
-2.138737589120864868e-03
-7.769441232085227966e-03
-1.601242460310459137e-02
8.861492387950420380e-03
-3.767910599708557129e-02
3.234611451625823975e-02
-1.931221573613584042e-03
6.791537255048751831e-02
-2.575980126857757568e-02
-5.849235132336616516e-02
-3.267579153180122375e-02
-3.776779770851135254e-02
-1.633188687264919281e-02
6.454670429229736328e-02
-5.007551237940788269e-02
6.572855263948440552e-02
-6.608702987432479858e-02
8.100885897874832153e-03
3.122235275804996490e-02
9.764879196882247925e-02
-2.692924439907073975e-02
-3.326268866658210754e-02
1.457572728395462036e-02
-8.385724574327468872e-02
-3.507747128605842590e-02
5.839667096734046936e-02
5.264519527554512024e-02
-5.543120205402374268e-02
4.858171567320823669e-02
-5.926677212119102478e-02
2.477722940966486931e-03
9.248618036508560181e-02
-2.191632427275180817e-02
7.015903946012258530e-03
1.013734750449657440e-02
4.528218507766723633e-02
3.873332217335700989e-02
-7.241848856210708618e-03
-3.389687836170196533e-02
4.863366112112998962e-02
2.186397789046168327e-03
2.111067809164524078e-02
-5.510699748992919922e-02
-8.850351721048355103e-02
5.960011482238769531e-02
6.425479054450988770e-02
4.836524836719036102e-03
3.002035804092884064e-02
-2.330465801060199738e-02
-9.511465206742286682e-03
1.657403446733951569e-02
8.493344299495220184e-03
7.997220009565353394e-02
-2.115466631948947906e-02
3.792806342244148254e-02
8.638252620585262775e-04
8.892188780009746552e-03
5.042690038681030273e-02
5.375163629651069641e-02
1.288743317127227783e-02
-4.572209715843200684e-02
-9.960383176803588867e-04
-1.084540504962205887e-03
7.549402117729187012e-02
-8.257249742746353149e-02
-6.990123540163040161e-02
9.064834564924240112e-03
-5.880426988005638123e-02
9.736255742609500885e-03
1.692657731473445892e-02
-3.662120923399925232e-02
-2.947619557380676270e-02
-3.754181042313575745e-02
7.141862809658050537e-02
3.773577511310577393e-02
-6.650214642286300659e-02
2.138935588300228119e-02
-2.139146625995635986e-02
2.118644677102565765e-02
-1.792990416288375854e-02
-3.589455038309097290e-02
-4.364998266100883484e-02
-1.069682743400335312e-02
1.444546878337860107e-02
-5.890264734625816345e-02
-5.144330859184265137e-02
1.943637803196907043e-02
4.118730127811431885e-02
4.082600772380828857e-02
3.582975594326853752e-03
-2.833462320268154144e-02
-5.427687987685203552e-02
-6.868106871843338013e-02
-4.439055547118186951e-02
-2.129688300192356110e-02
6.154160574078559875e-02
7.313749939203262329e-02
-2.397487638518214226e-03
-1.927493140101432800e-02
4.067861661314964294e-02
6.651582662016153336e-03
7.326448801904916763e-03
-2.576435357332229614e-02
5.090083554387092590e-02
-7.263597566634416580e-03
1.520759891718626022e-02
-1.048894897103309631e-01
1.887575723230838776e-02
2.061388455331325531e-02
1.651601307094097137e-02
-4.458815976977348328e-02
3.944953437894582748e-03
-7.382491976022720337e-02
-1.723496615886688232e-02
3.773080930113792419e-02
8.407086879014968872e-02
-4.617514088749885559e-03
9.439307451248168945e-02
5.646704509854316711e-02
4.336946830153465271e-02
5.358409509062767029e-02
2.431514672935009003e-02
-1.526031992398202419e-03
3.394689410924911499e-02
7.479425519704818726e-02
-1.541494741104543209e-03
-6.194248422980308533e-02
-5.159042775630950928e-02
1.029994413256645203e-01
-8.351872116327285767e-02
2.720682509243488312e-02
6.332189589738845825e-02
5.722136422991752625e-02
-4.935005307197570801e-02
5.467549338936805725e-02
-8.197659999132156372e-02
-6.138317659497261047e-02
1.551837194710969925e-02
4.608415067195892334e-02
-2.127451449632644653e-02
4.909522458910942078e-02
-2.762351743876934052e-02
-2.531965263187885284e-02
-3.758911788463592529e-02
8.598589152097702026e-02
1.712458394467830658e-02
-1.217068359255790710e-02
-5.977893993258476257e-02
-3.171929344534873962e-02
-4.820301756262779236e-02
-9.837225079536437988e-04
4.856778681278228760e-02
-1.010082010179758072e-02
-1.121515501290559769e-02
-1.873255148530006409e-02
1.176628470420837402e-01
4.851985350251197815e-02
-5.137155950069427490e-02
6.188112869858741760e-02
3.795261727645993233e-03
-3.791954740881919861e-02
7.474012672901153564e-02
8.038723468780517578e-02
1.169625204056501389e-02
-3.831985965371131897e-02
6.883477326482534409e-03
-1.347063481807708740e-02
-6.920818239450454712e-02
-7.138984650373458862e-02
2.438273467123508453e-02
1.364911999553442001e-02
-1.016506273299455643e-02
1.758286543190479279e-02
-3.158882260322570801e-03
2.225966751575469971e-02
-6.828086823225021362e-02
-6.724684685468673706e-02
8.762479759752750397e-03
9.116804599761962891e-02
-7.299341261386871338e-02
8.763534016907215118e-03
-4.310923442244529724e-02
4.572547599673271179e-02
-2.556960843503475189e-02
1.616111211478710175e-02
-7.112299557775259018e-03
9.748580865561962128e-03
-3.483038768172264099e-02
-5.668272450566291809e-02
-1.086436286568641663e-01
-5.287916958332061768e-02
1.037622019648551941e-01
-5.128980800509452820e-02
-5.274786427617073059e-02
-3.210320696234703064e-02
1.927801757119596004e-03
6.464334577322006226e-02
5.193889141082763672e-02
-5.499979853630065918e-02
-5.391202867031097412e-03
3.273993358016014099e-02
3.932621330022811890e-02
-4.458920285105705261e-02
-3.670104220509529114e-02
5.337012466043233871e-03
6.826917827129364014e-02
5.267281457781791687e-02
2.074555866420269012e-02
-5.962021276354789734e-02
6.915210187435150146e-02
-2.764838188886642456e-02
7.303904742002487183e-03
6.575822830200195312e-02
4.070562869310379028e-02
3.667316585779190063e-02
4.731444641947746277e-02
-3.139578970149159431e-03
2.595384418964385986e-02
1.369972806423902512e-02
-1.791307330131530762e-02
8.472301997244358063e-03
-8.961348794400691986e-03
-6.355936173349618912e-03
5.489593744277954102e-02
-1.814193837344646454e-02
1.879482343792915344e-02
-6.166308745741844177e-02
-7.347539812326431274e-02
2.374495146796107292e-03
1.201764028519392014e-02
1.229636836796998978e-02
2.136586932465434074e-03
7.027534395456314087e-02
4.065534472465515137e-02
-1.998769491910934448e-02
6.426957994699478149e-02
-5.824980139732360840e-02
2.942056208848953247e-02
1.933336723595857620e-03
-5.963553860783576965e-02
-3.198875859379768372e-02
6.485857069492340088e-02
5.030305683612823486e-02
5.249924585223197937e-02
-2.590539865195751190e-02
-5.471214279532432556e-02
6.598678231239318848e-02
-2.190285362303256989e-02
-1.985964737832546234e-02
1.032124459743499756e-02
-4.480075091123580933e-03
-1.696479856036603451e-03
-8.328587864525616169e-04
3.649151697754859924e-02
-1.792294532060623169e-02
2.583334781229496002e-02
3.146412549540400505e-03
4.342571366578340530e-03
-1.177715416997671127e-02
8.374485373497009277e-02
4.161992669105529785e-02
-5.589614436030387878e-02
-2.909835241734981537e-02
3.580009937286376953e-02
5.811116099357604980e-02
-7.166590541601181030e-02
7.899711281061172485e-02
9.077969938516616821e-03
5.659607052803039551e-02
-2.524378336966037750e-02
9.060637094080448151e-03
1.836557686328887939e-02
-6.787272542715072632e-02
2.567607909440994263e-02
8.297021500766277313e-03
4.200122877955436707e-02
4.670700430870056152e-02
-1.925627328455448151e-02
-3.248374536633491516e-02
-9.593400172889232635e-03
-1.934478245675563812e-02
-7.454728335142135620e-02
-8.424257487058639526e-02
-3.194765001535415649e-02
-5.191466584801673889e-02
-3.079031966626644135e-02
-6.933575123548507690e-02
5.433888640254735947e-03
-1.216668356209993362e-02
-7.845647633075714111e-03
7.080670446157455444e-02
1.417630165815353394e-02
-4.871098324656486511e-02
3.901908919215202332e-02
-1.684320531785488129e-02
4.444636777043342590e-02
1.478513609617948532e-02
4.123516008257865906e-02
4.311699792742729187e-02
-3.287518396973609924e-02
-6.955913454294204712e-02
6.565683335065841675e-02
8.269142359495162964e-02
-2.102234400808811188e-02
-3.189666569232940674e-02
1.259959582239389420e-02
-1.207141578197479248e-02
-1.652661897242069244e-02
-6.509175151586532593e-02
1.418957393616437912e-02
-3.666031360626220703e-02
-5.449602380394935608e-02
3.746931999921798706e-02
4.036146029829978943e-02
-3.237988799810409546e-02
4.774656891822814941e-02
4.195034131407737732e-02
-2.332784235477447510e-02
2.755577862262725830e-02
3.420150652527809143e-02
1.094643864780664444e-02
3.484220057725906372e-02
4.617221280932426453e-02
7.634370774030685425e-02
-2.948665618896484375e-02
-4.090670123696327209e-02
-7.857841253280639648e-02
2.262623049318790436e-02
2.074827253818511963e-02
9.379554539918899536e-03
-2.303416281938552856e-02
-3.170608729124069214e-02
-1.244293898344039917e-02
7.443568203598260880e-03
-7.732640951871871948e-02
-5.750560387969017029e-02
-6.275906413793563843e-02
4.814498592168092728e-03
-3.497393801808357239e-02
-2.959976345300674438e-02
5.756162106990814209e-02
5.115696787834167480e-02
4.719925578683614731e-03
-1.054089143872261047e-02
-2.058926410973072052e-02
2.308253385126590729e-02
-2.371723018586635590e-02
-5.763255432248115540e-02
-5.793161317706108093e-02
-7.653128355741500854e-02
3.532506898045539856e-02
6.659786403179168701e-02
-4.589841887354850769e-02
5.192212387919425964e-02
4.212723299860954285e-02
5.718165263533592224e-02
2.003336511552333832e-02
-5.280354246497154236e-02
2.373531274497509003e-02
2.675948478281497955e-02
1.462894212454557419e-02
-7.854745537042617798e-02
-3.530020266771316528e-02
1.942738890647888184e-03
2.364319004118442535e-02
7.584122568368911743e-02
-4.774706065654754639e-02
-1.994400098919868469e-02
8.625483512878417969e-02
9.176663309335708618e-02
7.172723417170345783e-04
-2.089089946821331978e-03
4.067274276167154312e-03
-1.397056132555007935e-02
-5.693801119923591614e-02
-2.738732099533081055e-02
4.482789337635040283e-02
-2.829579450190067291e-02
-5.313843116164207458e-02
-3.140161931514739990e-02
-3.135317191481590271e-02
2.730746567249298096e-02
1.574112102389335632e-02
-2.995242923498153687e-02
-3.205160424113273621e-02
-4.291225597262382507e-02
9.100192785263061523e-02
-8.352190256118774414e-03
-7.618454843759536743e-02
-3.777620568871498108e-02
-1.442977692931890488e-02
-4.849261138588190079e-03
2.433703280985355377e-02
3.815065324306488037e-02
8.839908987283706665e-02
-2.337806671857833862e-02
-3.589242324233055115e-02
1.843011472374200821e-03
-8.999880403280258179e-03
3.699229657649993896e-02
1.308146119117736816e-02
-3.182145953178405762e-02
2.361214905977249146e-02
-9.325134009122848511e-02
-9.819986298680305481e-03
-1.009263917803764343e-01
5.042024329304695129e-02
2.452800236642360687e-02
1.194041892886161804e-01
3.306357935070991516e-02
-7.199782878160476685e-03
1.417338941246271133e-02
2.593009360134601593e-02
-2.239280752837657928e-02
-3.315129503607749939e-02
3.885583020746707916e-03
3.698359057307243347e-02
4.006961360573768616e-02
5.350582301616668701e-02
4.453228786587715149e-02
2.512203156948089600e-02
-4.510886967182159424e-02
2.399454079568386078e-02
-2.520600100979208946e-03
-8.630637079477310181e-03
5.567570333369076252e-04
-2.373807318508625031e-02
3.491101041436195374e-02
1.907256245613098145e-02
4.172748012933880091e-04
-3.379071876406669617e-02
-6.658907979726791382e-02
-6.868382543325424194e-02
3.127729892730712891e-02
