2.261247485876083374e-02
-3.324544057250022888e-02
-9.076042100787162781e-03
-5.384566728025674820e-03
-9.779851883649826050e-02
6.868925411254167557e-03
-8.478684723377227783e-02
-4.125030338764190674e-02
3.393235430121421814e-02
3.599926456809043884e-02
-4.706257581710815430e-02
-8.140908926725387573e-02
-1.416742336004972458e-02
6.077963858842849731e-02
-7.503326050937175751e-03
-1.433702651411294937e-02
-7.442088425159454346e-02
5.966969579458236694e-02
3.219106048345565796e-02
-6.732036173343658447e-02
6.125692278146743774e-02
-8.101492375135421753e-02
-9.417859464883804321e-02
6.718600541353225708e-02
1.147301122546195984e-02
1.944589545018970966e-03
-6.010647118091583252e-02
-1.171788759529590607e-02
2.153100818395614624e-02
3.086957847699522972e-03
-1.612046174705028534e-02
-3.427353873848915100e-02
8.774554729461669922e-02
-2.152450382709503174e-03
-5.424091592431068420e-03
9.754140675067901611e-02
1.591070368885993958e-02
-7.335582375526428223e-02
-1.303833257406949997e-02
4.345715790987014771e-02
-1.160977222025394440e-02
-1.681078411638736725e-02
-8.115733973681926727e-03
-2.106073312461376190e-02
-4.099537432193756104e-02
-6.222359836101531982e-02
-3.236448392271995544e-02
-6.807397305965423584e-02
4.715836048126220703e-02
-9.990549646317958832e-03
3.232710529118776321e-03
-2.203434519469738007e-02
6.244455929845571518e-03
1.206079591065645218e-02
-1.236810698173940182e-03
-1.000878307968378067e-02
1.463361922651529312e-02
-1.823882944881916046e-02
2.893455559387803078e-03
-6.935636699199676514e-02
-8.334222435951232910e-02
-9.036671835929155350e-04
3.507548198103904724e-02
1.478527635335922241e-01
-4.529596120119094849e-02
7.757490128278732300e-02
-5.337393283843994141e-02
9.448484517633914948e-03
-1.708098500967025757e-02
8.858776092529296875e-02
8.444006741046905518e-02
4.623695090413093567e-02
6.285185366868972778e-02
5.383480340242385864e-02
-2.135992050170898438e-02
2.835986763238906860e-02
7.222083956003189087e-02
-6.922801584005355835e-02
4.599295184016227722e-02
-1.198199763894081116e-02
-3.832627087831497192e-02
-7.118731737136840820e-03
-1.523820403963327408e-02
1.349312998354434967e-02
-1.224492862820625305e-02
5.791311152279376984e-03
1.616731472313404083e-02
-7.427562959492206573e-03
4.613351449370384216e-02
-1.359050907194614410e-02
7.503239065408706665e-02
8.823713660240173340e-02
-2.987374924123287201e-02
-4.460706934332847595e-02
-9.415327571332454681e-03
1.180305555462837219e-01
-2.312001772224903107e-02
-1.116382330656051636e-01
1.484718266874551773e-02
5.618819966912269592e-02
-5.072120577096939087e-02
-6.947429478168487549e-02
-3.032208420336246490e-02
-5.161426588892936707e-02
-2.190858498215675354e-02
-2.559787221252918243e-02
6.859631836414337158e-02
-2.855654619634151459e-02
-3.082529827952384949e-02
-5.153374373912811279e-02
-4.108812287449836731e-02
-1.605902798473834991e-02
-2.479704469442367554e-02
1.081692148000001907e-02
-9.127800352871417999e-03
7.658613473176956177e-02
-7.674834132194519043e-02
-8.911042474210262299e-03
1.690319739282131195e-02
-5.070006847381591797e-02
7.381972856819629669e-03
2.012059837579727173e-02
5.483395233750343323e-02
3.407419472932815552e-02
6.503944285213947296e-03
4.099393263459205627e-02
9.267942979931831360e-03
3.960458934307098389e-02
3.785615786910057068e-02
-1.772481389343738556e-02
-6.889573484659194946e-02
4.619421437382698059e-02
-1.415635086596012115e-02
-1.038644835352897644e-02
7.700067013502120972e-02
-3.490632772445678711e-02
-1.721729710698127747e-02
-6.787506490945816040e-02
-1.452232338488101959e-02
1.753629371523857117e-02
-5.132989026606082916e-03
-2.164532057940959930e-02
4.932761192321777344e-02
-5.084176361560821533e-02
-1.264967396855354309e-02
1.354961656033992767e-02
5.927187204360961914e-02
3.562532737851142883e-02
-1.811161078512668610e-02
-2.916220203042030334e-02
2.497106324881315231e-03
5.573678016662597656e-02
3.628440946340560913e-02
-3.528185933828353882e-02
-1.794039458036422729e-02
2.356433495879173279e-02
-4.986826702952384949e-02
-3.395823389291763306e-02
-1.684661395847797394e-02
5.955580994486808777e-02
-5.815818533301353455e-02
-6.867729127407073975e-02
-4.298025369644165039e-02
1.578497514128684998e-02
-2.355840615928173065e-02
3.744129091501235962e-02
1.375289727002382278e-02
2.612449601292610168e-02
-7.634107023477554321e-02
-2.353550307452678680e-02
2.589705400168895721e-02
1.021675672382116318e-02
6.725422572344541550e-03
3.540989384055137634e-02
-1.042746454477310181e-01
4.755346477031707764e-02
7.332361489534378052e-02
-3.906637057662010193e-02
-3.025711514055728912e-02
8.988055586814880371e-02
5.397658050060272217e-02
-2.217712812125682831e-02
8.226922713220119476e-03
4.026580601930618286e-02
7.694407552480697632e-02
-8.300518244504928589e-02
7.066348195075988770e-02
5.520576983690261841e-02
-5.569350719451904297e-02
-7.654693722724914551e-02
3.328133374452590942e-02
-4.891983419656753540e-02
-1.730557531118392944e-02
3.807738795876502991e-02
-2.157191187143325806e-02
-1.771689206361770630e-02
5.411356687545776367e-02
2.791202813386917114e-02
1.728820987045764923e-02
-1.917413994669914246e-02
5.492596887052059174e-03
6.871162354946136475e-02
-2.520577795803546906e-02
-1.154638268053531647e-02
-5.283243209123611450e-02
-6.130411848425865173e-02
-1.108355894684791565e-01
-7.708249986171722412e-02
-1.110300123691558838e-01
-1.315504312515258789e-02
7.629938889294862747e-03
-8.462790865451097488e-04
-6.120933964848518372e-02
-5.238187313079833984e-02
-3.164571896195411682e-02
2.383306622505187988e-02
1.180517021566629410e-02
2.646842785179615021e-02
4.070366849191486835e-04
8.762204088270664215e-03
2.634042128920555115e-02
5.094216205179691315e-03
8.319785818457603455e-03
-3.206652402877807617e-02
5.524713080376386642e-03
4.027555510401725769e-02
-9.878548234701156616e-02
5.699447356164455414e-03
7.045964896678924561e-02
2.866059076040983200e-03
4.323514178395271301e-03
-7.907832972705364227e-03
3.053793124854564667e-02
-5.190795287489891052e-03
5.762550607323646545e-02
4.439638182520866394e-02
-5.265022069215774536e-02
-3.146762773394584656e-02
-7.817856222391128540e-02
-8.429815992712974548e-03
-6.874200701713562012e-02
6.295089423656463623e-02
-1.667651347815990448e-02
-1.771800406277179718e-02
1.418522000312805176e-01
2.241807244718074799e-02
1.127630472183227539e-02
3.868346661329269409e-02
-1.956440880894660950e-02
2.980966307222843170e-02
-5.033104121685028076e-02
-3.064984455704689026e-02
-2.604416757822036743e-02
-7.395370863378047943e-03
8.811451494693756104e-02
6.986473500728607178e-02
4.841228947043418884e-02
4.564101248979568481e-02
-2.191340737044811249e-02
5.565663427114486694e-02
1.421222649514675140e-02
-3.764602914452552795e-02
8.623527735471725464e-02
4.782672226428985596e-02
-1.347571052610874176e-02
3.258647024631500244e-02
9.595083072781562805e-03
5.928712338209152222e-02
-1.488208118826150894e-02
3.386783972382545471e-02
1.189757511019706726e-02
-7.422005385160446167e-02
-3.529209643602371216e-02
1.970385201275348663e-02
-5.412922240793704987e-03
-6.455276906490325928e-02
3.167586773633956909e-02
4.951174487359821796e-04
-4.671314731240272522e-02
7.367756683379411697e-03
1.605937257409095764e-02
3.899675235152244568e-02
-7.182334363460540771e-02
8.008946478366851807e-02
6.285740435123443604e-02
5.556617304682731628e-02
8.670447766780853271e-02
2.486649155616760254e-02
-1.550368033349514008e-02
4.377691447734832764e-02
8.999912440776824951e-02
-1.454560365527868271e-02
-2.140470594167709351e-02
6.270760670304298401e-03
-2.181514911353588104e-02
6.208517402410507202e-02
2.810022979974746704e-02
-3.331298008561134338e-02
-4.438463598489761353e-02
-1.025573313236236572e-01
-3.700333461165428162e-02
3.876797109842300415e-02
9.209345281124114990e-02
1.233903225511312485e-02
3.058063611388206482e-02
3.583845123648643494e-02
-2.384270168840885162e-02
-1.031089574098587036e-01
2.946438454091548920e-02
3.566982969641685486e-02
-2.988492138683795929e-03
-6.572335213422775269e-02
-4.453172907233238220e-03
-1.158703491091728210e-01
-5.460315942764282227e-02
-2.064565010368824005e-02
6.093210354447364807e-02
1.809871383011341095e-02
-1.047267112880945206e-02
-1.182871907949447632e-01
-3.360365331172943115e-02
1.889616623520851135e-02
-1.518669258803129196e-02
5.199450254440307617e-02
-4.792684689164161682e-02
-1.037202682346105576e-02
-3.445904329419136047e-02
4.123837128281593323e-02
-1.239182427525520325e-02
-1.872452534735202789e-02
3.317080438137054443e-02
9.088680148124694824e-02
-5.543047934770584106e-02
-4.094095528125762939e-02
2.414049953222274780e-02
-1.527376566082239151e-02
-1.063885446637868881e-02
-6.152831763029098511e-02
9.214014559984207153e-02
1.381042972207069397e-02
4.757917672395706177e-02
-2.283879928290843964e-02
-1.688930019736289978e-02
-2.216751314699649811e-02
-2.115689404308795929e-02
2.356488024815917015e-03
-2.225890569388866425e-02
6.891965121030807495e-02
-7.296847552061080933e-02
-3.176315873861312866e-02
1.811335794627666473e-02
5.689997971057891846e-02
2.173993177711963654e-02
1.376416813582181931e-02
8.392855525016784668e-02
4.212960228323936462e-02
2.551394328474998474e-02
-4.947141185402870178e-02
4.667543619871139526e-02
-1.055178046226501465e-02
-3.868652880191802979e-02
-3.622809424996376038e-02
-7.880116999149322510e-02
-4.928317293524742126e-02
7.007240504026412964e-02
2.110004052519798279e-02
-7.517918944358825684e-02
-4.366616159677505493e-02
7.552502304315567017e-02
3.363626450300216675e-02
5.352600477635860443e-03
-3.982945811003446579e-03
4.849564656615257263e-02
-8.602061867713928223e-02
5.057454854249954224e-02
-3.785042092204093933e-02
-1.135875657200813293e-02
2.369011752307415009e-02
-2.977737411856651306e-02
7.154936902225017548e-03
3.360293060541152954e-02
1.055023297667503357e-01
2.855903096497058868e-02
-3.124270774424076080e-02
-4.297395795583724976e-02
-3.257444128394126892e-02
-3.013827372342348099e-03
-3.953143581748008728e-02
-6.512064486742019653e-02
5.039203912019729614e-02
6.161123886704444885e-02
-2.196216722950339317e-03
-5.835686251521110535e-02
-7.069166284054517746e-03
2.395840547978878021e-02
-1.042628544382750988e-03
-4.610192403197288513e-02
9.244804270565509796e-03
-9.881818294525146484e-02
-5.517717823386192322e-02
4.251968581229448318e-03
4.839443787932395935e-02
5.167791992425918579e-02
2.866926789283752441e-02
-6.576381623744964600e-02
9.780014865100383759e-03
2.939270110800862312e-03
5.701496452093124390e-02
1.469584181904792786e-02
-7.475598901510238647e-02
7.195614278316497803e-02
-1.838980428874492645e-02
-8.764778822660446167e-02
-5.741167068481445312e-02
-9.033260866999626160e-03
-1.870983839035034180e-02
3.003128990530967712e-02
-7.786035537719726562e-02
6.084269657731056213e-02
-7.453461177647113800e-03
3.382452577352523804e-02
-1.343460474163293839e-02
1.316321827471256256e-02
-7.470757514238357544e-02
-4.114343225955963135e-02
1.314689591526985168e-02
-2.665892615914344788e-02
-7.027070969343185425e-02
1.584215834736824036e-02
-4.315184801816940308e-02
1.204612329602241516e-01
5.188436806201934814e-02
-6.793634593486785889e-02
-5.381405353546142578e-02
-1.694637537002563477e-02
1.874516904354095459e-02
-5.066193640232086182e-02
6.251538544893264771e-02
4.967441409826278687e-02
-3.741795942187309265e-02
-1.368789467960596085e-02
-5.285523459315299988e-02
2.272494509816169739e-02
6.078575737774372101e-03
-7.278115302324295044e-02
-4.605736210942268372e-02
-6.369851529598236084e-02
-1.802642829716205597e-02
-5.073510855436325073e-02
2.098550647497177124e-02
-1.006501466035842896e-01
3.256249940022826195e-03
-2.562534296885132790e-03
-5.232409015297889709e-02
4.372217692434787750e-03
-2.061553113162517548e-02
-9.464176744222640991e-02
2.544064261019229889e-02
1.790632680058479309e-02
-6.101081147789955139e-02
5.730201303958892822e-02
-1.994441077113151550e-02
6.302799098193645477e-03
5.449561402201652527e-02
-4.842588678002357483e-02
6.408109329640865326e-03
5.790807679295539856e-02
-7.725480943918228149e-02
-3.950912132859230042e-02
2.474561706185340881e-02
1.876941137015819550e-02
-2.652632817625999451e-02
2.245689183473587036e-02
1.058238279074430466e-02
-1.727142743766307831e-02
2.264161221683025360e-02
-6.416214164346456528e-03
5.023079738020896912e-02
3.423844464123249054e-03
-6.824775040149688721e-02
-1.805263571441173553e-02
-1.327163074165582657e-02
-2.475902438163757324e-03
7.507567107677459717e-02
5.325468257069587708e-02
3.535630181431770325e-02
-7.856705226004123688e-03
-1.149846054613590240e-02
-3.445504605770111084e-02
-2.522916346788406372e-02
8.069934323430061340e-03
3.389662876725196838e-02
-3.361725434660911560e-02
-2.672988548874855042e-02
-3.122871741652488708e-02
-1.002183482050895691e-01
2.707861177623271942e-02
8.999101817607879639e-02
2.561292052268981934e-02
8.002301305532455444e-02
2.545113302767276764e-02
-1.373729761689901352e-02
1.262914668768644333e-02
-4.250229150056838989e-02
-1.422826852649450302e-02
1.871267706155776978e-02
-2.152824029326438904e-02
-4.879712685942649841e-02
-8.918662555515766144e-03
1.516013406217098236e-02
-5.392921715974807739e-02
-1.982802897691726685e-02
-5.625846609473228455e-02
-2.306136861443519592e-02
-2.359039708971977234e-02
2.027893206104636192e-03
-8.537365123629570007e-03
-7.878303527832031250e-02
-4.740029200911521912e-02
9.573311358690261841e-02
1.337643265724182129e-01
1.102225631475448608e-01
3.021072968840599060e-02
-2.096774056553840637e-02
8.582023531198501587e-02
3.380978107452392578e-02
-2.073628082871437073e-02
-2.969889901578426361e-02
-7.255574315786361694e-02
1.341728959232568741e-02
4.610452335327863693e-03
-6.611186545342206955e-04
-9.339853376150131226e-02
-2.612373977899551392e-02
-6.064295023679733276e-02
2.000876143574714661e-02
1.922452263534069061e-02
-2.312930673360824585e-02
-1.718670129776000977e-02
-2.047981135547161102e-03
6.756287068128585815e-02
-1.068874150514602661e-01
-3.830004110932350159e-02
4.169779270887374878e-02
1.378665491938591003e-02
7.147249998524785042e-04
7.831398397684097290e-02
7.733176648616790771e-02
9.967032819986343384e-03
1.593288965523242950e-02
-3.498296439647674561e-02
5.156688019633293152e-02
-7.091108243912458420e-03
-5.481082480400800705e-03
9.291804395616054535e-03
8.953450620174407959e-02
5.486120283603668213e-02
1.390090328641235828e-03
-1.051868125796318054e-02
5.234847590327262878e-02
-1.612328574992716312e-03
-7.529644668102264404e-02
5.565667152404785156e-02
3.408000245690345764e-02
2.801965549588203430e-02
-1.136930380016565323e-02
-8.980142325162887573e-02
1.253743935376405716e-02
-1.465142937377095222e-03
7.528053969144821167e-02
-1.621719077229499817e-02
4.053663462400436401e-02
-2.925864979624748230e-02
-2.208113297820091248e-02
-8.668112568557262421e-03
-7.652474939823150635e-02
4.521742090582847595e-02
-4.848214611411094666e-02
8.331047371029853821e-03
-5.606350675225257874e-02
2.709385007619857788e-02
-1.615922083146870136e-03
-2.342827431857585907e-02
7.350139785557985306e-03
1.506207394413650036e-03
2.001805976033210754e-02
-7.456129044294357300e-02
5.589540160144679248e-05
3.329894691705703735e-02
-5.853657051920890808e-02
-5.484441667795181274e-02
-7.696914672851562500e-02
-2.380226179957389832e-02
-2.427226677536964417e-02
-1.297679357230663300e-02
1.988979056477546692e-02
-6.180217023938894272e-03
-8.869877457618713379e-02
-1.534292387077584863e-04
7.883373647928237915e-02
-1.106557715684175491e-02
3.005094639956951141e-02
-7.372970692813396454e-03
-1.352533046156167984e-02
-1.104364395141601562e-01
6.354603171348571777e-02
-1.480077300220727921e-02
3.859712183475494385e-02
6.095468997955322266e-03
-3.050820203498005867e-03
-6.312289834022521973e-02
6.428996473550796509e-02
-1.408976316452026367e-02
3.653008490800857544e-02
-7.783834356814622879e-03
2.576145157217979431e-02
-5.513594299554824829e-02
-2.168352529406547546e-02
-1.543576084077358246e-02
-1.229148171842098236e-02
-1.902835443615913391e-02
4.265668615698814392e-02
-3.305736754555255175e-05
3.710255399346351624e-02
5.949854850769042969e-02
4.880069196224212646e-02
-3.493892401456832886e-02
-4.774479568004608154e-02
5.632858257740736008e-03
-5.429210886359214783e-02
8.182894438505172729e-03
3.390190005302429199e-02
-3.893648087978363037e-02
1.328162662684917450e-02
-8.382669091224670410e-02
7.987845689058303833e-02
-1.445959415286779404e-02
-6.604896485805511475e-02
-6.436024606227874756e-02
6.332028657197952271e-02
-6.261329352855682373e-02
1.156683731824159622e-02
-7.219821959733963013e-02
8.051772415637969971e-02
-2.937892265617847443e-02
-2.505723014473915100e-02
-4.184187389910221100e-03
7.821553200483322144e-02
3.278480144217610359e-03
4.826066642999649048e-02
1.578811742365360260e-02
1.040419680066406727e-03
5.875881016254425049e-02
-5.298236384987831116e-03
4.060673713684082031e-02
1.483472716063261032e-02
4.392020404338836670e-02
3.065854683518409729e-02
5.282596684992313385e-03
6.605197675526142120e-03
4.364860057830810547e-02
-7.336887065321207047e-03
-1.267436984926462173e-02
-3.987109661102294922e-02
4.961552098393440247e-02
-7.530012517236173153e-04
3.428688505664467812e-04
-2.076931484043598175e-02
-2.912889979779720306e-02
9.507318027317523956e-03
-5.198325961828231812e-02
-2.290391921997070312e-02
-6.611990183591842651e-02
4.288852214813232422e-02
-4.782728105783462524e-02
-6.402140855789184570e-02
1.409919932484626770e-02
1.113608945161104202e-02
-8.083714544773101807e-02
1.489494368433952332e-02
1.225068140774965286e-02
-1.470037829130887985e-02
-3.230298683047294617e-02
2.317422255873680115e-02
3.162075579166412354e-02
-2.893517166376113892e-02
7.392428349703550339e-03
-2.314765192568302155e-02
-9.259114973247051239e-03
8.583622425794601440e-02
-5.366441980004310608e-02
-5.320775508880615234e-02
-1.526008173823356628e-02
3.398169949650764465e-02
1.806305348873138428e-02
-3.169640898704528809e-02
5.095500126481056213e-02
-7.853837683796882629e-03
-6.348402053117752075e-02
6.566459685564041138e-02
3.190588951110839844e-02
-5.659671127796173096e-02
2.739616110920906067e-02
-6.322997063398361206e-02
1.453883363865315914e-03
-3.722157329320907593e-02
3.724663285538554192e-03
-1.521151745691895485e-03
8.195297420024871826e-02
9.112686663866043091e-02
6.808824837207794189e-02
-4.215290397405624390e-02
3.424037992954254150e-02
2.324233204126358032e-02
5.409061908721923828e-02
-1.705095544457435608e-02
-8.034451305866241455e-02
3.173277527093887329e-02
-7.580406963825225830e-02
-2.737398631870746613e-02
-3.582428395748138428e-02
-7.512356340885162354e-02
-5.589711014181375504e-03
1.868765219114720821e-03
-8.503046631813049316e-02
7.810144871473312378e-02
-5.395763739943504333e-02
1.473516877740621567e-02
-3.705385699868202209e-02
2.647799672558903694e-03
-1.509953476488590240e-02
1.744447089731693268e-02
3.314821049571037292e-02
3.269027173519134521e-02
3.954682126641273499e-02
-3.304118663072586060e-02
4.654799029231071472e-02
-2.993502095341682434e-02
9.044384583830833435e-03
-1.787118241190910339e-02
2.912592515349388123e-02
1.165296975523233414e-02
-7.543392479419708252e-02
-1.796642877161502838e-02
-1.316023804247379303e-02
2.899072319269180298e-02
4.971111193299293518e-02
1.667163707315921783e-02
-2.048603445291519165e-02
-2.474742010235786438e-02
-4.446721076965332031e-02
-3.140637418255209923e-03
-1.110865175724029541e-02
4.758929461240768433e-02
2.060517854988574982e-02
-2.397955767810344696e-02
3.255247697234153748e-02
5.404584109783172607e-02
-4.233578220009803772e-03
4.542648047208786011e-02
4.526979103684425354e-02
3.458444844000041485e-04
-4.309350624680519104e-03
5.028572399169206619e-03
1.309698168188333511e-02
-8.355665951967239380e-02
-1.178121753036975861e-02
-3.965458646416664124e-02
-1.937344484031200409e-02
3.794937580823898315e-02
6.493579596281051636e-02
2.946946769952774048e-02
6.141038239002227783e-02
6.103723309934139252e-03
5.277632921934127808e-02
1.755285449326038361e-02
-8.401985396631062031e-04
-3.286247327923774719e-02
6.296683847904205322e-02
2.066236734390258789e-02
-4.987392947077751160e-02
-5.985784810036420822e-04
-8.401841670274734497e-02
-2.384321577847003937e-02
5.985948070883750916e-02
2.081884769722819328e-03
-4.728229343891143799e-02
3.916807472705841064e-02
-4.300395771861076355e-02
-2.985106594860553741e-02
8.731902390718460083e-02
2.300100214779376984e-02
1.961121102795004845e-03
-4.555495828390121460e-02
-5.417078360915184021e-02
4.035381134599447250e-03
-4.802339710295200348e-03
-2.675814367830753326e-02
-5.273672286421060562e-03
7.326853275299072266e-02
2.996313758194446564e-02
-3.098857030272483826e-02
2.717454917728900909e-03
1.616544649004936218e-02
3.427926078438758850e-02
-3.482007980346679688e-02
3.291046619415283203e-02
-9.542967192828655243e-03
9.340735850855708122e-04
4.986747168004512787e-03
-1.109999511390924454e-02
-1.659311726689338684e-02
-5.286647006869316101e-03
-1.307985037565231323e-01
-1.031368505209684372e-02
5.676281452178955078e-02
3.513713926076889038e-02
2.235524915158748627e-02
6.729093194007873535e-02
-4.571718350052833557e-02
-8.384397625923156738e-02
-3.366534411907196045e-02
3.300001844763755798e-02
3.163119032979011536e-02
1.134001743048429489e-02
-2.903063409030437469e-02
-3.707116097211837769e-02
-8.108197897672653198e-02
3.091746568679809570e-02
1.284708548337221146e-02
-2.665876969695091248e-02
3.292993456125259399e-02
-1.474541891366243362e-02
-1.796011067926883698e-02
1.086036302149295807e-02
1.036471128463745117e-01
1.144620403647422791e-02
-6.537593901157379150e-02
-6.878611445426940918e-02
5.113573744893074036e-02
2.825080603361129761e-02
-3.261132538318634033e-02
2.355332300066947937e-02
1.784945279359817505e-02
-7.938175648450851440e-02
-6.237629428505897522e-02
-3.636907786130905151e-02
6.202870234847068787e-02
-1.641941815614700317e-02
1.612462848424911499e-02
-8.332038670778274536e-02
3.080199845135211945e-02
2.738858200609683990e-02
-8.024387806653976440e-02
-7.021804153919219971e-02
-8.171521127223968506e-02
5.333409830927848816e-02
-1.338205337524414062e-01
-2.746821567416191101e-02
3.842283785343170166e-02
1.262866333127021790e-02
1.129788253456354141e-02
-7.170060276985168457e-02
-6.242235749959945679e-02
-7.915099710226058960e-02
2.242638915777206421e-02
-1.549904118292033672e-03
-4.856799170374870300e-02
-2.638394013047218323e-02
-5.433128774166107178e-02
4.330473393201828003e-02
-3.070238744840025902e-03
-4.717855714261531830e-03
6.672835350036621094e-02
-2.288584038615226746e-02
-3.471733629703521729e-02
-1.428078673779964447e-02
-2.585059031844139099e-02
-4.275987669825553894e-02
1.206231582909822464e-02
-9.192095138132572174e-03
3.590458258986473083e-02
-3.433270752429962158e-02
-2.961507067084312439e-02
-7.112451642751693726e-02
5.474843457341194153e-02
-5.409554392099380493e-02
8.292498067021369934e-03
3.944305703043937683e-02
7.875867933034896851e-02
-4.844071343541145325e-02
-8.086765557527542114e-02
3.172004967927932739e-02
3.099641576409339905e-02
-8.275902271270751953e-02
3.880055993795394897e-02
-4.984341561794281006e-02
-8.944185078144073486e-02
1.049328222870826721e-02
1.546616945415735245e-02
-3.395336493849754333e-02
1.586211100220680237e-02
-9.165365993976593018e-02
5.951649323105812073e-02
-8.512496948242187500e-03
-1.211292203515768051e-02
-4.607540089637041092e-03
4.845521971583366394e-02
1.302970107644796371e-02
-9.105179458856582642e-03
4.305815696716308594e-02
7.869476824998855591e-02
9.703544899821281433e-03
1.250843256711959839e-01
2.024153620004653931e-02
5.076093971729278564e-02
4.890416748821735382e-03
1.004664897918701172e-01
1.303377933800220490e-02
2.324743010103702545e-02
1.430764608085155487e-02
3.610612126067280769e-03
4.633015021681785583e-02
6.450260430574417114e-02
-6.037110462784767151e-03
-6.418513506650924683e-02
-5.423259735107421875e-02
2.560858987271785736e-02
3.859864920377731323e-02
-1.719612628221511841e-02
-8.617598563432693481e-02
-1.099249627441167831e-02
3.178677335381507874e-02
-2.106491476297378540e-02
-8.645064383745193481e-02
4.661365225911140442e-02
2.367791021242737770e-03
-7.174189388751983643e-02
4.908449482172727585e-03
3.203257545828819275e-02
6.346618384122848511e-02
-3.435804694890975952e-02
-8.919710665941238403e-02
-2.513190964236855507e-03
-6.826890166848897934e-03
5.352137610316276550e-02
-6.506758928298950195e-02
5.239472910761833191e-02
1.454797014594078064e-02
1.274849660694599152e-02
-5.276792868971824646e-02
3.326231613755226135e-02
8.548165112733840942e-02
1.740066893398761749e-02
9.451244771480560303e-02
-7.746052742004394531e-02
-5.018218606710433960e-02
4.409668222069740295e-02
-1.774469763040542603e-02
2.292064484208822250e-03
-2.130239270627498627e-02
-6.261265277862548828e-02
1.001035347580909729e-01
1.015223711729049683e-01
-2.424709126353263855e-02
-1.721581444144248962e-02
-7.021315395832061768e-02
-1.694632321596145630e-02
-9.063534438610076904e-02
1.137609127908945084e-02
-3.448933735489845276e-02
2.821362204849720001e-02
-3.891805652529001236e-03
-5.152716487646102905e-02
-4.050119221210479736e-02
-1.116087473928928375e-02
-8.422163315117359161e-03
-9.041870012879371643e-03
-5.182629078626632690e-02
-1.854291372001171112e-02
7.426839321851730347e-02
-7.921983301639556885e-02
4.203614965081214905e-02
7.223057746887207031e-02
1.748967915773391724e-02
-4.853329434990882874e-02
5.362170562148094177e-02
-9.003407321870326996e-03
2.182252891361713409e-02
7.898800075054168701e-02
-3.912108764052391052e-02
-5.596591904759407043e-02
-1.502523757517337799e-02
4.666947573423385620e-02
6.666167825460433960e-02
-1.213856413960456848e-02
-8.879045397043228149e-02
-3.333385661244392395e-02
4.694475978612899780e-02
8.557716012001037598e-02
-9.306883066892623901e-02
-5.373899824917316437e-03
2.945863083004951477e-02
7.553377747535705566e-02
5.192131176590919495e-02
-2.239948138594627380e-02
-7.818814367055892944e-02
1.952927932143211365e-02
-4.611245542764663696e-02
-8.091212250292301178e-03
4.209401831030845642e-02
6.248548999428749084e-02
7.265501469373703003e-02
-2.214851975440979004e-02
1.220035087317228317e-02
-2.156438678503036499e-02
7.030732929706573486e-02
-1.969304308295249939e-02
-4.280675202608108521e-03
1.043692231178283691e-02
-6.749180704355239868e-02
2.630236092954874039e-03
-7.203965634107589722e-02
5.233872681856155396e-02
