1.113291131332516670e-03
6.475043296813964844e-02
4.015176743268966675e-02
-2.767838351428508759e-02
-4.976866021752357483e-02
3.661384806036949158e-02
-1.106562465429306030e-02
-2.932552481070160866e-03
6.112603005021810532e-03
6.593196839094161987e-02
-8.846337907016277313e-03
-3.669976443052291870e-02
-6.652604788541793823e-02
-1.350991055369377136e-02
-1.714525371789932251e-02
-8.485168963670730591e-02
1.153830811381340027e-02
1.478080265223979950e-02
-7.383249700069427490e-02
-9.190996177494525909e-03
-1.956596598029136658e-02
-2.162528224289417267e-03
-1.778260059654712677e-02
8.266606368124485016e-03
3.801526874303817749e-02
-2.616230584681034088e-02
-1.554705947637557983e-02
1.076600514352321625e-02
7.095026224851608276e-02
-6.886187195777893066e-02
-1.881265453994274139e-02
3.189911693334579468e-02
1.767397299408912659e-02
3.203298896551132202e-02
1.249080407433211803e-03
-7.402690500020980835e-02
-4.885038360953330994e-02
4.832108691334724426e-02
3.875968744978308678e-03
-3.005965612828731537e-02
-3.271641954779624939e-02
4.063174873590469360e-02
-4.473484307527542114e-02
-9.240795043297111988e-04
2.344225160777568817e-02
1.141501739621162415e-01
2.833604998886585236e-02
5.339876934885978699e-02
-2.851943857967853546e-02
-1.991252414882183075e-02
7.070628553628921509e-02
-2.054175920784473419e-02
-8.942894637584686279e-02
3.796664997935295105e-02
7.751553505659103394e-02
-5.312063265591859818e-03
4.651271738111972809e-03
7.562618702650070190e-02
-3.561678156256675720e-02
-5.983212962746620178e-02
-6.208644062280654907e-02
-4.852474108338356018e-02
-7.841745764017105103e-02
-9.089271537959575653e-03
-3.802814334630966187e-02
-2.451995760202407837e-02
-7.550357282161712646e-02
-2.104161074385046959e-03
-6.627386808395385742e-02
-7.257556170225143433e-02
-2.174483053386211395e-02
6.276963651180267334e-02
6.020950153470039368e-03
-2.441366575658321381e-02
2.209830284118652344e-02
3.020952083170413971e-02
3.140256926417350769e-02
-3.920345008373260498e-02
1.547078695148229599e-02
5.150077491998672485e-02
3.760861605405807495e-02
-6.302852183580398560e-02
-5.529472976922988892e-02
5.126805603504180908e-02
-3.451374545693397522e-02
9.194856882095336914e-02
4.419619962573051453e-02
2.918299101293087006e-02
-1.320968847721815109e-02
-2.298809215426445007e-02
4.236202687025070190e-02
-2.283453568816184998e-02
-2.676104567945003510e-02
-7.993673533201217651e-02
-6.278440356254577637e-02
3.023494780063629150e-02
-9.618805721402168274e-03
-1.194311585277318954e-02
-4.526758566498756409e-02
1.373625453561544418e-02
-2.257383987307548523e-02
8.215387910604476929e-02
8.862581104040145874e-02
-3.578380122780799866e-02
1.751920394599437714e-02
-4.288801457732915878e-03
-8.208727464079856873e-03
-1.474797353148460388e-02
9.545769542455673218e-02
1.427163928747177124e-02
2.528348937630653381e-03
-3.246451169252395630e-02
-5.024173483252525330e-02
-1.076255738735198975e-01
-6.934238970279693604e-02
1.594282872974872589e-02
5.406176298856735229e-02
-1.354681886732578278e-02
2.479292638599872589e-02
4.325046669691801071e-03
-4.727857932448387146e-02
8.725048974156379700e-03
6.284201890230178833e-02
-2.232147380709648132e-02
6.006445735692977905e-02
4.362851753830909729e-02
4.534568637609481812e-02
-5.011777207255363464e-02
-4.518440365791320801e-02
5.457313731312751770e-02
4.344015195965766907e-02
-6.436198949813842773e-02
1.669498905539512634e-02
1.993108727037906647e-02
2.558344975113868713e-02
3.509995061904191971e-03
2.336770063266158104e-03
3.479049727320671082e-02
4.955742508172988892e-02
4.595172405242919922e-02
-2.511613629758358002e-02
4.513208195567131042e-02
-7.144892588257789612e-03
1.225664839148521423e-02
5.160100990906357765e-04
-6.534548103809356689e-02
-2.945266850292682648e-02
8.897719904780387878e-03
3.806027770042419434e-02
8.006821572780609131e-02
-3.547718375921249390e-02
-1.409089937806129456e-02
2.472051605582237244e-02
-6.645547691732645035e-03
-1.784761250019073486e-02
3.348734695464372635e-03
-2.954891510307788849e-02
-1.485370472073554993e-02
5.490543693304061890e-02
-2.689895592629909515e-02
-1.646399311721324921e-02
2.548469603061676025e-02
-1.959502883255481720e-02
-7.679066807031631470e-02
-2.223163656890392303e-02
-2.791901864111423492e-02
3.416853025555610657e-02
-2.523506619036197662e-02
-1.953477971255779266e-02
-1.755688525736331940e-02
3.659869730472564697e-02
9.043524973094463348e-03
3.031731816008687019e-03
1.004727855324745178e-01
-4.111894965171813965e-02
1.270954497158527374e-02
-5.265904963016510010e-02
4.268150776624679565e-03
-1.651849411427974701e-02
-1.588487811386585236e-02
-1.385692134499549866e-02
-1.811014302074909210e-02
6.548751890659332275e-02
3.094752551987767220e-03
-7.664281129837036133e-02
-2.341917715966701508e-02
-6.873316317796707153e-02
-1.085359975695610046e-02
-5.475897341966629028e-02
1.777291484177112579e-02
4.864996299147605896e-02
-7.577940821647644043e-03
-8.322415500879287720e-02
1.841287687420845032e-02
-1.724261231720447540e-02
-1.023716330528259277e-01
-5.189380049705505371e-02
2.296994812786579132e-02
3.788480535149574280e-02
3.088543377816677094e-02
8.059450238943099976e-02
7.642394304275512695e-02
-3.596706315875053406e-02
-2.156659029424190521e-02
2.330903662368655205e-03
-2.674487046897411346e-02
-3.577099740505218506e-02
-4.858277365565299988e-02
3.125176951289176941e-02
3.078124672174453735e-02
-7.206450402736663818e-02
-5.980704352259635925e-02
7.104808837175369263e-02
7.238858379423618317e-03
-2.648027241230010986e-02
-7.776351273059844971e-02
-4.058635607361793518e-02
8.741106837987899780e-03
1.079310476779937744e-01
-9.573987126350402832e-02
-9.640755504369735718e-02
8.807469275780022144e-04
-7.323006540536880493e-02
7.852607220411300659e-02
-2.009860984981060028e-02
2.955566719174385071e-02
4.553700983524322510e-02
2.749622799456119537e-02
9.697907418012619019e-02
2.447824180126190186e-02
1.592887798324227333e-03
4.576415568590164185e-02
-5.205046758055686951e-02
-5.324470996856689453e-02
2.915594168007373810e-02
2.649925462901592255e-02
5.772988870739936829e-02
-1.435470487922430038e-02
-3.275740519165992737e-02
6.501945853233337402e-02
-1.619767770171165466e-02
2.777134440839290619e-02
-3.768172115087509155e-02
3.806561976671218872e-02
2.639935165643692017e-02
-4.442085325717926025e-02
-3.722168738022446632e-03
-2.076586894690990448e-02
1.200804021209478378e-02
1.213663630187511444e-02
2.009635418653488159e-02
4.718102049082517624e-03
2.044829353690147400e-02
7.944621145725250244e-02
6.572069227695465088e-02
4.100378230214118958e-02
2.071542665362358093e-03
-7.855395972728729248e-02
6.705519556999206543e-02
-2.515201643109321594e-02
8.609393239021301270e-02
4.674991965293884277e-02
-8.045503869652748108e-03
-1.846713200211524963e-02
-4.281303379684686661e-03
-2.016247622668743134e-02
-3.083167038857936859e-02
-3.645282238721847534e-02
-6.290271878242492676e-02
1.395284291356801987e-02
-4.331185296177864075e-02
5.424044653773307800e-02
-1.655371673405170441e-02
1.485773827880620956e-02
-2.690219692885875702e-02
4.265787079930305481e-02
-1.525999885052442551e-02
1.514360774308443069e-02
-6.898537278175354004e-02
1.389086153358221054e-02
2.466494962573051453e-02
3.973073139786720276e-02
-1.674354635179042816e-02
-3.804860636591911316e-03
-4.976465180516242981e-02
-5.153045058250427246e-02
2.300774119794368744e-02
3.460023924708366394e-02
5.546252802014350891e-02
-9.577517956495285034e-02
-3.773717954754829407e-02
4.098724573850631714e-02
-6.475514732301235199e-03
-5.089876428246498108e-02
-2.949478477239608765e-02
-1.953009702265262604e-02
4.911828413605690002e-02
-8.043783903121948242e-02
5.757109448313713074e-02
4.600011929869651794e-02
-7.405637949705123901e-02
4.022909328341484070e-03
-3.911612182855606079e-02
4.583287611603736877e-02
-4.192218929529190063e-02
5.832250788807868958e-02
3.923994675278663635e-02
6.739942729473114014e-02
2.605486195534467697e-03
-4.567093774676322937e-02
-9.316127747297286987e-03
2.320291660726070404e-02
6.747484207153320312e-03
-9.758888930082321167e-02
5.081398412585258484e-02
-7.828530669212341309e-02
-3.964875638484954834e-02
-2.580876648426055908e-02
-8.228829829022288322e-04
-9.355545043945312500e-03
-5.262371618300676346e-03
-4.408121854066848755e-02
-1.005104556679725647e-02
-4.412089008837938309e-03
-7.410586811602115631e-03
3.140012174844741821e-02
8.105657994747161865e-02
-6.481611728668212891e-02
-3.324113786220550537e-02
9.226668626070022583e-03
6.589688360691070557e-02
5.431551858782768250e-02
4.790046438574790955e-02
2.759438566863536835e-02
3.599693253636360168e-02
-5.506839603185653687e-02
-4.569469951093196869e-03
-1.928729005157947540e-03
-4.017189517617225647e-02
5.330273136496543884e-02
-2.228657715022563934e-02
-2.495216031093150377e-04
1.665559411048889160e-02
1.793060079216957092e-02
1.732592284679412842e-02
-1.872420310974121094e-02
-3.229867434129118919e-03
-6.511346250772476196e-02
-4.720208421349525452e-02
-4.717268049716949463e-02
-1.340911816805601120e-02
-4.318221285939216614e-02
9.071221202611923218e-02
2.384296618402004242e-03
-3.495262563228607178e-02
1.060261297971010208e-02
-6.293802708387374878e-02
-2.418571896851062775e-02
-7.253820449113845825e-02
-5.394608713686466217e-03
-5.113536491990089417e-02
1.001934558153152466e-01
4.763820767402648926e-02
1.122963428497314453e-02
7.896643877029418945e-02
-3.465672954916954041e-02
-3.368830308318138123e-02
2.695079706609249115e-02
-5.802568979561328888e-03
-1.371111907064914703e-02
5.877333134412765503e-02
1.953892968595027924e-02
3.700881078839302063e-02
-4.978977143764495850e-02
-2.597137819975614548e-03
-9.168349951505661011e-02
1.284469850361347198e-03
2.532105706632137299e-02
-5.642163753509521484e-02
-6.275421380996704102e-02
6.856474280357360840e-02
-1.113209687173366547e-02
4.788593947887420654e-02
-4.767293110489845276e-03
-3.437257930636405945e-02
-5.180373787879943848e-02
9.022726677358150482e-03
-3.967839106917381287e-02
-4.055150970816612244e-02
-4.337317124009132385e-02
-4.128978028893470764e-02
1.069008186459541321e-01
-7.904046773910522461e-02
9.789215773344039917e-02
-4.022724553942680359e-02
-3.453918918967247009e-02
2.286915481090545654e-02
-6.131691858172416687e-02
-6.823685020208358765e-02
-3.974827006459236145e-02
2.781289629638195038e-02
-3.853726200759410858e-03
-3.198516741394996643e-02
-6.594344228506088257e-02
-3.124995343387126923e-02
-5.746959894895553589e-02
6.863853335380554199e-02
-1.115940604358911514e-02
-1.875749602913856506e-02
5.537961423397064209e-02
1.442242227494716644e-02
9.073359891772270203e-03
1.678289473056793213e-02
-4.945960268378257751e-02
8.435431122779846191e-02
6.250995397567749023e-02
-3.769548609852790833e-02
1.058411411941051483e-02
3.298067301511764526e-02
-6.157061830163002014e-02
1.798094063997268677e-02
1.259805411100387573e-01
-8.017597720026969910e-03
-1.195049379020929337e-02
-2.125154947862029076e-03
1.622756011784076691e-02
7.379140239208936691e-03
-3.317906707525253296e-02
-5.142265930771827698e-02
-4.124845936894416809e-02
-3.767767548561096191e-02
1.166214584372937679e-03
7.895973394624888897e-04
3.115002997219562531e-02
-2.159408666193485260e-02
-4.252835735678672791e-02
5.505061894655227661e-02
-3.686691448092460632e-02
-5.603113397955894470e-02
2.177277766168117523e-02
-2.558472566306591034e-03
-2.647014567628502846e-03
-4.744558781385421753e-02
-6.989371031522750854e-03
-1.255561113357543945e-01
2.614991180598735809e-02
-5.079777166247367859e-02
3.857715288177132607e-03
5.929326638579368591e-03
-7.771683484315872192e-02
-4.886728897690773010e-02
3.139225766062736511e-02
6.834767013788223267e-02
-1.286056824028491974e-02
6.896046549081802368e-02
-2.072697505354881287e-02
3.037741966545581818e-02
1.019576098769903183e-02
4.369220882654190063e-02
-9.816136211156845093e-03
3.015926666557788849e-02
-3.432423993945121765e-02
-3.741100057959556580e-02
-4.114996641874313354e-02
4.279942810535430908e-02
-2.078291401267051697e-02
3.186628594994544983e-02
5.879988521337509155e-02
6.994321942329406738e-03
-1.717713847756385803e-02
-4.707045480608940125e-02
-5.299262236803770065e-03
-9.466928243637084961e-02
6.667728722095489502e-02
-3.283435013145208359e-03
1.539471000432968140e-02
-8.733635768294334412e-03
3.983609750866889954e-02
-5.525351315736770630e-02
8.175991475582122803e-03
1.187215000391006470e-02
4.888980649411678314e-03
-1.706437766551971436e-02
-2.569360285997390747e-02
-6.226794794201850891e-02
-7.474195212125778198e-02
3.726894408464431763e-02
9.558364748954772949e-02
3.696325048804283142e-02
-6.691818684339523315e-02
5.946009233593940735e-02
-1.702113449573516846e-02
1.952443271875381470e-02
-5.010192468762397766e-02
3.783293068408966064e-02
1.149623990058898926e-01
-3.356346115469932556e-02
-4.386162012815475464e-02
2.353911474347114563e-02
4.338969942182302475e-03
-2.443375438451766968e-02
2.232635952532291412e-02
5.190217867493629456e-02
-1.122469361871480942e-02
-1.037838030606508255e-02
5.741441622376441956e-02
7.555127888917922974e-02
-8.204457699321210384e-04
1.205296143889427185e-01
2.432426437735557556e-03
2.930273115634918213e-02
3.165283426642417908e-02
4.038980230689048767e-02
-1.113932952284812927e-01
-3.991201892495155334e-02
-9.737347252666950226e-03
-3.974872455000877380e-02
-5.062827840447425842e-02
4.489130340516567230e-03
-3.559309989213943481e-02
-1.928962953388690948e-02
3.355250926688313484e-03
-3.873980417847633362e-02
-2.397694811224937439e-02
6.015011109411716461e-03
-4.807227477431297302e-02
5.705499090254306793e-03
2.528908476233482361e-02
7.744949311017990112e-02
-1.366413477808237076e-02
-2.330648712813854218e-02
1.845240220427513123e-02
3.212045878171920776e-02
2.750709839165210724e-02
1.865601167082786560e-02
-2.185025624930858612e-02
-2.462401986122131348e-03
-7.483083009719848633e-02
8.987135440111160278e-02
6.806708872318267822e-02
-9.910883754491806030e-02
-3.047050721943378448e-02
-6.173576414585113525e-02
-8.414133638143539429e-02
3.962290659546852112e-02
-9.155005961656570435e-02
-1.500960346311330795e-02
5.135092511773109436e-02
-4.920609667897224426e-02
-7.182966172695159912e-02
-2.091850899159908295e-02
6.269687414169311523e-02
4.975736886262893677e-02
1.252023130655288696e-02
1.101972460746765137e-01
2.088173665106296539e-02
3.012924455106258392e-02
-1.352098677307367325e-02
3.828304260969161987e-02
5.751445889472961426e-02
6.267478317022323608e-02
-5.303025245666503906e-02
-7.203626446425914764e-03
-4.044814035296440125e-02
2.311455458402633667e-02
7.477933913469314575e-02
-5.085328221321105957e-02
-3.148099174723029137e-03
3.177615115419030190e-03
9.972828440368175507e-03
1.418371032923460007e-02
5.358790606260299683e-02
1.451207511126995087e-02
1.569583266973495483e-02
-8.902882039546966553e-02
3.719736123457551003e-03
-8.622161112725734711e-03
-2.631186135113239288e-02
-3.065594099462032318e-02
-1.146271079778671265e-02
-5.853271111845970154e-02
-3.281309735029935837e-03
2.201622910797595978e-02
1.174857988953590393e-01
8.036998659372329712e-02
-3.935233224183320999e-03
-1.344043016433715820e-02
-1.271262113004922867e-02
-4.448784142732620239e-02
1.053088903427124023e-02
6.061375141143798828e-03
1.599797420203685760e-02
3.747599571943283081e-02
2.752124518156051636e-02
-1.617014594376087189e-02
8.326720446348190308e-02
-4.016251116991043091e-02
3.693759068846702576e-02
-3.768942877650260925e-02
1.407947111874818802e-02
1.060428470373153687e-02
2.071528695523738861e-02
5.185713618993759155e-02
-4.297731071710586548e-02
3.118341974914073944e-02
-8.050738275051116943e-02
2.620272524654865265e-02
-6.369782984256744385e-02
-2.518665418028831482e-02
-9.112471714615821838e-03
-2.622864395380020142e-02
-1.744714006781578064e-02
1.053868420422077179e-02
1.068972703069448471e-02
1.151981763541698456e-03
-6.801519542932510376e-02
-4.063287749886512756e-02
3.884150087833404541e-02
4.254394024610519409e-02
6.099320203065872192e-02
4.721434041857719421e-02
-1.008204966783523560e-01
2.685704082250595093e-02
-6.006019189953804016e-02
4.935504868626594543e-02
1.154023193521425128e-04
1.626736670732498169e-02
-9.332117438316345215e-02
3.513297438621520996e-02
8.600662648677825928e-02
2.169616520404815674e-02
-8.191748522222042084e-03
-5.927217379212379456e-02
9.009401313960552216e-03
9.413751214742660522e-02
1.683488860726356506e-02
-2.452802285552024841e-02
4.535406455397605896e-02
2.399243414402008057e-02
-4.923818632960319519e-02
5.683774873614311218e-02
-5.967906210571527481e-03
7.365609705448150635e-02
-4.376604035496711731e-02
6.818429380655288696e-02
5.772301927208900452e-02
-1.159682273864746094e-01
1.219686307013034821e-02
-5.731138586997985840e-02
-2.147301100194454193e-02
3.232243284583091736e-02
2.741676382720470428e-02
1.465055253356695175e-02
5.749090015888214111e-02
2.391327917575836182e-02
1.381775829941034317e-02
6.487668305635452271e-02
4.686670377850532532e-03
9.199675987474620342e-04
-1.977604255080223083e-02
6.301524583250284195e-03
-4.387184977531433105e-02
7.071399688720703125e-02
-9.097787737846374512e-02
2.384395897388458252e-02
7.342379540205001831e-02
4.533458501100540161e-02
5.339739844202995300e-02
1.018946990370750427e-01
-7.617146521806716919e-02
9.342397749423980713e-02
1.674652472138404846e-02
3.231360018253326416e-02
5.644587799906730652e-03
4.624673631042242050e-03
4.900371283292770386e-02
-5.913395434617996216e-02
6.183791533112525940e-02
-3.302272781729698181e-02
-5.452325567603111267e-02
-4.090337455272674561e-02
1.521935872733592987e-02
-9.042109549045562744e-02
7.732976227998733521e-02
3.045303001999855042e-02
5.676503479480743408e-02
2.322918176651000977e-02
-6.429461389780044556e-02
-3.332352265715599060e-02
-1.183746941387653351e-02
-4.595918953418731689e-02
-8.773916959762573242e-02
-3.332858160138130188e-02
-9.821712970733642578e-03
1.104017347097396851e-02
-4.776141420006752014e-02
4.879416897892951965e-02
2.117604762315750122e-02
-2.917550876736640930e-02
-9.287655353546142578e-03
-2.000223100185394287e-02
-2.221364900469779968e-02
-5.579329282045364380e-02
8.761531673371791840e-03
-2.317842096090316772e-02
1.802085526287555695e-02
-3.659314289689064026e-02
-2.615339308977127075e-02
-4.576565697789192200e-02
7.988904602825641632e-03
-1.783774793148040771e-02
4.021967202425003052e-02
1.372090820223093033e-02
6.968759745359420776e-02
1.465111598372459412e-02
7.768211513757705688e-02
-2.324611321091651917e-02
4.922055639326572418e-03
-9.331894107162952423e-03
-7.459581643342971802e-02
9.238669276237487793e-02
-3.437977051362395287e-03
1.860145106911659241e-02
-4.682410508394241333e-02
8.493500947952270508e-02
-3.647099062800407410e-02
-5.471837148070335388e-02
3.022895008325576782e-02
2.040761522948741913e-02
2.813623286783695221e-02
8.044809103012084961e-02
-9.476450830698013306e-02
-1.524759642779827118e-02
-2.174393646419048309e-02
-2.964149415493011475e-02
4.970614239573478699e-02
-1.604220457375049591e-02
-6.736620794981718063e-03
-1.030277311801910400e-01
6.041052564978599548e-02
-3.385731205344200134e-02
7.868786156177520752e-02
8.369290269911289215e-03
1.965643651783466339e-02
7.831823080778121948e-02
-9.004257619380950928e-02
-8.116082847118377686e-02
2.198307774960994720e-02
5.214735493063926697e-02
5.935707315802574158e-02
6.594929844141006470e-02
2.477017231285572052e-02
1.315118093043565750e-02
3.959830477833747864e-02
1.392188295722007751e-02
4.441558942198753357e-02
4.019619897007942200e-02
4.839808971155434847e-04
2.966199629008769989e-02
-1.967218145728111267e-02
-3.725853562355041504e-02
-1.204940769821405411e-02
-7.341557741165161133e-02
-1.666899956762790680e-02
-1.177759561687707901e-02
7.748689502477645874e-02
-6.983929872512817383e-02
4.032486118376255035e-03
5.057125817984342575e-03
2.404601126909255981e-02
-3.036805614829063416e-02
5.316824465990066528e-02
4.375370044726878405e-04
-1.544440910220146179e-02
9.542668238282203674e-03
-7.689714431762695312e-02
1.794776506721973419e-02
5.404686182737350464e-02
-3.885397315025329590e-02
2.455860190093517303e-02
8.073529601097106934e-02
4.893036186695098877e-02
7.416579127311706543e-02
-6.542641669511795044e-02
-3.194827958941459656e-02
7.641364634037017822e-02
2.770973742008209229e-02
-1.196741592139005661e-02
-7.193226367235183716e-02
-9.515458717942237854e-03
-3.232643008232116699e-02
-3.947426751255989075e-02
7.330823689699172974e-02
1.630098931491374969e-02
-6.521419435739517212e-02
2.587649039924144745e-02
7.636742293834686279e-02
-4.039460048079490662e-02
-4.649062454700469971e-02
4.073822498321533203e-02
6.427305191755294800e-02
9.639647603034973145e-02
4.464079812169075012e-02
-9.363230317831039429e-02
1.966179907321929932e-02
1.862226240336894989e-02
7.838267832994461060e-02
-6.901469081640243530e-02
5.388851091265678406e-02
-1.536117866635322571e-02
6.694204173982143402e-03
-9.247241169214248657e-02
4.990898538380861282e-03
-3.685918822884559631e-02
6.823951750993728638e-02
-4.559235647320747375e-02
-3.293469920754432678e-02
8.460855111479759216e-03
-9.106507152318954468e-02
-2.736340044066309929e-03
5.918913707137107849e-02
-1.658175885677337646e-02
-3.982339799404144287e-02
7.809408754110336304e-02
-3.900959622114896774e-03
6.116116046905517578e-02
4.521904140710830688e-02
-1.696932688355445862e-02
-1.169785275124013424e-03
-3.144217887893319130e-03
5.689584836363792419e-02
4.838109761476516724e-02
3.961984533816576004e-03
6.058417493477463722e-04
1.728400401771068573e-02
-5.484312400221824646e-02
5.140574276447296143e-02
2.576298266649246216e-02
4.330382216721773148e-03
6.806611269712448120e-02
8.120317757129669189e-02
-2.565251104533672333e-02
2.606040611863136292e-02
3.498709946870803833e-02
-5.337263643741607666e-02
-2.365440875291824341e-02
3.645396232604980469e-02
-1.323841698467731476e-02
-3.299077227711677551e-02
-3.508820012211799622e-02
-8.402928709983825684e-02
5.805870518088340759e-02
-1.194162014871835709e-02
1.508356258273124695e-02
2.333025634288787842e-02
-8.052548766136169434e-02
-3.457163274288177490e-02
-2.361747063696384430e-02
-4.716808721423149109e-02
3.093606419861316681e-02
-1.372683886438608170e-02
-4.165495932102203369e-02
9.867442771792411804e-03
5.385375767946243286e-02
7.497180253267288208e-02
-4.335460066795349121e-02
-1.682559028267860413e-02
6.206301227211952209e-02
-1.783684082329273224e-02
-5.025519058108329773e-03
1.696826703846454620e-02
-3.467622026801109314e-02
-2.152837440371513367e-02
6.305944174528121948e-03
4.455402027815580368e-03
7.223578542470932007e-02
1.223298441618680954e-02
-2.482071705162525177e-02
4.657138884067535400e-02
-4.586095362901687622e-02
2.455235458910465240e-02
2.284615859389305115e-02
-1.038829796016216278e-03
-4.327369481325149536e-02
1.403846661560237408e-03
-8.075447380542755127e-02
-8.507839404046535492e-03
-2.412165701389312744e-02
-9.862455725669860840e-02
3.032930754125118256e-02
1.074399575591087341e-01
6.257034093141555786e-02
-6.115622445940971375e-02
-1.000041961669921875e-01
-1.875728741288185120e-02
-7.219027262181043625e-03
-4.116702824831008911e-02
-1.036723628640174866e-01
1.034244243055582047e-02
-5.106050893664360046e-02
-6.135164760053157806e-03
-3.425132855772972107e-02
-3.071209229528903961e-02
-2.770479209721088409e-02
9.888278692960739136e-02
4.108827561140060425e-02
-6.812507659196853638e-02
-1.363523397594690323e-02
-5.035941302776336670e-02
-3.351195529103279114e-02
1.664194837212562561e-02
-1.848170068114995956e-03
1.963595859706401825e-02
4.837973415851593018e-02
7.231399416923522949e-02
9.011535346508026123e-02
4.031787067651748657e-02
-3.890766948461532593e-02
-1.599039696156978607e-02
-2.111746231094002724e-03
1.580194942653179169e-02
3.682813048362731934e-02
2.070988714694976807e-02
-4.943676758557558060e-03
2.171001769602298737e-02
-5.469644069671630859e-02
-1.510658022016286850e-02
3.689538687467575073e-02
5.581839010119438171e-02
-2.412408590316772461e-03
7.065877318382263184e-02
4.207402095198631287e-02
-6.804885715246200562e-02
-5.286536365747451782e-02
4.673963040113449097e-02
-1.655967091210186481e-03
7.634854875504970551e-03
-8.975777775049209595e-03
2.729331515729427338e-02
1.661796495318412781e-02
1.731667295098304749e-02
-4.709167033433914185e-02
6.870947778224945068e-02
-8.178339898586273193e-02
5.215461831539869308e-03
3.570428525563329458e-04
-8.695483207702636719e-02
4.791604727506637573e-02
4.257215932011604309e-02
-4.689426161348819733e-03
-4.020112566649913788e-03
7.023537904024124146e-02
4.040038213133811951e-02
1.295066718012094498e-02
5.309402942657470703e-02
-9.034311026334762573e-02
-3.934986144304275513e-02
-1.994129084050655365e-02
1.428339909762144089e-02
1.586879044771194458e-02
-2.557936497032642365e-02
-1.772653777152299881e-03
7.471881806850433350e-02
-2.059629373252391815e-02
-3.013498708605766296e-02
5.363886430859565735e-02
2.345285750925540924e-02
-1.532405149191617966e-03
6.766323000192642212e-02
4.460662230849266052e-02
6.185723468661308289e-03
4.320657625794410706e-02
1.797755062580108643e-02
2.748081833124160767e-02
-2.837519533932209015e-02
9.534246288239955902e-03
5.801265314221382141e-02
5.638766288757324219e-02
4.245211556553840637e-02
-3.137871623039245605e-02
3.871514275670051575e-02
-3.763426095247268677e-02
-7.024996727705001831e-02
5.891329422593116760e-02
8.920667693018913269e-03
-3.035492077469825745e-02
-1.111622992902994156e-02
-9.781382977962493896e-03
-4.392080008983612061e-02
2.725244686007499695e-02
5.152514204382896423e-02
1.537912245839834213e-02
-2.240454778075218201e-02
3.463192284107208252e-02
-3.177382424473762512e-02
-2.986513450741767883e-02
2.183549950132146478e-04
-3.326917439699172974e-02
-3.911706805229187012e-02
-3.116117604076862335e-02
-3.230180218815803528e-02
-7.953470945358276367e-02
-2.281969040632247925e-02
2.368620224297046661e-02
4.533133283257484436e-02
-6.480894237756729126e-02
2.636618912220001221e-02
-4.927956685423851013e-02
3.872700408101081848e-02
-1.203256193548440933e-02
-9.196734987199306488e-03
3.805949538946151733e-02
-1.913254335522651672e-02
-5.021206662058830261e-02
5.937564186751842499e-03
2.652232721447944641e-02
8.545142482034862041e-04
9.300481528043746948e-02
-2.244888991117477417e-02
-9.615745395421981812e-03
-2.700727991759777069e-02
7.307383697479963303e-03
1.086000353097915649e-02
-1.022215234115719795e-03
