6.373157352209091187e-02
1.039254516363143921e-01
-5.011020228266716003e-02
1.896738633513450623e-02
3.942414745688438416e-02
3.065896965563297272e-02
4.461631923913955688e-02
4.704224690794944763e-02
-3.644589334726333618e-02
-7.084025442600250244e-02
-3.301573544740676880e-02
3.161869943141937256e-02
3.893562778830528259e-02
1.314568668603897095e-01
-2.950018271803855896e-02
-2.472501806914806366e-02
4.020408168435096741e-02
-3.110713697969913483e-02
2.114948257803916931e-02
1.129273005062714219e-04
-5.072584003210067749e-02
-4.008174687623977661e-02
7.680992782115936279e-02
-3.708816692233085632e-02
-6.891366839408874512e-02
-6.367122754454612732e-03
5.090872873552143574e-04
-5.410690605640411377e-02
8.970406651496887207e-02
4.855185374617576599e-02
-6.601656973361968994e-02
-1.140785366296768188e-01
-6.048261374235153198e-02
-3.965524211525917053e-02
2.604553289711475372e-02
-1.058375579304993153e-03
-4.938132315874099731e-02
-4.975256975740194321e-03
-3.620446845889091492e-02
-3.215160220861434937e-02
-2.107511274516582489e-02
-4.393609985709190369e-02
-2.193232439458370209e-02
2.899616584181785583e-02
2.267670119181275368e-03
3.727393690496683121e-03
-2.738930657505989075e-02
-4.989621788263320923e-02
-4.618134722113609314e-02
5.482767149806022644e-02
2.834701165556907654e-02
4.960958380252122879e-03
-5.654095113277435303e-02
-4.532777518033981323e-02
-4.843182861804962158e-03
1.156015321612358093e-02
-5.746849626302719116e-02
3.923753276467323303e-02
9.227253496646881104e-03
1.448291353881359100e-02
4.501228034496307373e-02
4.637106880545616150e-02
-3.310338407754898071e-02
-8.144678547978401184e-03
-7.262013386934995651e-03
-2.447752282023429871e-02
4.215950518846511841e-02
6.265740096569061279e-02
-6.521810591220855713e-02
5.458221957087516785e-02
1.757235638797283173e-02
-1.022722665220499039e-02
-2.666833065450191498e-02
-6.755001842975616455e-02
5.159499123692512512e-02
8.049299940466880798e-03
-9.729719720780849457e-03
-9.493140131235122681e-02
-3.713973239064216614e-02
2.351066656410694122e-02
-2.689912542700767517e-02
-3.993537276983261108e-02
-1.560150180011987686e-02
-4.312586039304733276e-02
4.123139008879661560e-02
5.267513543367385864e-02
5.584409460425376892e-02
1.043481566011905670e-02
-4.014220088720321655e-02
3.309359401464462280e-02
4.757445130962878466e-04
-4.124019760638475418e-03
-7.168814539909362793e-02
-5.549079924821853638e-02
9.007380343973636627e-03
6.634624302387237549e-02
-4.198503680527210236e-03
-1.835625432431697845e-02
-2.365527674555778503e-02
3.389993682503700256e-02
-8.127226494252681732e-03
6.186024844646453857e-02
3.753498196601867676e-02
-1.468828693032264709e-02
-1.648325473070144653e-02
6.759539246559143066e-02
-5.441868677735328674e-02
-1.466620899736881256e-02
8.026280440390110016e-03
-5.342352762818336487e-02
-1.285692676901817322e-02
3.464126214385032654e-02
3.312122449278831482e-02
-1.951241865754127502e-02
4.081349819898605347e-02
-4.691153392195701599e-02
7.225795090198516846e-02
9.480026783421635628e-04
-1.646381057798862457e-02
5.368912220001220703e-02
-4.705970734357833862e-02
-6.131884176284074783e-03
9.051665663719177246e-02
7.087262813001871109e-03
1.072375103831291199e-02
-8.305490016937255859e-02
-2.080218307673931122e-02
-7.347559183835983276e-02
-3.426669538021087646e-02
4.893863201141357422e-02
-2.627731533721089363e-03
3.283585608005523682e-02
5.689688771963119507e-02
3.897523880004882812e-02
2.045225910842418671e-02
5.233531445264816284e-02
4.265898838639259338e-02
-3.222515806555747986e-02
8.003623783588409424e-02
-2.459989301860332489e-02
3.438127040863037109e-02
-3.696819301694631577e-03
4.292507469654083252e-02
2.054864540696144104e-02
-1.471119001507759094e-02
5.936358869075775146e-02
-2.993155457079410553e-02
3.165584057569503784e-02
-2.783993072807788849e-02
1.915116421878337860e-02
2.794061042368412018e-02
-7.451094686985015869e-02
5.248939152806997299e-03
8.785693347454071045e-02
6.798435747623443604e-02
-2.754480950534343719e-02
7.540293782949447632e-02
-1.856233552098274231e-02
-1.703933626413345337e-02
9.114528447389602661e-02
4.073808714747428894e-02
6.157116591930389404e-02
-3.742458298802375793e-02
-1.749156601727008820e-02
-6.728322058916091919e-02
-5.534828454256057739e-02
-3.104625828564167023e-02
-2.623977512121200562e-02
-5.767462030053138733e-02
3.199752047657966614e-02
-8.266092091798782349e-02
3.348285099491477013e-04
2.914126589894294739e-02
-3.788581117987632751e-02
-2.963132783770561218e-02
3.314833343029022217e-02
-2.397299185395240784e-02
5.321159027516841888e-03
-5.749181285500526428e-02
-4.915684461593627930e-03
2.377464063465595245e-02
-2.484467811882495880e-02
-8.906567841768264771e-02
-4.039358720183372498e-02
-1.318015344440937042e-02
-9.930963814258575439e-02
-5.467180907726287842e-02
-5.879772454500198364e-02
-2.997980453073978424e-02
-1.322100986726582050e-03
-4.122615605592727661e-02
8.303685113787651062e-03
-3.377560293301939964e-03
2.759064920246601105e-02
3.675006330013275146e-02
2.562382444739341736e-02
2.429053187370300293e-02
-6.810181587934494019e-02
7.356702536344528198e-02
2.945874817669391632e-02
-3.502124547958374023e-02
-3.937554359436035156e-02
-1.587324030697345734e-02
7.582493592053651810e-03
1.380008459091186523e-02
-1.859379559755325317e-02
1.880578324198722839e-02
-7.666044868528842926e-03
1.473494712263345718e-02
-5.228171497583389282e-02
1.968501694500446320e-02
-9.346096776425838470e-03
-3.095237072557210922e-03
-5.638387426733970642e-02
3.906721249222755432e-03
-2.403155900537967682e-02
9.929739683866500854e-02
-6.962393224239349365e-02
5.356602370738983154e-02
1.213530004024505615e-01
-3.498420864343643188e-02
-3.664303198456764221e-02
3.049072623252868652e-02
4.220487549901008606e-02
3.260585293173789978e-02
9.090279228985309601e-03
1.876860857009887695e-02
5.062272772192955017e-02
4.791174829006195068e-02
-3.877352178096771240e-02
-4.852287471294403076e-02
-2.584660891443490982e-03
-3.123606927692890167e-02
3.253302350640296936e-02
-7.312095910310745239e-02
6.454635411500930786e-02
7.053115405142307281e-03
1.339753530919551849e-02
5.071890354156494141e-02
-5.274496972560882568e-02
-1.528305280953645706e-02
-3.274865821003913879e-02
-2.501849085092544556e-02
2.030755765736103058e-02
4.062701016664505005e-02
-8.200511336326599121e-02
5.679114535450935364e-02
-4.079645127058029175e-02
-2.954216115176677704e-02
7.908453233540058136e-03
-2.602900494821369648e-04
5.886469408869743347e-02
5.805501714348793030e-02
-3.547256439924240112e-02
9.681371599435806274e-02
-2.375666983425617218e-03
2.751533873379230499e-02
1.312453066930174828e-03
1.408488489687442780e-02
-3.637171909213066101e-02
-5.462533608078956604e-02
-3.180929645895957947e-02
2.277925796806812286e-02
4.673813283443450928e-02
-1.452482212334871292e-02
-2.349968999624252319e-02
-1.170640811324119568e-02
3.420988097786903381e-02
-5.498500913381576538e-02
2.851621620357036591e-02
-5.218908935785293579e-02
6.143482774496078491e-02
-3.787647187709808350e-02
1.372944843024015427e-02
3.324259817600250244e-02
-2.943792752921581268e-02
-6.095275655388832092e-02
9.103083610534667969e-02
-3.606641665101051331e-02
-5.366440862417221069e-02
-1.325373351573944092e-01
1.502645108848810196e-02
1.870786584913730621e-02
-3.304812125861644745e-03
6.463192403316497803e-02
1.013777963817119598e-02
1.215995475649833679e-02
2.400111965835094452e-02
-3.510289534460753202e-04
-3.861164301633834839e-02
1.027836948633193970e-01
3.706216067075729370e-02
2.519962377846240997e-02
-5.134042352437973022e-02
1.094317585229873657e-01
-2.758374996483325958e-02
2.288040332496166229e-02
-2.131198067218065262e-03
-1.080620735883712769e-01
3.685537353157997131e-02
-8.609828352928161621e-02
7.863485813140869141e-02
-1.124172285199165344e-02
1.329240668565034866e-02
1.801048032939434052e-02
-2.190449647605419159e-02
7.290006615221500397e-03
-8.495394140481948853e-02
1.047379686497151852e-03
-4.540254548192024231e-02
7.083892077207565308e-02
8.512614294886589050e-03
-2.753060311079025269e-02
-7.946478575468063354e-02
2.362614125013351440e-02
-7.096771150827407837e-02
4.597492516040802002e-02
2.280613593757152557e-02
3.156178817152976990e-02
6.828752160072326660e-02
5.906628444790840149e-03
-3.609595075249671936e-02
3.780519589781761169e-02
4.265943914651870728e-02
9.198867715895175934e-03
2.047834917902946472e-02
-2.476088143885135651e-02
-5.658101756125688553e-03
-1.255359593778848648e-02
3.588368743658065796e-02
-3.399004414677619934e-02
-1.088869478553533554e-02
-2.715772762894630432e-02
9.803080558776855469e-02
-9.362904727458953857e-02
2.989379875361919403e-02
-5.286755505949258804e-03
1.311299856752157211e-03
5.075989291071891785e-02
-2.658846788108348846e-02
1.275340467691421509e-01
-2.417439594864845276e-02
-6.886757165193557739e-02
9.556974284350872040e-03
2.144948020577430725e-02
-2.945153042674064636e-02
5.401581153273582458e-02
5.808655917644500732e-02
1.431387756019830704e-02
5.650603771209716797e-02
7.710824906826019287e-02
-1.734163425862789154e-02
7.595409639179706573e-03
3.048159927129745483e-02
4.815739020705223083e-02
6.602063775062561035e-02
-9.247520007193088531e-03
8.494866639375686646e-02
3.506645187735557556e-02
6.140722706913948059e-02
5.795814841985702515e-02
4.065929353237152100e-02
8.290633559226989746e-02
-4.438082501292228699e-02
-2.258389815688133240e-02
9.045819751918315887e-03
-9.604246588423848152e-04
2.963714115321636200e-02
-7.206030935049057007e-02
-1.129783131182193756e-02
2.460007928311824799e-02
2.396538853645324707e-02
7.309472560882568359e-02
1.035037040710449219e-01
4.861933737993240356e-02
5.334331467747688293e-02
5.164800211787223816e-02
-5.534097552299499512e-03
-6.741617619991302490e-02
4.588986746966838837e-03
-6.513029336929321289e-02
3.410846367478370667e-02
4.130518995225429535e-03
2.006458118557929993e-02
1.538330502808094025e-02
-2.235533436760306358e-03
-3.015710599720478058e-02
-6.295992434024810791e-02
3.694611415266990662e-02
7.878054678440093994e-02
-3.114745207130908966e-02
5.619804561138153076e-02
-9.532019495964050293e-03
-2.173543907701969147e-02
-2.322155609726905823e-02
6.497352570295333862e-02
5.200691055506467819e-03
6.874932348728179932e-02
5.411687120795249939e-02
1.302312314510345459e-01
5.434697493910789490e-02
3.145280107855796814e-02
5.364561453461647034e-02
3.358482569456100464e-02
-4.011313244700431824e-02
6.733148358762264252e-03
-1.715133339166641235e-02
5.502640735357999802e-03
2.686490863561630249e-02
-2.830348443239927292e-03
-5.011683329939842224e-02
-4.736443608999252319e-02
-3.056469373404979706e-02
2.796787954866886139e-02
6.606732495129108429e-03
6.385040935128927231e-03
4.145121946930885315e-02
2.625983208417892456e-03
-3.002006188035011292e-02
-4.124856367707252502e-02
6.475669890642166138e-02
-8.308821171522140503e-02
-8.739219047129154205e-03
-3.241563960909843445e-02
2.710497006773948669e-02
-7.901279628276824951e-02
-3.420202434062957764e-02
-2.500852197408676147e-02
-3.150133788585662842e-02
2.622650936245918274e-02
-2.862290292978286743e-02
-5.181314796209335327e-02
2.507617324590682983e-02
-2.521273680031299591e-02
-4.946532100439071655e-02
-9.285327047109603882e-02
-2.176954224705696106e-02
-4.031220450997352600e-02
-1.686108298599720001e-02
-4.174946993589401245e-02
-7.885947823524475098e-02
-8.266612887382507324e-03
-7.947529852390289307e-02
5.317301489412784576e-03
-2.301968401297926903e-03
3.529108315706253052e-02
9.593551047146320343e-03
-1.006544902920722961e-01
3.936761058866977692e-03
-9.389621764421463013e-02
-1.735419966280460358e-02
1.090651261620223522e-03
-4.996486753225326538e-02
-1.197777613997459412e-01
7.336225826293230057e-04
1.029381752014160156e-01
2.998704090714454651e-02
-6.921245157718658447e-02
1.608166843652725220e-02
8.299708366394042969e-03
4.675044491887092590e-02
3.916380926966667175e-02
-4.958005622029304504e-02
4.632207099348306656e-03
5.332123488187789917e-02
-5.972900614142417908e-02
1.786569692194461823e-02
2.022033790126442909e-03
5.556301772594451904e-02
2.960647828876972198e-02
2.353161945939064026e-02
-2.263091690838336945e-02
8.058199658989906311e-03
-7.857096195220947266e-02
-4.229617188684642315e-04
3.527462482452392578e-02
6.883246451616287231e-02
-1.699111610651016235e-02
6.623935699462890625e-02
2.349114045500755310e-02
-5.646181758493185043e-03
1.897536963224411011e-02
-3.695827210322022438e-03
8.291067183017730713e-02
-3.172798827290534973e-02
7.256848365068435669e-02
6.359478086233139038e-02
-1.226123329252004623e-02
-2.547517418861389160e-02
-1.187625061720609665e-02
-3.486838191747665405e-02
3.729346394538879395e-02
2.492686361074447632e-02
-5.241083353757858276e-02
-2.985474094748497009e-02
1.638047769665718079e-02
2.846133138518780470e-04
1.659553870558738708e-02
4.035131633281707764e-02
-5.384889990091323853e-02
-4.861183464527130127e-02
3.055457584559917450e-02
-6.520296633243560791e-02
-2.708518877625465393e-02
-2.993520721793174744e-02
1.140257460065186024e-03
3.811614960432052612e-02
-5.056436173617839813e-03
2.395731210708618164e-02
-4.487793892621994019e-02
4.067697748541831970e-02
2.227428369224071503e-02
-2.374376729130744934e-02
5.991784483194351196e-02
-1.404298283159732819e-02
-3.572436794638633728e-02
-8.600166067481040955e-03
1.005677320063114166e-02
-3.602568805217742920e-02
1.050783395767211914e-01
-1.028295606374740601e-01
2.214424125850200653e-02
-5.296101048588752747e-02
2.070880960673093796e-03
-4.813875630497932434e-02
-1.721560955047607422e-03
4.444819316267967224e-02
8.171902969479560852e-03
-6.617129594087600708e-02
3.154316917061805725e-02
-4.256685264408588409e-03
2.196077629923820496e-02
4.474167153239250183e-02
-1.475987434387207031e-01
8.295549452304840088e-02
-1.025627553462982178e-02
-5.555604584515094757e-03
3.124742535874247551e-03
1.421113871037960052e-02
-2.771847136318683624e-02
-8.217134512960910797e-03
-6.906885653734207153e-02
2.394127659499645233e-02
6.967031955718994141e-02
6.157360598444938660e-02
9.008028544485569000e-03
5.457216873764991760e-02
-3.569490090012550354e-02
-9.014348615892231464e-04
5.276437103748321533e-02
8.868026733398437500e-02
7.509955763816833496e-02
-5.394627898931503296e-02
-3.706187242642045021e-03
1.312330365180969238e-01
1.617152360267937183e-03
4.184945137239992619e-04
9.967402368783950806e-02
1.131991855800151825e-02
-4.570553824305534363e-02
7.407634519040584564e-03
2.410337142646312714e-02
2.380316145718097687e-02
-8.827237412333488464e-03
-4.311805590987205505e-02
2.515715546905994415e-02
-3.216940909624099731e-02
2.371218428015708923e-02
-7.912850379943847656e-02
-2.281651087105274200e-02
2.195223001763224602e-03
-2.985694631934165955e-02
1.404410135000944138e-02
1.515010092407464981e-02
-1.240386255085468292e-02
-1.179963648319244385e-01
-1.129990909248590469e-02
-1.083582192659378052e-01
3.731477539986371994e-03
-2.909027226269245148e-02
-9.174341335892677307e-03
-3.732529655098915100e-02
3.157943114638328552e-02
-1.782895298674702644e-03
8.555694483220577240e-03
1.853982917964458466e-02
-6.312929093837738037e-02
2.504346519708633423e-02
-9.083321690559387207e-02
9.421156346797943115e-02
8.954261988401412964e-02
1.408606767654418945e-03
4.662811756134033203e-02
2.007360570132732391e-02
8.399840444326400757e-03
-8.120817691087722778e-02
8.006897568702697754e-02
-1.533116865903139114e-02
5.518198385834693909e-02
-4.640966653823852539e-04
-2.492060512304306030e-02
-2.202722802758216858e-02
7.426363974809646606e-02
9.664137661457061768e-02
1.505496259778738022e-02
-3.258489072322845459e-02
1.949317008256912231e-02
5.167648568749427795e-02
3.551253816112875938e-03
-2.083216793835163116e-02
-7.428302615880966187e-02
7.601153571158647537e-03
-8.881581015884876251e-03
-5.474457517266273499e-03
5.134827457368373871e-03
-7.718753814697265625e-02
1.585357077419757843e-02
-4.636587202548980713e-02
2.307189442217350006e-02
4.350226745009422302e-02
8.632353693246841431e-02
5.151927843689918518e-02
-1.732525601983070374e-02
8.375979959964752197e-02
4.377475008368492126e-02
-5.902599543333053589e-02
-7.585550844669342041e-02
1.078932452946901321e-02
-2.502852817997336388e-03
-5.749608576297760010e-02
-6.274210754781961441e-03
-1.813795976340770721e-02
4.976052045822143555e-02
-1.977522298693656921e-02
-2.506119944155216217e-02
-4.746975749731063843e-02
1.248702220618724823e-02
2.936530858278274536e-02
6.683562695980072021e-02
-3.971767798066139221e-02
2.317569591104984283e-02
8.628673106431961060e-02
7.735453080385923386e-03
-1.382435765117406845e-02
6.910998374223709106e-02
6.720555573701858521e-02
-5.197588726878166199e-02
8.179485052824020386e-02
-1.366804540157318115e-02
-6.280547240749001503e-04
6.333653628826141357e-02
3.764247056096792221e-03
-5.191911011934280396e-02
-2.750035142526030540e-03
7.546693086624145508e-02
2.716230042278766632e-02
8.657325059175491333e-02
-1.561686862260103226e-02
3.161692991852760315e-02
-1.017863750457763672e-01
-1.298200571909546852e-03
7.312421686947345734e-03
2.155533619225025177e-02
2.809808403253555298e-02
5.067014321684837341e-02
-6.678795814514160156e-02
-1.592763885855674744e-02
-7.778330892324447632e-02
-7.484464347362518311e-02
-1.892500370740890503e-02
8.009087760001420975e-04
-5.035461857914924622e-02
7.571709901094436646e-02
-8.303273469209671021e-03
-4.185880720615386963e-02
-8.392138034105300903e-02
7.330717984586954117e-03
2.844305895268917084e-02
-1.571764610707759857e-02
-7.347854552790522575e-04
6.434711813926696777e-02
6.621355656534433365e-03
4.354271665215492249e-02
-1.121284216642379761e-01
-7.463201880455017090e-03
-3.144229948520660400e-02
-1.412421278655529022e-02
-1.296031288802623749e-02
1.581590855494141579e-03
3.797675599344074726e-04
7.678300887346267700e-02
1.772691309452056885e-02
8.012950420379638672e-04
1.878627762198448181e-02
1.832911185920238495e-02
3.050249069929122925e-02
5.745064467191696167e-02
-5.140967201441526413e-03
5.280303210020065308e-02
4.656787961721420288e-02
3.706016391515731812e-02
-5.513292551040649414e-02
5.646397545933723450e-02
-4.461245611310005188e-03
1.191682554781436920e-02
3.791662305593490601e-02
-1.587035320699214935e-02
-2.108543179929256439e-02
1.933155208826065063e-02
8.731742203235626221e-02
-2.060263184830546379e-03
-1.814826158806681633e-03
5.204913392663002014e-02
4.671194124966859818e-03
2.595969103276729584e-02
-2.120854519307613373e-02
6.373945623636245728e-02
7.490093261003494263e-02
4.355091601610183716e-02
-6.575066596269607544e-02
9.498770348727703094e-03
2.666338346898555756e-02
-4.575667530298233032e-02
-4.054443165659904480e-02
4.249902442097663879e-02
1.054195221513509750e-03
2.841451764106750488e-02
3.856172412633895874e-02
-3.827844746410846710e-03
1.062415447086095810e-02
6.990189664065837860e-03
-4.271928966045379639e-02
2.450675936415791512e-03
5.450308322906494141e-02
-1.025160681456327438e-02
2.937966957688331604e-02
-1.878367364406585693e-02
4.995746910572052002e-02
2.669443376362323761e-02
-1.594456471502780914e-02
-1.771835610270500183e-02
2.810150384902954102e-02
2.992817759513854980e-02
6.828616559505462646e-02
3.136983839794993401e-03
-3.786023706197738647e-02
-5.663483589887619019e-02
-6.192765757441520691e-02
2.208064123988151550e-02
-1.416728086769580841e-02
5.222831293940544128e-02
-5.262660980224609375e-02
1.884533651173114777e-02
-9.336213022470474243e-02
8.946861326694488525e-02
5.177927017211914062e-02
9.499411098659038544e-03
4.720713943243026733e-03
5.163256078958511353e-02
-1.014769263565540314e-02
-2.145203016698360443e-02
3.305615484714508057e-02
1.664883084595203400e-02
3.554836660623550415e-02
-1.950503699481487274e-02
9.177895635366439819e-02
-1.059544607996940613e-01
1.498926524072885513e-02
-1.419469155371189117e-02
2.105522667989134789e-03
-1.403013337403535843e-02
-1.366073917597532272e-02
8.608955889940261841e-02
-7.285546977072954178e-03
3.677336871623992920e-02
-2.795701846480369568e-02
-6.212284043431282043e-02
6.368573755025863647e-02
5.563282221555709839e-02
-1.623242348432540894e-02
2.185774967074394226e-02
-4.196987021714448929e-03
-6.939722597599029541e-02
4.341226443648338318e-02
-2.422485686838626862e-02
1.533421687781810760e-02
-2.185975201427936554e-02
-6.251212675124406815e-03
-4.976314958184957504e-03
7.698367536067962646e-02
1.485988730564713478e-03
-5.241545289754867554e-02
-1.321804523468017578e-02
-3.035600855946540833e-02
5.614308640360832214e-02
2.478629723191261292e-02
-4.174061119556427002e-02
-2.689186483621597290e-02
5.790067091584205627e-02
9.006710723042488098e-03
4.142103344202041626e-02
1.753983274102210999e-02
3.546334803104400635e-02
-3.316619619727134705e-02
1.172464247792959213e-02
7.451473921537399292e-02
-2.641789801418781281e-02
3.928574174642562866e-02
1.126282010227441788e-02
1.186461597681045532e-01
7.639045268297195435e-02
-4.753353819251060486e-02
-6.187175959348678589e-02
3.632286563515663147e-02
-1.043982896953821182e-02
9.096673876047134399e-02
8.064398169517517090e-02
3.624441474676132202e-02
-5.553304404020309448e-02
4.118145257234573364e-02
-9.540678560733795166e-02
-2.790852077305316925e-02
1.344767678529024124e-02
5.183424800634384155e-02
-2.723466977477073669e-02
-5.433844868093729019e-03
-4.310244694352149963e-02
-2.009063772857189178e-02
8.968965150415897369e-03
-5.533222109079360962e-02
7.064370065927505493e-02
4.671861603856086731e-02
-3.458499908447265625e-02
7.727669924497604370e-02
-3.685423359274864197e-02
5.846135783940553665e-03
-4.067778587341308594e-02
-2.961690165102481842e-02
-3.159218176733702421e-04
-1.824914664030075073e-02
-5.759271234273910522e-02
-5.680829659104347229e-02
-8.021581918001174927e-02
-4.287992045283317566e-02
-7.416946440935134888e-02
-1.692881248891353607e-02
-1.649692468345165253e-02
5.159453675150871277e-02
-3.570312261581420898e-02
1.320997346192598343e-02
-4.773175716400146484e-02
8.086762391030788422e-03
4.173716530203819275e-02
4.132465459406375885e-03
2.944697067141532898e-02
-6.238307431340217590e-02
3.326345980167388916e-02
8.960446342825889587e-03
-6.307394057512283325e-02
2.380889467895030975e-02
2.873090282082557678e-02
1.858845539391040802e-02
2.315283566713333130e-02
-2.532238699495792389e-02
2.914274670183658600e-02
-1.722100563347339630e-02
-3.432339802384376526e-02
5.539295449852943420e-02
2.058933116495609283e-02
-6.499954313039779663e-02
6.891395896673202515e-02
3.864287585020065308e-02
-6.355180405080318451e-03
-2.697217836976051331e-02
2.338051795959472656e-02
3.498373180627822876e-02
-4.581538215279579163e-02
-1.020431891083717346e-01
-6.004556268453598022e-02
-1.120591815561056137e-02
-6.019045412540435791e-02
3.779996186494827271e-02
5.755227431654930115e-02
3.039959818124771118e-02
8.395903557538986206e-02
6.387981772422790527e-02
6.229997426271438599e-02
2.983103878796100616e-02
-3.984785825014114380e-02
3.752898797392845154e-02
4.354633763432502747e-02
-6.475774198770523071e-02
-6.463982164859771729e-02
6.519315391778945923e-02
-1.523600891232490540e-02
-3.147858008742332458e-02
9.238470345735549927e-02
-8.642827719449996948e-02
1.385375019162893295e-02
5.427372828125953674e-02
-5.705887079238891602e-02
3.562701120972633362e-02
-5.527478829026222229e-02
-6.689613685011863708e-03
6.043788045644760132e-02
-6.065402552485466003e-02
7.941668480634689331e-02
-7.362925261259078979e-02
-3.931605070829391479e-02
-3.934971988201141357e-02
4.046007618308067322e-02
-5.571699514985084534e-02
2.349985018372535706e-02
2.356105670332908630e-02
-6.518422812223434448e-02
-4.936684388667345047e-03
-2.316355705261230469e-02
-7.995116710662841797e-02
-4.327527713030576706e-03
-1.977497711777687073e-02
1.426193024963140488e-02
1.252365298569202423e-02
-4.137203469872474670e-02
-5.004011560231447220e-03
1.889649219810962677e-02
5.577486380934715271e-02
4.197522625327110291e-02
-1.639483496546745300e-02
4.465906322002410889e-02
-6.446123588830232620e-03
-4.652799665927886963e-02
-5.835262592881917953e-03
7.422165363095700741e-04
4.886297136545181274e-02
2.393449656665325165e-02
9.745909483171999454e-04
6.611537653952836990e-03
-2.811431512236595154e-02
3.427282348275184631e-02
-7.169587910175323486e-02
6.801444292068481445e-02
2.795157954096794128e-02
3.320106118917465210e-02
-4.448125883936882019e-02
1.147690508514642715e-02
5.103552341461181641e-02
-1.800651289522647858e-02
4.212246276438236237e-03
5.319414660334587097e-02
-4.038411006331443787e-02
-5.902647506445646286e-03
-4.087471589446067810e-02
-4.714211449027061462e-02
1.082685659639537334e-03
3.519730642437934875e-02
-2.069288305938243866e-02
8.271850645542144775e-03
-1.912260800600051880e-02
6.951321661472320557e-02
2.889951318502426147e-02
3.083332907408475876e-03
-5.381622351706027985e-03
3.080079797655344009e-03
-2.621821500360965729e-02
2.511259913444519043e-02
2.262610010802745819e-02
3.989934176206588745e-02
6.082187592983245850e-02
-6.001939997076988220e-02
-3.503992408514022827e-02
4.073528200387954712e-02
-4.053673893213272095e-02
-2.632328867912292480e-02
-5.876298248767852783e-02
-2.900301944464445114e-03
7.421913091093301773e-03
1.257075741887092590e-02
2.505742385983467102e-02
-6.258310377597808838e-02
8.991656824946403503e-03
-2.957301028072834015e-02
-8.693857118487358093e-03
6.083460990339517593e-03
-2.612310461699962616e-02
9.155880659818649292e-02
-4.083729535341262817e-02
5.717856064438819885e-02
2.082878723740577698e-02
-3.323131054639816284e-02
3.861959278583526611e-02
8.085890859365463257e-02
-5.920946970582008362e-02
-2.990670874714851379e-02
2.053537033498287201e-02
-1.776521094143390656e-02
3.639947995543479919e-02
2.788014337420463562e-02
-3.815177828073501587e-02
-2.207265421748161316e-02
1.306653115898370743e-02
-8.724637329578399658e-02
3.161555528640747070e-02
3.244074992835521698e-03
5.537028610706329346e-02
1.006494015455245972e-01
9.293154813349246979e-03
4.239097982645034790e-02
4.128527361899614334e-03
-5.770457442849874496e-03
1.988382823765277863e-02
4.395971819758415222e-02
-6.964246928691864014e-02
6.540845334529876709e-02
-2.580255642533302307e-02
-1.759267970919609070e-02
3.544496139511466026e-03
-5.230459943413734436e-02
-3.821267932653427124e-02
-3.436936438083648682e-02
-2.880890853703022003e-02
1.685465127229690552e-02
-9.611947834491729736e-02
-1.399475429207086563e-02
-1.816285587847232819e-02
