-5.257542710751295090e-03
-2.212309837341308594e-02
7.413956336677074432e-03
-3.249280154705047607e-02
5.713264271616935730e-02
-6.764180958271026611e-02
3.092966787517070770e-02
-1.099687591195106506e-01
-1.825382933020591736e-02
-1.728743501007556915e-02
-3.376879543066024780e-02
-1.512655057013034821e-02
-1.692530885338783264e-02
-5.739921703934669495e-02
1.598498970270156860e-02
-2.966576255857944489e-02
1.644086465239524841e-02
1.351213455200195312e-02
-8.550788462162017822e-02
-6.435579806566238403e-02
2.510228194296360016e-02
-2.961215190589427948e-02
3.680271655321121216e-02
3.971239551901817322e-02
5.503312498331069946e-02
4.995587840676307678e-02
-3.678519278764724731e-02
-2.458892017602920532e-02
3.610849380493164062e-04
4.139466211199760437e-03
-7.249205559492111206e-02
1.324940565973520279e-02
2.845933102071285248e-02
-1.699592545628547668e-02
-5.079393461346626282e-02
2.814045734703540802e-02
-4.540158808231353760e-02
2.156730741262435913e-02
9.742745012044906616e-02
1.584403403103351593e-02
-2.852562116459012032e-03
2.674057520925998688e-02
-2.578837797045707703e-02
-1.667770324274897575e-03
-7.596562057733535767e-02
8.041275292634963989e-02
8.564550429582595825e-03
2.274795249104499817e-02
-2.201787009835243225e-02
-3.019797056913375854e-02
-1.015295553952455521e-02
-1.327178627252578735e-02
4.884680360555648804e-02
5.234264302998781204e-03
-5.744023248553276062e-02
-4.851832240819931030e-02
-4.624699708074331284e-03
-2.706453762948513031e-02
-4.410761967301368713e-02
3.001398034393787384e-02
1.447816845029592514e-02
9.812596440315246582e-02
2.928227186203002930e-02
-4.455776885151863098e-02
7.100164145231246948e-02
-8.057246915996074677e-03
-3.507277742028236389e-02
3.778885584324598312e-03
8.428622968494892120e-03
2.547564357519149780e-02
4.986256733536720276e-02
-3.829816356301307678e-02
8.640648797154426575e-03
4.225776344537734985e-02
-2.368498966097831726e-02
-4.275621101260185242e-02
-1.154013350605964661e-02
-3.781294077634811401e-02
-2.846745587885379791e-02
-1.027150154113769531e-01
8.408176712691783905e-03
-6.420030724257230759e-03
-2.719924040138721466e-02
3.409988433122634888e-02
-8.333525061607360840e-02
-1.255282945930957794e-02
4.956518486142158508e-02
5.377383157610893250e-02
5.341784097254276276e-03
1.864139339886605740e-03
-1.380838220939040184e-03
8.723729103803634644e-02
-4.742215573787689209e-02
7.390882074832916260e-02
7.321340590715408325e-02
-4.566708579659461975e-03
4.904806986451148987e-02
1.006293576210737228e-02
-5.894687492400407791e-03
4.638434574007987976e-02
9.292373806238174438e-02
3.175871074199676514e-02
-9.568220935761928558e-03
-1.302350610494613647e-01
2.464233525097370148e-02
3.008322790265083313e-02
1.076821163296699524e-01
5.050881952047348022e-02
1.634589210152626038e-02
-2.081711217761039734e-02
7.776959333568811417e-03
-3.270606044679880142e-03
-6.225816160440444946e-02
-6.562738120555877686e-02
-6.398456543684005737e-02
-6.857921928167343140e-02
4.360421374440193176e-02
-2.647761814296245575e-02
4.248771816492080688e-02
-3.145925700664520264e-02
-2.424325980246067047e-02
3.230384783819317818e-03
7.019839435815811157e-02
-6.589737534523010254e-02
7.101309020072221756e-04
-1.227754168212413788e-02
-4.267930984497070312e-02
2.197888866066932678e-02
-3.287998586893081665e-02
3.318437933921813965e-02
-1.329316291958093643e-02
-2.074241638183593750e-02
-3.475622832775115967e-02
-6.143429502844810486e-02
-5.071735009551048279e-02
-1.693095639348030090e-02
1.478246599435806274e-02
3.604763001203536987e-02
8.019218593835830688e-02
-7.264174055308103561e-03
-5.641384515911340714e-03
-9.048940613865852356e-03
-8.194018155336380005e-02
2.936158142983913422e-02
-1.053825542330741882e-01
-3.698321804404258728e-02
-5.242514610290527344e-02
4.928833618760108948e-02
-5.588118731975555420e-02
-1.314460672438144684e-02
6.799131631851196289e-02
1.035988852381706238e-01
4.048277623951435089e-03
5.673900246620178223e-02
2.521373145282268524e-02
2.091090008616447449e-02
-5.020391196012496948e-03
2.168421261012554169e-02
-6.875824928283691406e-02
-4.119089245796203613e-02
4.112292826175689697e-02
-6.123090162873268127e-02
-5.593453999608755112e-03
-1.201800629496574402e-01
-3.722027689218521118e-02
2.636218443512916565e-02
4.108218476176261902e-02
-6.299490481615066528e-02
-1.678074477240443230e-03
-1.389351859688758850e-02
-1.323602534830570221e-02
7.141983602195978165e-03
4.490197449922561646e-02
2.117129042744636536e-02
-7.506449706852436066e-03
-4.026532173156738281e-02
-2.103136479854583740e-02
4.221955686807632446e-02
6.577713042497634888e-02
-2.314390428364276886e-02
-2.594482153654098511e-02
-6.204742938280105591e-02
3.738713636994361877e-02
-2.313822321593761444e-02
9.194653481245040894e-02
-1.871187798678874969e-02
-7.242525462061166763e-03
-7.703016698360443115e-02
8.534954488277435303e-02
2.180165238678455353e-02
4.234520345926284790e-02
5.072166025638580322e-02
-8.759886771440505981e-02
5.678098276257514954e-02
3.322182595729827881e-02
-2.083164826035499573e-02
-1.313058845698833466e-02
2.643879875540733337e-02
5.633823573589324951e-02
2.774657867848873138e-02
-4.108598828315734863e-02
-2.441086620092391968e-02
6.808240711688995361e-02
-3.037674352526664734e-02
2.283457666635513306e-02
-4.544899240136146545e-02
2.356773801147937775e-02
8.694396354258060455e-03
7.021272927522659302e-02
7.039603590965270996e-02
-6.086165085434913635e-02
4.355470091104507446e-02
-5.563085526227951050e-02
-2.691681962460279465e-03
3.891606628894805908e-02
-3.875201568007469177e-02
6.366895139217376709e-02
-5.713579431176185608e-02
1.617670990526676178e-02
-4.932468291372060776e-03
2.925212681293487549e-02
2.087070792913436890e-02
-4.039379954338073730e-02
4.084257408976554871e-02
-3.076133085414767265e-03
6.002105027437210083e-02
-6.075827404856681824e-02
1.773437112569808960e-02
-8.842332288622856140e-03
4.747385904192924500e-02
-2.526618307456374168e-03
6.223390810191631317e-03
-3.311803564429283142e-02
-4.615182802081108093e-02
-4.487478174269199371e-03
-4.488516598939895630e-02
-6.031354516744613647e-02
1.326746027916669846e-02
-3.551078587770462036e-02
-6.895407289266586304e-02
-1.101057045161724091e-02
-2.051913924515247345e-02
-1.661100052297115326e-02
2.546054869890213013e-02
-2.100008726119995117e-02
-4.614460468292236328e-02
-6.202673912048339844e-02
3.205525502562522888e-02
-2.619447186589241028e-02
7.779008150100708008e-02
-6.497952342033386230e-02
7.765594124794006348e-02
-1.113839820027351379e-02
-6.235913187265396118e-02
-8.660785108804702759e-02
6.732886284589767456e-02
1.439607143402099609e-02
-6.658835709095001221e-02
1.564970612525939941e-02
8.921163156628608704e-03
1.326041854918003082e-02
-1.634860411286354065e-02
-1.092892256565392017e-03
7.805593311786651611e-02
5.296406522393226624e-02
6.626890599727630615e-02
-6.819303333759307861e-02
3.673060610890388489e-02
2.285796916112303734e-03
9.018681943416595459e-03
3.091722726821899414e-03
8.276228327304124832e-04
5.124727264046669006e-02
-9.389636665582656860e-02
4.284709319472312927e-02
-2.292957855388522148e-03
5.699976533651351929e-02
1.057083830237388611e-01
2.126307226717472076e-03
-3.625711798667907715e-02
-2.187249623239040375e-02
3.957255184650421143e-02
2.068892493844032288e-02
6.501461379230022430e-03
3.553754882887005806e-03
-4.602734744548797607e-02
-4.202374070882797241e-02
6.116716191172599792e-02
3.897535055875778198e-02
5.474068224430084229e-02
5.995466839522123337e-03
-3.034582175314426422e-02
2.349416911602020264e-02
-2.383443340659141541e-02
-3.486928343772888184e-02
3.585633635520935059e-02
4.259396344423294067e-02
-7.519666105508804321e-02
-2.127229701727628708e-03
3.077415376901626587e-02
3.335007652640342712e-02
4.047418385744094849e-02
-7.605320960283279419e-02
-1.024635601788759232e-02
-3.071152605116367340e-02
4.786192998290061951e-02
1.754233799874782562e-02
2.045173943042755127e-02
8.134690672159194946e-02
1.565609499812126160e-02
2.559600211679935455e-02
2.621915750205516815e-02
2.803668193519115448e-02
-8.252398669719696045e-02
1.003689225763082504e-02
-1.813261210918426514e-02
-3.053348045796155930e-03
-1.485351659357547760e-02
4.227145016193389893e-02
3.993196878582239151e-03
5.309164989739656448e-03
-4.265629127621650696e-02
-6.827712804079055786e-02
-1.021988410502672195e-02
8.382974565029144287e-02
-7.528712600469589233e-02
-4.611553996801376343e-02
1.406517438590526581e-02
6.388392299413681030e-02
6.893672794103622437e-02
5.436386913061141968e-02
-3.328591957688331604e-02
2.654435345903038979e-03
5.037644878029823303e-02
-3.611566126346588135e-02
-9.335077553987503052e-02
5.745267868041992188e-02
-8.603370748460292816e-03
3.650099784135818481e-02
-5.879040807485580444e-02
-4.015628248453140259e-02
-3.951049596071243286e-02
-7.786609977483749390e-02
1.318774744868278503e-02
-1.867233659140765667e-03
1.346721034497022629e-02
1.014101505279541016e-02
1.727188751101493835e-02
-2.773272618651390076e-02
-4.372252151370048523e-02
1.868800446391105652e-02
-9.304264560341835022e-03
1.989865122595801950e-04
1.466107787564396858e-03
-8.534409850835800171e-02
6.613440066576004028e-02
-2.827426232397556305e-02
-4.298400878906250000e-02
-3.756255842745304108e-03
-5.368462204933166504e-02
9.672913700342178345e-02
-4.319506697356700897e-03
4.785487428307533264e-02
-2.836728817783296108e-04
2.091995254158973694e-02
6.153210997581481934e-02
-4.592210426926612854e-02
-1.426468882709741592e-02
-7.882747799158096313e-03
-1.085486263036727905e-02
-5.681827291846275330e-02
3.725917637348175049e-02
-1.029844116419553757e-02
9.074139595031738281e-02
5.799203738570213318e-02
-3.747991472482681274e-02
8.551727235317230225e-02
8.624607324600219727e-02
-1.725566387176513672e-02
3.574875369668006897e-02
6.667521595954895020e-02
1.993418857455253601e-02
-5.029757041484117508e-03
-1.231134030967950821e-02
8.875969797372817993e-03
7.007621228694915771e-02
-4.849824309349060059e-02
7.339657098054885864e-02
-4.806064814329147339e-02
-4.671711847186088562e-02
-9.651859290897846222e-03
9.537789039313793182e-03
-7.146527618169784546e-02
-8.222683519124984741e-02
1.929971762001514435e-02
-1.214217990636825562e-01
7.949527353048324585e-03
-8.182769641280174255e-03
5.163619294762611389e-02
5.150979850441217422e-03
-8.030351251363754272e-03
-3.219515085220336914e-03
1.082391198724508286e-02
3.338107839226722717e-02
-5.993185192346572876e-02
4.776125028729438782e-02
7.366085890680551529e-03
9.228011965751647949e-02
1.159408129751682281e-02
-6.858747452497482300e-02
1.762392558157444000e-02
1.292075775563716888e-02
9.800725430250167847e-02
7.540166378021240234e-03
-1.164998207241296768e-02
6.903751939535140991e-02
-3.620212525129318237e-02
-9.325361251831054688e-02
-6.770705431699752808e-02
-5.477176606655120850e-02
1.842301455326378345e-03
-2.482563629746437073e-02
6.000968441367149353e-02
-4.410011321306228638e-02
-2.083575539290904999e-02
-6.404359638690948486e-02
-2.258512424305081367e-03
3.201735392212867737e-02
-3.836683928966522217e-02
-2.603777870535850525e-02
-4.303119145333766937e-03
5.836077407002449036e-02
7.583806663751602173e-02
-9.411803446710109711e-03
1.288057025521993637e-02
-7.716668397188186646e-02
-2.323286049067974091e-02
-9.064592421054840088e-02
-6.627323478460311890e-02
-7.568256929516792297e-03
-4.179951176047325134e-02
4.527548153419047594e-04
8.897508680820465088e-02
-4.874463751912117004e-02
-7.900582998991012573e-02
3.369074687361717224e-02
-1.630476675927639008e-02
4.772365465760231018e-02
-2.110274136066436768e-02
-7.281909883022308350e-02
3.863860294222831726e-02
8.593602478504180908e-02
3.116219863295555115e-02
4.708206281065940857e-02
-2.269843034446239471e-02
3.733876347541809082e-02
-2.416286803781986237e-02
-3.249824978411197662e-03
-1.550564356148242950e-02
-9.103344753384590149e-03
-3.366282209753990173e-03
5.972628295421600342e-02
-2.745444700121879578e-02
-1.007564552128314972e-02
-2.716175839304924011e-02
-1.032728850841522217e-01
-3.657053093775175512e-05
-5.638412758708000183e-02
-3.910617902874946594e-02
-7.738824468106031418e-03
7.803758978843688965e-02
1.749322284013032913e-03
-1.763830892741680145e-03
8.876921609044075012e-03
-4.162809054832905531e-04
-5.971542000770568848e-02
-1.722956821322441101e-02
-2.867529913783073425e-02
2.634835988283157349e-02
2.379827201366424561e-02
-2.945560403168201447e-02
4.098535515367984772e-03
2.548210322856903076e-02
1.665543881244957447e-03
2.903740108013153076e-02
-2.974094450473785400e-02
-5.389227718114852905e-02
-5.602736771106719971e-02
2.138123288750648499e-02
-6.725352257490158081e-02
9.395153261721134186e-03
3.087762370705604553e-02
-1.148797199130058289e-02
-2.649374306201934814e-02
-8.808342367410659790e-02
7.359402626752853394e-02
-4.931310564279556274e-02
-2.489603357389569283e-03
1.693673059344291687e-02
1.253903657197952271e-02
-2.491494081914424896e-02
-8.184370398521423340e-02
3.166317567229270935e-02
-5.451062694191932678e-02
1.957325823605060577e-02
4.789586178958415985e-03
7.632021605968475342e-02
6.279667466878890991e-02
1.424099039286375046e-02
8.134024217724800110e-03
7.073526736348867416e-03
-1.825596392154693604e-02
6.798255257308483124e-03
-5.767591297626495361e-02
2.697631530463695526e-02
-1.166664287447929382e-01
1.216655038297176361e-02
-1.983770541846752167e-02
1.381441671401262283e-02
1.202594861388206482e-02
-5.654317885637283325e-02
4.653413221240043640e-02
5.297876894474029541e-02
6.056361366063356400e-03
3.344349563121795654e-02
-7.075627148151397705e-02
3.479579091072082520e-02
2.459338121116161346e-02
1.111656352877616882e-01
4.045926779508590698e-02
-4.515925794839859009e-02
-4.936980549246072769e-04
-3.893120447173714638e-03
5.607647076249122620e-02
-5.173542723059654236e-02
1.133204554207623005e-03
5.939920991659164429e-02
-1.658640243113040924e-02
-1.678706705570220947e-02
4.752175882458686829e-02
-1.456992793828248978e-02
-1.034063324332237244e-01
2.025134675204753876e-02
-3.419426036998629570e-03
4.245364665985107422e-02
-6.041176989674568176e-02
-2.463892847299575806e-02
4.151142761111259460e-02
5.148777365684509277e-02
7.291418313980102539e-02
-5.250061675906181335e-02
-5.715544801205396652e-03
-6.917062401771545410e-02
-8.219672739505767822e-02
3.001169487833976746e-02
-5.418872833251953125e-02
2.572362124919891357e-02
5.116995051503181458e-02
-3.254390880465507507e-02
-5.740649253129959106e-02
4.258215054869651794e-02
7.955034077167510986e-02
-1.702591218054294586e-02
-6.966448854655027390e-03
-1.304688304662704468e-02
-4.752340167760848999e-02
-4.721141606569290161e-02
-2.880586870014667511e-02
6.882960442453622818e-03
-3.628962859511375427e-02
-1.727370894514024258e-03
-2.244234830141067505e-02
-1.500701531767845154e-02
2.909268625080585480e-02
6.797048449516296387e-02
1.823877915740013123e-02
4.654480516910552979e-02
-3.538294695317745209e-03
1.134109776467084885e-02
-1.574277877807617188e-02
6.751101464033126831e-02
1.451391610316932201e-03
6.562046706676483154e-02
6.949282716959714890e-03
2.069020830094814301e-02
2.752202935516834259e-02
4.274423792958259583e-02
1.672478206455707550e-02
-5.687247589230537415e-02
-5.083592236042022705e-02
-1.020584031939506531e-01
1.054539752658456564e-04
-3.398165106773376465e-02
7.515885680913925171e-02
-5.985899828374385834e-03
-5.589199811220169067e-02
-2.563703060150146484e-02
2.088186889886856079e-02
-2.714281529188156128e-02
-4.128876328468322754e-02
9.273678809404373169e-02
3.047707863152027130e-02
-7.699216902256011963e-02
5.515826866030693054e-02
9.673449397087097168e-02
-3.332535177469253540e-02
1.043461337685585022e-01
4.231181461364030838e-03
-9.253200888633728027e-02
1.017003227025270462e-02
-1.083686500787734985e-01
1.317995367571711540e-03
5.998135544359683990e-03
3.048198670148849487e-02
3.256390988826751709e-02
2.088256739079952240e-02
-1.770002953708171844e-02
2.035721763968467712e-02
-4.539687931537628174e-02
-3.411122784018516541e-02
-3.247409686446189880e-02
4.590389505028724670e-02
-1.838321331888437271e-03
2.105562761425971985e-02
-5.685902386903762817e-02
6.128521636128425598e-03
4.860759526491165161e-02
5.227510258555412292e-02
-8.013848960399627686e-02
8.256702125072479248e-02
-4.427080601453781128e-02
1.263738889247179031e-02
-7.149373739957809448e-02
8.730382658541202545e-03
-1.621691882610321045e-02
-2.440434135496616364e-02
3.080060519278049469e-02
-4.181521013379096985e-02
1.154642645269632339e-02
-5.916529148817062378e-02
-3.934766352176666260e-02
-8.902270346879959106e-02
-6.929683685302734375e-02
5.990930274128913879e-02
-1.011795178055763245e-01
-8.334004133939743042e-02
-1.458448823541402817e-02
-8.094160817563533783e-03
1.160382851958274841e-02
1.408705371432006359e-03
3.164105117321014404e-02
2.308350289240479469e-03
4.019234329462051392e-02
3.641964576672762632e-04
-4.990920424461364746e-02
1.245594304054975510e-02
-5.876038968563079834e-02
-2.862541377544403076e-02
3.689281269907951355e-02
8.361359126865863800e-03
-3.238718211650848389e-02
3.057255037128925323e-02
-4.842264205217361450e-02
-8.626368641853332520e-02
-3.954050317406654358e-02
1.513470895588397980e-02
4.506879299879074097e-02
4.361250996589660645e-02
-1.717807725071907043e-02
2.586693689227104187e-02
4.024947062134742737e-02
-2.106432989239692688e-02
5.612614378333091736e-02
-1.095851063728332520e-01
4.534130170941352844e-02
-4.322374239563941956e-02
3.095420822501182556e-02
-6.740927696228027344e-03
8.030904456973075867e-03
-2.307594567537307739e-02
5.588452145457267761e-02
6.078155711293220520e-02
4.119667410850524902e-02
5.673393607139587402e-02
-3.668798506259918213e-02
-2.525841817259788513e-02
-5.974582955241203308e-02
-3.904491662979125977e-03
-6.465330254286527634e-03
-5.613140389323234558e-02
-4.031624179333448410e-03
3.117571026086807251e-02
-4.235935211181640625e-02
-7.281313091516494751e-02
-8.445145934820175171e-02
6.492109596729278564e-02
7.204315811395645142e-02
1.229561120271682739e-02
2.236172929406166077e-02
3.543010354042053223e-02
-1.312428265810012817e-01
5.086370930075645447e-02
-1.566931046545505524e-02
6.334409117698669434e-02
2.548467926681041718e-02
1.330317649990320206e-02
6.957367528229951859e-03
-5.343954078853130341e-03
6.644774228334426880e-02
1.407359819859266281e-02
6.180583499372005463e-03
1.042480394244194031e-02
-4.690305888652801514e-02
-2.912927046418190002e-02
6.099985539913177490e-02
8.201924711465835571e-02
9.694942273199558258e-03
-4.840146377682685852e-02
-3.687782585620880127e-02
-1.604880578815937042e-02
2.950490824878215790e-02
4.706694185733795166e-02
-2.626124583184719086e-02
9.189977496862411499e-02
-4.839538037776947021e-02
-3.229872137308120728e-02
6.886415183544158936e-02
-6.176047399640083313e-02
2.981247566640377045e-02
-1.390072796493768692e-02
-1.062998920679092407e-02
5.603769794106483459e-02
1.273210253566503525e-02
7.749078795313835144e-03
-1.411909610033035278e-02
-3.049404919147491455e-02
-1.752613112330436707e-02
-1.738257706165313721e-02
-5.866634845733642578e-02
-7.474220544099807739e-02
-1.160147488117218018e-01
4.783465992659330368e-03
3.703773394227027893e-02
6.358803063631057739e-02
-7.521618157625198364e-02
1.427459903061389923e-02
-7.392761111259460449e-02
-5.662347655743360519e-03
9.232481010258197784e-03
-4.949569702148437500e-02
6.455533951520919800e-02
3.821744024753570557e-02
-6.774251163005828857e-02
-5.524706467986106873e-02
4.144526273012161255e-02
-9.681669762358069420e-04
-1.701452955603599548e-02
3.882028162479400635e-02
4.120140336453914642e-03
2.403055876493453979e-02
3.153885528445243835e-02
4.214722663164138794e-02
3.276205435395240784e-02
-8.259939495474100113e-04
6.163124367594718933e-02
2.986163832247257233e-03
-4.510880634188652039e-02
-3.943279013037681580e-02
5.910745263099670410e-02
-2.698789350688457489e-02
4.314288496971130371e-02
-3.919767215847969055e-02
1.932238228619098663e-02
4.547977447509765625e-02
-7.033793628215789795e-02
5.878109112381935120e-02
4.401519522070884705e-02
-2.661141566932201385e-02
-7.604355365037918091e-02
-2.112334594130516052e-02
-3.630458563566207886e-02
1.580578833818435669e-02
-9.970699250698089600e-02
4.773982800543308258e-03
-4.889093711972236633e-02
8.081365376710891724e-02
-6.576366722583770752e-02
1.001440826803445816e-02
1.419011503458023071e-02
-8.367500454187393188e-02
-5.383631214499473572e-02
9.320714324712753296e-02
-3.571207635104656219e-03
-9.105024859309196472e-03
-3.422379866242408752e-02
1.009264662861824036e-01
2.968008443713188171e-02
4.632136598229408264e-02
-6.185675039887428284e-03
-4.758694767951965332e-02
-2.530711330473423004e-02
5.511726066470146179e-02
8.408480882644653320e-02
9.412448108196258545e-02
3.211842849850654602e-02
-2.794190309941768646e-02
-4.066213220357894897e-02
-1.237652264535427094e-02
-7.962129078805446625e-03
7.523573935031890869e-02
9.808986214920878410e-04
-1.813769340515136719e-03
6.603812426328659058e-02
6.411705911159515381e-02
-9.615837037563323975e-02
1.815134659409523010e-02
-6.614145636558532715e-02
-6.651759147644042969e-02
2.849234268069267273e-02
-2.601516991853713989e-02
1.272992976009845734e-02
1.985518261790275574e-02
3.186718374490737915e-02
5.226358026266098022e-02
9.155194461345672607e-02
3.319880738854408264e-02
4.605628550052642822e-02
4.190535284578800201e-03
1.933475956320762634e-02
-4.475398734211921692e-02
8.875780552625656128e-02
-5.900489166378974915e-02
-3.105857037007808685e-02
1.412495225667953491e-02
-2.543666586279869080e-02
-4.244145005941390991e-02
6.243389099836349487e-02
5.974356830120086670e-02
2.235439606010913849e-02
-8.629746735095977783e-03
-2.500060573220252991e-02
-9.784511290490627289e-03
5.083212256431579590e-02
1.519657392054796219e-02
1.369857694953680038e-02
3.114230185747146606e-02
1.494578737765550613e-02
-1.333100022748112679e-03
-4.954054951667785645e-02
-1.073244586586952209e-02
-8.203061297535896301e-03
-8.604332804679870605e-02
-2.744085714221000671e-02
-8.387003093957901001e-02
1.489173504523932934e-03
4.676911979913711548e-02
8.972952142357826233e-03
1.908105984330177307e-02
2.508600801229476929e-02
-1.703450828790664673e-02
7.118619978427886963e-02
4.765199869871139526e-02
5.159744620323181152e-02
2.572064101696014404e-02
1.221975591033697128e-02
2.128488942980766296e-02
4.272463917732238770e-02
9.215460158884525299e-03
2.129627019166946411e-02
-1.323787681758403778e-02
-4.161107912659645081e-02
-9.781198203563690186e-02
-9.625636041164398193e-03
-1.544632390141487122e-02
-6.636638194322586060e-03
-2.477491460740566254e-02
2.637769654393196106e-02
-2.823082357645034790e-02
-1.073748022317886353e-01
-4.867188632488250732e-02
4.141145572066307068e-02
2.518185228109359741e-02
-3.099586255848407745e-02
3.328622505068778992e-02
1.838355883955955505e-02
-1.101749483495950699e-02
-2.097316272556781769e-02
5.499752610921859741e-02
2.837105654180049896e-03
-1.071986183524131775e-02
7.824227213859558105e-02
1.753200404345989227e-02
-3.825435787439346313e-02
1.435066107660531998e-02
-1.163258254528045654e-01
4.374074563384056091e-02
5.231488123536109924e-02
5.755013553425669670e-04
-5.253691971302032471e-02
6.185474619269371033e-02
4.859855771064758301e-02
-4.695702344179153442e-02
7.510381191968917847e-02
5.691399797797203064e-03
5.784574151039123535e-02
1.972631365060806274e-02
-8.878394961357116699e-02
3.212407603859901428e-02
3.870068863034248352e-02
-4.364324361085891724e-02
-4.849288240075111389e-02
9.467291086912155151e-02
9.100606665015220642e-03
-4.103585705161094666e-02
-4.699612036347389221e-02
1.587685011327266693e-02
-1.759686879813671112e-02
3.982878848910331726e-02
-8.229214698076248169e-02
4.100193083286285400e-02
-8.590647578239440918e-02
-4.141668602824211121e-02
-6.314773112535476685e-02
2.869196934625506401e-03
-1.549407187849283218e-02
-1.625375472940504551e-03
-4.587685689330101013e-02
-3.585301339626312256e-02
-2.080449089407920837e-02
-5.086352676153182983e-02
4.607934877276420593e-02
3.149320930242538452e-02
-2.737923339009284973e-02
-3.839376941323280334e-02
-2.602363377809524536e-02
-7.751751691102981567e-02
5.682172998785972595e-02
1.009691320359706879e-02
2.058376558125019073e-02
1.459096837788820267e-02
-2.323383279144763947e-02
1.097668148577213287e-02
-1.095691844820976257e-01
-5.562654137611389160e-02
3.047927748411893845e-03
-3.567557781934738159e-02
-3.969098627567291260e-02
5.609773099422454834e-02
-5.567994713783264160e-02
8.329426497220993042e-02
-3.954409807920455933e-02
-1.289728004485368729e-02
-2.364877238869667053e-02
-1.020408198237419128e-01
1.142452936619520187e-02
-7.198110967874526978e-02
1.647684164345264435e-02
1.039497256278991699e-01
-1.199132855981588364e-02
-5.273330584168434143e-02
1.940041407942771912e-02
-6.009921059012413025e-02
3.672431781888008118e-02
8.523495495319366455e-02
-3.313836455345153809e-02
3.599402680993080139e-02
1.392531301826238632e-02
-3.430670127272605896e-02
-2.130959928035736084e-02
2.620762027800083160e-02
-2.409724891185760498e-02
-2.191722765564918518e-02
-5.028541386127471924e-02
-1.555280573666095734e-02
-7.305162400007247925e-02
7.602414488792419434e-02
-3.896206989884376526e-02
-7.611705362796783447e-02
-5.903991311788558960e-02
-1.584068685770034790e-02
-5.650491639971733093e-02
-5.058939382433891296e-02
1.900862157344818115e-02
4.718920215964317322e-03
4.996550455689430237e-02
-5.810749251395463943e-03
2.550511434674263000e-02
2.894312143325805664e-02
4.796127602458000183e-02
6.929961591958999634e-02
-4.829151555895805359e-02
9.469486773014068604e-03
-1.574621128384023905e-04
-5.840743333101272583e-02
6.146582961082458496e-02
-4.347545653581619263e-02
5.945296585559844971e-02
-1.699034124612808228e-02
7.362566888332366943e-02
-5.742807313799858093e-02
-8.834507316350936890e-02
-1.065528690814971924e-01
-9.610225260257720947e-02
3.140981122851371765e-02
-4.306961596012115479e-02
-9.204471856355667114e-02
5.801849532872438431e-03
9.524323791265487671e-02
4.304145928472280502e-03
-3.417810052633285522e-02
-2.404754050076007843e-02
-3.353650867938995361e-02
9.852757677435874939e-03
2.279037050902843475e-02
1.706776395440101624e-02
-8.695264160633087158e-02
3.562348708510398865e-02
4.291622713208198547e-02
1.025423109531402588e-01
2.862612344324588776e-02
-1.256824880838394165e-01
-2.432684600353240967e-02
5.872269719839096069e-02
5.232524126768112183e-02
