-8.763077855110168457e-02
-5.220907554030418396e-02
1.230504421982914209e-04
-3.647778648883104324e-03
-5.403135437518358231e-03
-3.882986679673194885e-02
-4.429834708571434021e-02
-1.203977037221193314e-02
9.358307719230651855e-02
-1.675313711166381836e-02
-2.658805809915065765e-02
-2.309932373464107513e-02
-1.201097760349512100e-02
-1.970247365534305573e-02
3.442482277750968933e-02
1.512863300740718842e-02
6.310591846704483032e-02
-7.444665767252445221e-03
-7.956445962190628052e-02
-6.598243489861488342e-03
-5.732993036508560181e-02
1.608227565884590149e-02
2.436900511384010315e-02
-2.769054099917411804e-02
-8.350086957216262817e-02
2.632772177457809448e-02
9.590402990579605103e-02
-5.824211053550243378e-03
-6.180843338370323181e-02
8.198275417089462280e-02
4.324768483638763428e-02
8.535663364455103874e-04
-3.687434643507003784e-02
-1.633341051638126373e-02
1.457169558852910995e-02
-4.905010387301445007e-02
5.911051481962203979e-02
-1.900978572666645050e-02
2.223317138850688934e-02
7.680240552872419357e-03
-2.424724958837032318e-02
-8.921173866838216782e-04
-4.203999042510986328e-02
1.624142937362194061e-02
3.833819925785064697e-02
9.926823899149894714e-03
-5.239597987383604050e-03
4.075469821691513062e-02
-2.201482281088829041e-02
8.766133338212966919e-02
-5.755850300192832947e-02
-3.259699791669845581e-02
-4.270340129733085632e-02
-1.852807588875293732e-02
3.913451358675956726e-02
7.186190038919448853e-02
2.899586595594882965e-02
-4.261248558759689331e-02
2.317209169268608093e-02
5.037175118923187256e-02
2.562313713133335114e-02
-4.444406926631927490e-02
7.736415416002273560e-02
3.170657902956008911e-02
2.356033399701118469e-02
-4.230097308754920959e-02
-5.662757530808448792e-02
9.352428466081619263e-02
1.840298250317573547e-02
-1.076877303421497345e-02
6.652592122554779053e-02
-4.779073968529701233e-02
9.092831611633300781e-02
-5.844581127166748047e-02
7.561552524566650391e-02
2.707416750490665436e-02
7.561481092125177383e-03
-1.492637675255537033e-02
-5.556464195251464844e-03
-3.915787488222122192e-02
5.168779566884040833e-02
7.446486502885818481e-02
-5.677011981606483459e-02
2.776527218520641327e-02
3.574446775019168854e-03
-3.987013548612594604e-02
-4.338092729449272156e-02
-9.292259812355041504e-03
-8.357240259647369385e-02
9.621071815490722656e-02
-2.020326629281044006e-02
1.012404542416334152e-02
8.131270110607147217e-02
-8.718406409025192261e-02
2.155303955078125000e-02
-3.020152263343334198e-02
-2.680555544793605804e-02
3.774536028504371643e-02
-3.172392025589942932e-02
-2.260652370750904083e-02
5.416284501552581787e-02
-2.074105478823184967e-02
2.846993133425712585e-02
-1.116984058171510696e-03
-7.287765387445688248e-03
-5.871113762259483337e-02
3.889517858624458313e-02
3.671936318278312683e-02
-2.633940242230892181e-02
1.319273095577955246e-02
6.203776970505714417e-02
-2.365702018141746521e-02
1.941370964050292969e-02
2.031042054295539856e-02
5.682816263288259506e-04
4.438846930861473083e-02
-2.259043231606483459e-02
-7.887193933129310608e-03
-8.054995536804199219e-02
1.977566163986921310e-03
-9.434412419795989990e-02
2.136221900582313538e-02
-3.905058279633522034e-02
-1.473389472812414169e-02
-3.313469141721725464e-02
7.020693272352218628e-02
-4.399349167943000793e-02
-4.692452028393745422e-03
1.051913108676671982e-02
-1.823759824037551880e-02
-2.310206182301044464e-02
1.371986512094736099e-02
-4.752804338932037354e-02
8.196561783552169800e-02
-2.752154693007469177e-02
-1.673911884427070618e-02
6.715492904186248779e-02
-7.345857471227645874e-02
-6.864547729492187500e-02
2.390444092452526093e-02
7.140731811523437500e-02
-2.288126945495605469e-02
-2.661896869540214539e-02
-2.308640815317630768e-02
8.149500936269760132e-03
-4.751901328563690186e-02
-1.048912182450294495e-01
-6.558161228895187378e-02
-1.852697506546974182e-02
6.688902620226144791e-03
-4.024060443043708801e-02
-1.743256114423274994e-02
-2.465624362230300903e-02
-1.071737240999937057e-02
-4.174518212676048279e-02
-3.234950825572013855e-02
-5.092567950487136841e-02
-6.241508200764656067e-02
1.100374106317758560e-02
-9.135599434375762939e-02
-1.904731057584285736e-02
-5.921461433172225952e-02
-8.095986396074295044e-02
-3.219274058938026428e-02
5.558350589126348495e-03
7.897806167602539062e-02
5.116225033998489380e-02
-4.287844523787498474e-02
2.943487092852592468e-02
-4.142386838793754578e-02
-5.977641791105270386e-02
-7.384615391492843628e-02
-5.215604603290557861e-02
3.869005665183067322e-02
-4.699736891780048609e-04
-7.019570469856262207e-02
3.454895690083503723e-02
-3.988855704665184021e-02
3.900462388992309570e-02
1.166687440127134323e-02
-5.007164925336837769e-02
-7.182092219591140747e-02
3.545231744647026062e-02
2.353446744382381439e-02
2.537103369832038879e-02
-8.825263939797878265e-03
-9.830739349126815796e-03
-9.788956493139266968e-03
3.658863529562950134e-02
-5.673696845769882202e-02
-4.618369787931442261e-02
7.287432998418807983e-02
3.483318164944648743e-02
3.225491195917129517e-02
1.294707041233778000e-02
2.163427323102951050e-02
2.274850197136402130e-02
8.064148575067520142e-02
9.717607498168945312e-02
1.945411413908004761e-02
2.181983366608619690e-02
5.038930475711822510e-02
4.791281651705503464e-03
1.232224404811859131e-01
1.840210333466529846e-02
8.273860812187194824e-02
2.859895676374435425e-02
1.207919418811798096e-02
-4.020671173930168152e-02
5.682599730789661407e-03
7.994801551103591919e-02
-2.114986628293991089e-02
-2.039461396634578705e-02
4.820302501320838928e-02
8.587588369846343994e-02
6.131859123706817627e-02
4.835427179932594299e-02
-4.140867292881011963e-02
2.604905329644680023e-02
-7.782208174467086792e-02
7.826720364391803741e-03
8.513619005680084229e-02
-2.971773780882358551e-02
-3.413851186633110046e-02
1.888882927596569061e-02
-1.331398729234933853e-02
2.511420287191867828e-03
6.671981513500213623e-02
-4.957951232790946960e-02
-9.151113778352737427e-02
2.330537512898445129e-02
-1.694366149604320526e-02
4.117851611226797104e-03
5.137868598103523254e-02
5.586319789290428162e-02
-6.196181057021021843e-04
3.987409919500350952e-02
-1.449010800570249557e-03
-6.344685703516006470e-02
3.961364552378654480e-02
-3.927399963140487671e-02
8.877620846033096313e-02
-5.822244659066200256e-02
-4.529585316777229309e-02
3.764007939025759697e-03
-1.983863487839698792e-02
1.492912229150533676e-02
1.661025546491146088e-02
2.113287523388862610e-02
8.222866058349609375e-02
-4.231108352541923523e-02
5.354345217347145081e-02
-4.238695651292800903e-02
5.037502385675907135e-03
1.774650439620018005e-02
8.058222942054271698e-03
1.746978424489498138e-02
-7.969714701175689697e-03
3.097910806536674500e-02
-2.270002290606498718e-02
2.645239420235157013e-02
7.949468493461608887e-02
-4.260197654366493225e-02
2.613307163119316101e-02
-2.865069732069969177e-02
5.967912822961807251e-02
1.685028313659131527e-03
-9.208631515502929688e-02
5.145622417330741882e-02
-2.032205648720264435e-02
3.677881509065628052e-02
2.092965692281723022e-02
-1.443763636052608490e-02
-3.773396834731101990e-02
-2.303422242403030396e-02
9.881079196929931641e-02
-1.282375007867813110e-01
-6.904532015323638916e-02
2.256296388804912567e-02
-5.416033416986465454e-02
-5.606954917311668396e-02
-3.499861434102058411e-02
7.888092845678329468e-02
5.694331973791122437e-02
-9.197384351864457130e-04
6.389538291841745377e-03
-1.394484890624880791e-03
2.337870560586452484e-02
5.212096497416496277e-02
1.380119565874338150e-02
-1.245064381510019302e-02
-7.005043327808380127e-02
-6.297791749238967896e-02
5.017571896314620972e-02
9.568178094923496246e-03
2.017322368919849396e-02
6.460656225681304932e-02
1.637070812284946442e-02
6.520763039588928223e-02
-1.429064013063907623e-02
-9.033548645675182343e-03
1.212364993989467621e-02
2.099282667040824890e-02
1.089866738766431808e-02
-1.537939626723527908e-02
-2.174557372927665710e-02
3.007110394537448883e-02
3.765684366226196289e-02
6.754653900861740112e-02
-8.963811211287975311e-03
-2.325231581926345825e-02
4.274475388228893280e-03
-2.931400388479232788e-02
-5.097092688083648682e-02
2.288278937339782715e-02
-1.781623624265193939e-02
5.384742282330989838e-03
3.200226277112960815e-02
1.735659502446651459e-02
-1.094463281333446503e-02
4.041286930441856384e-02
-2.515930496156215668e-02
-3.245186805725097656e-02
-3.672757372260093689e-02
-2.537061087787151337e-02
8.151342160999774933e-03
4.425941407680511475e-02
-1.069851070642471313e-01
1.162468269467353821e-01
-2.339357137680053711e-02
-1.855622418224811554e-02
5.218160152435302734e-02
2.340470068156719208e-02
7.189250737428665161e-02
1.623522303998470306e-02
6.413195282220840454e-02
-1.020324043929576874e-02
1.145397312939167023e-02
-6.905340403318405151e-02
-4.968370310962200165e-03
8.449529111385345459e-02
3.785524750128388405e-03
4.603133350610733032e-02
-3.230644389986991882e-02
-7.580849528312683105e-02
7.998953014612197876e-02
9.599487297236919403e-03
7.159944158047437668e-03
-5.254181101918220520e-02
-4.977275803685188293e-02
2.045572921633720398e-02
-9.367635101079940796e-02
1.029708385467529297e-01
3.682498121634125710e-03
3.417192772030830383e-02
-7.522100582718849182e-03
-2.069395221769809723e-02
-4.869698733091354370e-02
-1.834076829254627228e-02
7.745322585105895996e-02
-1.004329398274421692e-01
4.843217134475708008e-02
3.701144084334373474e-02
-6.044611707329750061e-02
4.353008419275283813e-02
3.739073500037193298e-02
3.496325016021728516e-02
7.561837881803512573e-02
9.879144281148910522e-02
-3.845536708831787109e-02
1.658348250202834606e-03
3.944296017289161682e-02
1.234570797532796860e-02
3.413970023393630981e-02
8.542911708354949951e-02
1.657410408370196819e-03
-3.284875676035881042e-02
-7.010846398770809174e-03
-6.688670814037322998e-02
1.042198687791824341e-01
5.445687100291252136e-02
-5.878241360187530518e-02
7.371044158935546875e-02
-4.169925674796104431e-02
-1.822603866457939148e-02
-5.699337273836135864e-02
-1.712641306221485138e-02
-3.876475093420594931e-04
1.144896168261766434e-02
4.796517267823219299e-02
2.280022390186786652e-02
3.372667729854583740e-02
8.770231902599334717e-02
7.832314819097518921e-02
2.149076946079730988e-02
-9.322261810302734375e-02
1.438683830201625824e-02
5.249382555484771729e-02
5.914182402193546295e-03
5.281459074467420578e-03
4.688932746648788452e-02
1.104317884892225266e-02
1.025692149996757507e-01
5.679493024945259094e-02
-2.859546989202499390e-02
-3.122974745929241180e-02
8.514204062521457672e-03
2.188303880393505096e-02
7.163531612604856491e-03
-1.096508372575044632e-02
-1.241025514900684357e-02
-3.067151270806789398e-02
-3.698997199535369873e-02
4.739748686552047729e-02
2.247998863458633423e-02
1.430952176451683044e-02
-2.867424115538597107e-02
-2.036152966320514679e-02
6.743910908699035645e-02
-7.512202113866806030e-02
4.017113894224166870e-02
5.238152295351028442e-02
-1.301100011914968491e-02
2.559569664299488068e-02
6.808786652982234955e-03
3.533899039030075073e-02
2.828174456954002380e-02
-1.452070008963346481e-02
5.593567155301570892e-03
-2.610453777015209198e-02
6.911628693342208862e-02
-7.966262288391590118e-03
-2.994481101632118225e-02
-4.170506075024604797e-02
5.275297909975051880e-02
3.518205508589744568e-02
5.837820842862129211e-02
1.081898361444473267e-01
1.133034285157918930e-02
5.032622814178466797e-02
1.439332496374845505e-02
-3.957295790314674377e-02
-3.695617616176605225e-02
7.306364178657531738e-02
-3.088764660060405731e-02
1.231266092509031296e-02
1.082875579595565796e-01
-9.047944843769073486e-02
-8.931010961532592773e-03
1.187282335013151169e-02
-9.394912049174308777e-03
-1.692604832351207733e-02
-1.828497624956071377e-03
-2.601792337372899055e-03
-4.405701160430908203e-02
6.193241104483604431e-02
8.333318680524826050e-02
-3.906996175646781921e-02
9.654490649700164795e-02
9.428305923938751221e-02
6.295091658830642700e-02
1.705990289337933064e-03
-4.654257372021675110e-02
1.674505136907100677e-02
3.884445875883102417e-02
-1.052831206470727921e-02
-4.783595353364944458e-02
-1.001951396465301514e-01
7.456203456968069077e-03
1.283803209662437439e-02
6.593956053256988525e-02
-4.351347312331199646e-02
2.478420734405517578e-03
3.598888963460922241e-02
-6.953129917383193970e-02
-1.397306658327579498e-02
-1.035832837224006653e-01
5.029832199215888977e-02
5.297769978642463684e-02
1.286543626338243484e-02
5.802826210856437683e-02
-1.431633159518241882e-02
-2.957163564860820770e-02
-1.177804842591285706e-01
9.539951570332050323e-03
3.124274872243404388e-02
3.321654722094535828e-02
2.468700520694255829e-02
5.262080952525138855e-02
7.094889413565397263e-03
4.425613209605216980e-03
1.919632218778133392e-02
6.262302398681640625e-02
4.251229017972946167e-02
-3.333662822842597961e-02
-1.096479501575231552e-02
7.421851158142089844e-03
-3.977371007204055786e-02
-3.168349713087081909e-02
-1.867281273007392883e-02
-3.918773308396339417e-02
-7.593107409775257111e-03
3.439055383205413818e-02
-6.464103609323501587e-02
3.293986245989799500e-02
5.417632684111595154e-02
5.674008745700120926e-03
7.081129401922225952e-02
-2.015225775539875031e-02
6.170518323779106140e-02
-2.079727500677108765e-02
-3.330932930111885071e-02
-8.718892931938171387e-02
-2.203605324029922485e-02
5.409027263522148132e-02
4.363829270005226135e-02
-1.434261165559291840e-02
-1.715133548714220524e-03
-7.724355440586805344e-03
-7.359989453107118607e-03
1.047123316675424576e-02
-1.671443320810794830e-02
3.227627370506525040e-03
5.976027343422174454e-03
4.473777860403060913e-02
-4.755078628659248352e-02
4.009737819433212280e-02
1.931085251271724701e-02
-4.251732304692268372e-02
-4.384351521730422974e-02
1.129472814500331879e-02
-4.688175395131111145e-02
6.698021292686462402e-02
5.602057278156280518e-02
2.990988641977310181e-02
2.378599159419536591e-02
3.709248080849647522e-02
-4.883182048797607422e-02
-6.631764769554138184e-02
-2.242570184171199799e-02
2.632866054773330688e-02
3.265447169542312622e-02
7.399042695760726929e-02
-1.530343573540449142e-02
-1.058693788945674896e-02
-1.670385152101516724e-02
-6.904485635459423065e-03
-2.281218767166137695e-02
-1.481918338686227798e-02
-3.854052396491169930e-03
-3.214998170733451843e-02
-1.979303732514381409e-02
-1.189178526401519775e-01
-1.571969501674175262e-02
-1.322459243237972260e-02
-1.995073072612285614e-02
2.460968494415283203e-02
-1.536222267895936966e-02
-1.017384324222803116e-02
1.708873081952333450e-03
-8.066903054714202881e-02
5.588864162564277649e-02
4.663238301873207092e-02
5.386168882250785828e-02
-3.923233225941658020e-02
2.719268761575222015e-02
-4.040524736046791077e-02
1.785320416092872620e-02
8.054015040397644043e-02
-3.483031690120697021e-02
-2.730264514684677124e-02
-3.948501870036125183e-02
3.096284903585910797e-02
-8.016943931579589844e-02
-6.324370205402374268e-02
-5.964627023786306381e-03
3.006274625658988953e-02
-4.772859066724777222e-02
-6.541524548083543777e-03
6.900479644536972046e-02
-2.172774076461791992e-02
6.684611085802316666e-03
1.218694821000099182e-02
-4.526818543672561646e-02
-6.225426215678453445e-03
2.109603025019168854e-02
-8.222634345293045044e-02
-2.160913310945034027e-03
9.859719872474670410e-02
-1.466792356222867966e-02
6.381663680076599121e-02
3.038709610700607300e-02
7.462243083864450455e-03
-3.561117500066757202e-02
-1.224975194782018661e-02
-3.790852054953575134e-02
3.383410349488258362e-02
8.844622224569320679e-02
-7.516815513372421265e-02
2.114017494022846222e-02
3.609706088900566101e-02
-3.515948774293065071e-03
3.260387480258941650e-02
4.956542700529098511e-02
-1.440415997058153152e-02
1.878231950104236603e-02
7.218727469444274902e-02
-3.360273689031600952e-02
-2.572001190856099129e-03
-7.600458711385726929e-02
-4.368093982338905334e-02
-9.209218621253967285e-02
-7.441590726375579834e-02
1.864360296167433262e-03
-1.635480485856533051e-02
-2.389391302131116390e-04
-6.582190096378326416e-02
6.885746121406555176e-02
-4.201098904013633728e-02
-7.704917341470718384e-02
-3.879640484228730202e-03
8.296184986829757690e-02
-2.004417404532432556e-02
-4.816750064492225647e-02
-6.002855300903320312e-02
1.719996146857738495e-02
-4.534649103879928589e-02
-7.369713485240936279e-02
4.593995586037635803e-02
-6.852783728390932083e-03
-9.307026863098144531e-02
-1.953133009374141693e-02
-5.017787334509193897e-04
1.274886131286621094e-01
5.751770362257957458e-02
-2.936361543834209442e-02
1.718429732136428356e-03
-8.764992654323577881e-02
4.701951518654823303e-02
2.557238563895225525e-02
2.550857514142990112e-02
-2.213501930236816406e-02
-3.334747254848480225e-02
5.170135200023651123e-02
9.786696732044219971e-02
-3.430381044745445251e-02
-5.177278537303209305e-03
2.235586568713188171e-02
-2.300196886062622070e-02
-7.683653384447097778e-02
4.611293226480484009e-02
3.665589261800050735e-03
1.695203222334384918e-02
-3.025823831558227539e-02
-5.897438153624534607e-02
-1.759961061179637909e-02
5.653551593422889709e-02
2.670580521225929260e-02
-4.774369299411773682e-02
-1.871497742831707001e-02
-1.790555380284786224e-02
-1.671144179999828339e-02
-1.207705028355121613e-02
-1.276811119168996811e-02
-8.482140488922595978e-03
3.931916784495115280e-03
-1.964537613093852997e-02
1.696532033383846283e-02
5.045837163925170898e-02
-6.361885368824005127e-02
4.671737179160118103e-02
8.066247403621673584e-02
-1.167193707078695297e-02
-1.063968148082494736e-02
1.577027328312397003e-02
-2.499207295477390289e-02
8.929467201232910156e-02
4.225875437259674072e-02
5.772322788834571838e-02
5.204613879323005676e-02
5.954960733652114868e-02
-4.913429543375968933e-02
6.403056532144546509e-02
5.999635532498359680e-02
-4.982189461588859558e-02
8.114194869995117188e-02
-2.616236731410026550e-02
-5.024471506476402283e-02
-6.587650626897811890e-02
-3.137031570076942444e-02
2.683504670858383179e-02
-7.114413380622863770e-02
-4.781967028975486755e-02
5.897092074155807495e-02
5.767087265849113464e-02
-4.686697572469711304e-02
2.746827341616153717e-02
-1.352000236511230469e-02
1.536640571430325508e-03
-2.221184782683849335e-02
-9.408706799149513245e-03
-2.227600850164890289e-02
5.064504966139793396e-02
3.105108998715877533e-02
-2.233385294675827026e-02
-6.866423785686492920e-02
4.498571529984474182e-02
3.736714646220207214e-02
-6.297340150922536850e-04
-1.939789392054080963e-02
6.819454580545425415e-02
-4.217767342925071716e-02
-3.007379360496997833e-02
1.016645599156618118e-02
-2.768823504447937012e-02
-3.503957018256187439e-02
2.763349330052733421e-03
2.618008758872747421e-03
-1.780701801180839539e-02
-3.932773321866989136e-02
1.782398484647274017e-02
-7.832170464098453522e-03
-5.376100540161132812e-02
-9.274653159081935883e-03
3.384226560592651367e-02
-3.905736282467842102e-02
2.512857317924499512e-03
2.160258963704109192e-02
6.151361018419265747e-02
-2.734337234869599342e-03
4.944535717368125916e-02
-2.561765164136886597e-02
4.575606435537338257e-02
1.308664493262767792e-02
7.861879654228687286e-03
2.128782495856285095e-02
-4.182195756584405899e-03
-8.742614835500717163e-02
-2.955779805779457092e-02
-1.918091438710689545e-02
-2.145466022193431854e-02
4.432539641857147217e-02
-5.621712282299995422e-02
2.391757629811763763e-02
1.872792281210422516e-02
1.570486649870872498e-02
8.014448732137680054e-02
1.524346042424440384e-02
3.424531314522027969e-03
-2.788103744387626648e-02
-4.640597850084304810e-02
-3.066027909517288208e-02
6.494367122650146484e-02
3.835179284214973450e-02
-9.436033666133880615e-02
-3.349920362234115601e-02
-1.830638758838176727e-02
-1.844252832233905792e-02
6.491162930615246296e-04
-5.226273462176322937e-02
5.672978982329368591e-02
-4.185508936643600464e-02
-5.619880184531211853e-02
-2.777676656842231750e-02
-6.205323152244091034e-03
1.335105276666581631e-03
3.976655192673206329e-03
3.273468837141990662e-02
-3.505966439843177795e-02
4.167581500951200724e-04
7.257890701293945312e-02
4.982472583651542664e-02
-3.767238697037100792e-03
4.157619923353195190e-02
-1.695053838193416595e-02
-1.519443187862634659e-02
8.735071867704391479e-02
-1.683946326375007629e-02
1.014219149947166443e-01
-1.844929647631943226e-03
-3.018359187990427017e-03
-4.533886909484863281e-03
6.865584105253219604e-02
-4.816178977489471436e-02
9.238458238542079926e-03
2.331062220036983490e-02
3.206808865070343018e-02
-8.187878131866455078e-02
1.390741299837827682e-02
2.878673560917377472e-02
9.232719987630844116e-02
7.321873214095830917e-03
-9.643963724374771118e-02
2.002425864338874817e-02
7.295085117220878601e-03
1.544193644076585770e-02
-1.924666389822959900e-02
6.708063650876283646e-03
5.167870223522186279e-02
-2.970038540661334991e-02
4.143641330301761627e-03
-3.779494762420654297e-02
1.048085168004035950e-01
-3.164212405681610107e-02
1.899639330804347992e-02
-1.344913244247436523e-02
5.422287061810493469e-02
-2.842984162271022797e-02
7.941331714391708374e-03
-1.084258500486612320e-02
-1.618277095258235931e-02
4.356366768479347229e-02
-9.890224784612655640e-02
-1.111601013690233231e-02
5.119491741061210632e-02
4.390949907246977091e-04
-1.643160940147936344e-04
-1.966524682939052582e-02
4.455200582742691040e-02
-1.508375047706067562e-03
8.947341889142990112e-02
2.128926664590835571e-02
2.646165527403354645e-02
-1.037524361163377762e-02
1.179866027086973190e-02
-2.264328487217426300e-02
8.744781836867332458e-03
-2.940066717565059662e-02
1.541756000369787216e-02
2.512303553521633148e-02
-3.513361886143684387e-02
-5.934387817978858948e-02
-2.737214416265487671e-02
1.126817837357521057e-01
-4.310951381921768188e-02
4.750222433358430862e-03
3.064444102346897125e-02
1.708351820707321167e-02
-1.017948333173990250e-02
-2.911278791725635529e-02
1.766148721799254417e-03
-7.805879414081573486e-02
1.148453447967767715e-02
2.675601281225681305e-02
2.814599778503179550e-03
6.423624604940414429e-02
-3.086658753454685211e-02
-4.288126528263092041e-02
5.185977369546890259e-02
5.537017807364463806e-02
-3.610075637698173523e-02
-3.118940256536006927e-02
-2.726525068283081055e-02
2.005604468286037445e-02
4.483819007873535156e-02
-1.094067562371492386e-02
-9.106271900236606598e-03
1.796228066086769104e-02
2.341908169910311699e-03
1.062551047652959824e-02
7.215487211942672729e-02
-5.107589531689882278e-03
-4.596782848238945007e-02
4.529546946287155151e-02
-5.046005174517631531e-02
-2.026856131851673126e-02
-2.736840955913066864e-02
-1.161107197403907776e-01
7.044294476509094238e-02
-3.476904332637786865e-02
-1.921080518513917923e-03
-9.243852645158767700e-02
-2.412149915471673012e-03
-2.731114253401756287e-02
-7.483393698930740356e-02
-1.005674377083778381e-01
-8.811344392597675323e-03
5.239798873662948608e-02
-6.353320181369781494e-02
-1.410153973847627640e-02
3.749004099518060684e-03
-4.866570699959993362e-03
2.265927381813526154e-02
-4.325365182012319565e-03
-9.617073088884353638e-02
-8.891512989066541195e-04
3.527294844388961792e-02
-4.362609609961509705e-02
-2.445375546813011169e-02
-5.211464688181877136e-02
4.773548990488052368e-02
-7.676306366920471191e-02
1.112295594066381454e-02
1.962003298103809357e-02
-2.732232026755809784e-02
-2.286408096551895142e-02
-2.365427464246749878e-02
-1.639222912490367889e-02
-6.807484198361635208e-03
-3.345535695552825928e-02
2.922791428864002228e-02
4.999665543437004089e-02
-5.353408865630626678e-03
4.418326914310455322e-02
3.891742229461669922e-02
-3.505333513021469116e-02
-2.381319180130958557e-02
-2.579757571220397949e-02
-5.808808282017707825e-02
-1.307300291955471039e-02
-2.925165742635726929e-02
-2.533926628530025482e-02
3.537022322416305542e-02
1.815739320591092110e-03
-1.749688759446144104e-02
2.531711943447589874e-02
5.677258968353271484e-02
-1.111670304089784622e-02
2.795944176614284515e-02
-6.050038151443004608e-03
-2.444684877991676331e-02
-4.686139896512031555e-02
4.920698329806327820e-02
-3.514527902007102966e-02
1.054841466248035431e-02
-9.327170555479824543e-04
-4.977707937359809875e-02
-8.599152415990829468e-02
4.838720336556434631e-02
-5.956437066197395325e-02
2.707691118121147156e-02
-4.244781285524368286e-02
3.801823593676090240e-03
-6.538593024015426636e-02
-7.922351360321044922e-02
-8.508429676294326782e-02
6.860535591840744019e-02
4.242794215679168701e-02
-1.411688327789306641e-02
4.972321167588233948e-02
2.400931902229785919e-02
6.434247642755508423e-02
-2.354228124022483826e-02
-7.555948942899703979e-02
-8.896566927433013916e-02
6.102031469345092773e-02
-6.554604507982730865e-03
7.003546506166458130e-02
-3.034198097884654999e-02
1.911082677543163300e-02
7.001156359910964966e-02
-5.984524637460708618e-02
-7.694551255553960800e-03
9.005383588373661041e-03
-3.414988145232200623e-02
1.586048118770122528e-02
2.114540152251720428e-02
3.627359983511269093e-04
-3.999737277626991272e-02
2.260662987828254700e-02
1.314298715442419052e-02
1.054813247174024582e-02
3.406203910708427429e-02
1.253941468894481659e-02
-2.684568986296653748e-02
2.809661813080310822e-02
1.186205167323350906e-02
-3.397583216428756714e-02
2.316207811236381531e-02
1.202666386961936951e-02
2.712789364159107208e-02
4.112249240279197693e-02
5.759227275848388672e-02
2.669087611138820648e-03
-1.772429561242461205e-03
7.330677006393671036e-03
8.631055802106857300e-02
-1.689442805945873260e-02
4.891282413154840469e-03
-2.663664519786834717e-03
-2.261979505419731140e-02
1.346773467957973480e-02
4.621361568570137024e-02
3.635437041521072388e-02
4.647193849086761475e-02
-1.009253486990928650e-01
-3.178240731358528137e-02
-4.932295065373182297e-03
-2.012954466044902802e-02
-1.271915435791015625e-02
3.869144245982170105e-02
1.808841712772846222e-02
4.279464483261108398e-03
1.656151749193668365e-02
5.717789288610219955e-03
-2.605503425002098083e-02
1.222870964556932449e-02
-6.756553053855895996e-02
-1.358662545680999756e-02
5.207473877817392349e-04
-4.613788053393363953e-02
-5.435421131551265717e-03
3.129081055521965027e-02
1.200930681079626083e-02
1.828695274889469147e-02
-2.317553944885730743e-02
3.738261014223098755e-02
-1.935213059186935425e-02
5.633668228983879089e-02
-1.514584757387638092e-02
-3.209856525063514709e-02
2.699969150125980377e-02
1.471100095659494400e-02
1.204876080155372620e-01
-3.117096051573753357e-02
2.881445549428462982e-02
-2.154422551393508911e-02
-1.816941983997821808e-02
-4.395651444792747498e-02
2.653689309954643250e-02
-3.845458477735519409e-02
-8.295383304357528687e-03
4.681483283638954163e-02
2.331545390188694000e-02
