-1.116011384874582291e-02
-9.891298413276672363e-02
3.507000207901000977e-02
5.951745063066482544e-02
1.361625455319881439e-02
-7.088030874729156494e-02
5.636524036526679993e-02
2.753806300461292267e-03
4.597732424736022949e-02
1.172034665942192078e-01
3.591325134038925171e-02
6.340347230434417725e-02
-4.043774679303169250e-02
3.665480995550751686e-03
3.590255975723266602e-03
1.490216236561536789e-03
-1.682820916175842285e-02
-1.737866736948490143e-02
3.595343232154846191e-02
3.881014510989189148e-02
5.051361396908760071e-02
-1.930252276360988617e-02
8.181452867574989796e-04
-2.305004559457302094e-02
6.304409354925155640e-02
2.501026913523674011e-02
3.064688667654991150e-02
4.613865539431571960e-02
2.994097210466861725e-02
1.068322211503982544e-01
-9.295755624771118164e-02
-1.172364875674247742e-02
4.861884564161300659e-02
3.646843507885932922e-02
2.671472355723381042e-02
-6.224377080798149109e-03
-2.594096958637237549e-02
-1.583094149827957153e-02
7.914249785244464874e-03
5.300536286085844040e-03
7.535120472311973572e-03
-2.440040558576583862e-02
8.692398667335510254e-02
-1.063564792275428772e-02
1.769594475626945496e-02
-2.916670031845569611e-02
9.459827095270156860e-03
-2.381360717117786407e-02
-1.098563745617866516e-01
-3.840792924165725708e-02
-6.275181472301483154e-02
-6.555373221635818481e-02
5.890075862407684326e-02
3.869295865297317505e-02
8.463345468044281006e-03
-2.636309945955872536e-03
-9.910859912633895874e-02
3.303422406315803528e-02
-5.993887782096862793e-02
-6.254442036151885986e-02
4.643357172608375549e-02
-1.994650810956954956e-02
-3.324736282229423523e-02
-6.841052323579788208e-02
-1.005682200193405151e-01
4.818848147988319397e-02
-3.020012192428112030e-02
-1.679830253124237061e-02
-1.152779981493949890e-01
-4.831277206540107727e-02
-4.906529560685157776e-02
-2.976998873054981232e-02
-4.088484123349189758e-02
5.341821536421775818e-02
3.554548323154449463e-02
-2.524120733141899109e-02
-4.871111363172531128e-03
-3.686241805553436279e-02
-6.381664425134658813e-02
1.034065987914800644e-02
2.017031423747539520e-02
-5.962955579161643982e-02
-7.099181879311800003e-03
7.232221215963363647e-02
5.649753659963607788e-02
3.900640085339546204e-02
-1.813981123268604279e-02
-7.703973352909088135e-02
1.338223181664943695e-02
-1.566514931619167328e-02
6.051412224769592285e-02
-1.748668029904365540e-02
-3.769937157630920410e-02
-1.536891981959342957e-02
-4.280913248658180237e-02
-3.382491320371627808e-02
-9.760761633515357971e-03
-1.004413813352584839e-01
6.240564212203025818e-02
-9.061301127076148987e-03
-9.952878206968307495e-02
-5.132922157645225525e-02
-5.399656295776367188e-02
-8.457287214696407318e-03
6.791829946450889111e-04
-4.424647986888885498e-02
1.820255443453788757e-02
-1.057438272982835770e-02
2.845385484397411346e-02
-3.241055831313133240e-02
3.489677608013153076e-02
5.674889683723449707e-02
7.259795069694519043e-02
-6.107885763049125671e-02
-2.899978868663311005e-02
5.283373966813087463e-02
4.769432917237281799e-02
1.554731745272874832e-03
-3.933981526643037796e-03
-3.021161258220672607e-02
1.977751031517982483e-02
2.869695983827114105e-02
2.869326807558536530e-02
-1.073026680387556553e-03
-9.074204415082931519e-02
-4.790244996547698975e-02
-4.935133270919322968e-03
-2.448761276900768280e-02
-9.573650546371936798e-03
6.223845481872558594e-02
-1.043298095464706421e-02
2.513978630304336548e-02
-3.684114292263984680e-02
-8.498314023017883301e-02
-6.103067100048065186e-02
5.674083530902862549e-02
-6.611397117376327515e-02
-1.572162471711635590e-02
-9.121656417846679688e-02
1.788103603757917881e-03
-1.000646427273750305e-01
-2.784160524606704712e-02
-1.573968492448329926e-02
3.455467149615287781e-02
-2.902106754481792450e-02
-1.789763756096363068e-02
-1.708696410059928894e-02
1.440014317631721497e-02
-2.461651712656021118e-02
3.266749531030654907e-02
6.085250526666641235e-02
-2.724640443921089172e-02
8.764464408159255981e-02
-4.150172695517539978e-03
2.490917593240737915e-02
5.410538613796234131e-02
4.595597088336944580e-02
1.468613278120756149e-02
-7.935936748981475830e-02
-4.966546967625617981e-02
1.493028923869132996e-02
-5.542142689228057861e-02
-3.369563445448875427e-02
6.008037552237510681e-02
-9.676726162433624268e-02
5.644990131258964539e-02
-3.362394124269485474e-02
-1.815381087362766266e-02
-3.441450744867324829e-02
-1.534175407141447067e-02
1.493350230157375336e-02
9.592155367136001587e-02
1.565871015191078186e-02
-1.532547734677791595e-02
1.503468956798315048e-02
-4.138165339827537537e-02
-4.679429158568382263e-02
-7.346527278423309326e-02
2.976933866739273071e-02
7.384601980447769165e-02
1.395070552825927734e-02
-9.174545109272003174e-02
1.515859039500355721e-03
3.177843242883682251e-02
1.205275207757949829e-02
6.666957587003707886e-02
-2.649493701756000519e-02
-8.247174322605133057e-03
7.587540894746780396e-02
-6.590677052736282349e-02
-5.501513369381427765e-03
-3.806438529863953590e-03
-5.161053966730833054e-03
8.591738343238830566e-02
1.564658246934413910e-02
-8.146848529577255249e-03
3.461287170648574829e-02
6.072204094380140305e-03
3.370742779225111008e-03
1.260368712246417999e-02
7.333500683307647705e-02
-1.050686556845903397e-02
-2.797247841954231262e-02
-2.102765720337629318e-03
5.158630013465881348e-02
-1.092115044593811035e-02
-3.322240710258483887e-02
-4.847349599003791809e-02
-8.856890350580215454e-02
8.304849267005920410e-03
6.573288142681121826e-02
-9.418950416147708893e-03
1.599075272679328918e-02
-3.990800678730010986e-02
1.900443620979785919e-02
8.656473457813262939e-02
3.651238745078444481e-03
6.893440615385770798e-03
-9.604266844689846039e-03
-5.819160863757133484e-02
1.603395305573940277e-02
6.853954493999481201e-02
-2.768612839281558990e-02
-3.885557129979133606e-02
3.019521245732903481e-03
-3.081298992037773132e-02
8.593667298555374146e-03
-4.413589090108871460e-02
-1.038444414734840393e-02
-8.223345875740051270e-02
-8.079189807176589966e-03
-8.246778696775436401e-02
3.798504546284675598e-02
9.143179655075073242e-02
-3.241217881441116333e-02
8.008544333279132843e-03
2.717246115207672119e-02
6.870843004435300827e-03
3.387670498341321945e-03
-3.234258387237787247e-03
-1.806453429162502289e-02
-3.891098126769065857e-02
-7.234182953834533691e-02
-3.783240541815757751e-02
8.599376888014376163e-04
3.819213807582855225e-02
1.207162719219923019e-02
-4.044191911816596985e-03
5.610474944114685059e-02
2.430290915071964264e-02
-7.438026368618011475e-02
9.197092149406671524e-04
-4.117196053266525269e-02
-4.659482836723327637e-02
3.692719340324401855e-02
1.943030394613742828e-03
-1.999606378376483917e-02
-1.803873479366302490e-02
6.977053731679916382e-02
-3.786462917923927307e-02
-2.549154683947563171e-02
3.809462115168571472e-02
3.563069924712181091e-02
-4.731779173016548157e-02
3.881418332457542419e-02
6.595330685377120972e-02
8.447297848761081696e-03
-7.555198669433593750e-02
4.776922613382339478e-02
7.175514101982116699e-02
8.035857975482940674e-02
-1.627497747540473938e-02
-6.562408804893493652e-02
-5.306730046868324280e-03
4.361999407410621643e-02
-1.968907192349433899e-02
-7.720581442117691040e-02
1.362684834748506546e-02
2.811601152643561363e-03
-2.680417150259017944e-02
2.759747020900249481e-02
7.487875968217849731e-02
-7.012095302343368530e-02
4.165621940046548843e-03
3.139442950487136841e-02
-2.424100413918495178e-02
-4.701396077871322632e-02
-1.207144930958747864e-02
-4.263610765337944031e-02
6.097405403852462769e-02
-3.459597751498222351e-02
3.869676217436790466e-02
-3.311756253242492676e-02
4.567614197731018066e-02
-5.954055581241846085e-03
3.560674563050270081e-02
4.801013506948947906e-03
6.232917681336402893e-02
5.118980258703231812e-02
7.011412829160690308e-02
-7.259117066860198975e-02
-4.333157092332839966e-02
2.761323750019073486e-02
-4.437746107578277588e-02
-8.638001233339309692e-02
-4.137815907597541809e-02
-2.008964307606220245e-02
-2.936070412397384644e-02
4.196363501250743866e-03
3.505471348762512207e-02
1.070234272629022598e-02
6.246278807520866394e-02
1.497773174196481705e-02
4.696473479270935059e-02
-2.898858301341533661e-02
4.646944999694824219e-02
-4.697806015610694885e-02
7.936834543943405151e-02
-5.446083471179008484e-02
9.317155927419662476e-02
-1.855314522981643677e-02
-2.982580475509166718e-02
5.945892632007598877e-02
-3.550786897540092468e-02
-7.974300533533096313e-02
-9.630134329199790955e-03
1.818717829883098602e-02
5.494898185133934021e-02
-5.188910663127899170e-02
1.886457763612270355e-02
-1.305322442203760147e-02
-8.905891329050064087e-02
1.079433932900428772e-01
-2.361540123820304871e-02
-2.869429066777229309e-02
8.393798954784870148e-03
-2.632962726056575775e-02
4.205026105046272278e-02
5.032588541507720947e-02
-2.986658364534378052e-02
5.674326047301292419e-02
1.018245667219161987e-01
-1.393064949661493301e-02
-3.195695951581001282e-02
8.717662841081619263e-02
-1.218956429511308670e-02
1.349750906229019165e-02
4.747404158115386963e-02
4.096963442862033844e-03
1.070203259587287903e-02
-2.329183742403984070e-02
-2.678324468433856964e-02
-7.731871679425239563e-03
-3.208925202488899231e-02
-6.202967092394828796e-02
2.218256145715713501e-02
3.838199004530906677e-02
-1.057331636548042297e-02
1.338929403573274612e-02
2.961955964565277100e-02
3.393920138478279114e-02
2.828330919146537781e-02
4.490632936358451843e-02
-1.868942566215991974e-02
7.402236759662628174e-02
-7.229734677821397781e-03
1.883541792631149292e-02
2.695323200896382332e-03
-3.135253116488456726e-02
-2.284183725714683533e-02
1.691333763301372528e-02
5.701418966054916382e-02
1.052813045680522919e-02
-2.314979955554008484e-02
-1.466548722237348557e-02
5.969329923391342163e-02
7.444017101079225540e-03
5.906700715422630310e-02
-4.957112483680248260e-03
-6.142498459666967392e-03
1.797794550657272339e-02
1.874861493706703186e-02
8.543553203344345093e-02
-4.175506904721260071e-02
-3.233320266008377075e-02
-1.244069822132587433e-02
2.227835729718208313e-02
-3.314981609582901001e-02
5.736907571554183960e-02
8.998084813356399536e-03
-1.300501357764005661e-02
3.792575746774673462e-02
-1.404724568128585815e-01
4.085949063301086426e-02
-4.890855774283409119e-02
2.802492305636405945e-02
1.059000939130783081e-01
-7.305207848548889160e-02
-5.438845977187156677e-02
-5.822081491351127625e-02
5.030426010489463806e-02
-2.049025520682334900e-02
3.018353506922721863e-02
3.868852928280830383e-02
1.930524129420518875e-03
-6.076326966285705566e-02
2.128072828054428101e-02
3.908054530620574951e-02
1.689785160124301910e-02
-2.606883831322193146e-02
-3.360800445079803467e-02
-1.568174548447132111e-02
3.678630664944648743e-02
3.336183354258537292e-02
-2.514160238206386566e-02
9.021414443850517273e-03
-2.582151815295219421e-02
3.710713237524032593e-02
-2.789892256259918213e-02
-5.557602271437644958e-02
2.267209440469741821e-02
-2.045083791017532349e-02
-3.945205733180046082e-02
-5.502109602093696594e-02
1.447116117924451828e-02
3.253212571144104004e-02
7.540751993656158447e-02
-2.269835956394672394e-02
3.968827426433563232e-02
1.859510131180286407e-02
-3.778756037354469299e-02
5.479091312736272812e-03
4.819871112704277039e-02
-4.155834764242172241e-02
1.260863337665796280e-02
-1.991407759487628937e-02
5.767538025975227356e-02
-8.779705502092838287e-03
-7.607276551425457001e-03
-6.556569784879684448e-02
6.047704257071018219e-03
-4.735346883535385132e-02
5.342919752001762390e-02
-3.843788057565689087e-02
-2.599220536649227142e-02
9.363943245261907578e-04
1.264250725507736206e-01
2.800031378865242004e-02
-7.972011342644691467e-03
8.221550844609737396e-03
-2.770261093974113464e-02
9.316202253103256226e-02
4.723100736737251282e-02
-6.185354292392730713e-02
2.754443697631359100e-02
9.133981913328170776e-02
3.529127687215805054e-02
-1.667494140565395355e-02
4.883539304137229919e-02
1.179685001261532307e-03
3.286223113536834717e-02
5.623121559619903564e-02
9.742674417793750763e-03
1.199499238282442093e-02
1.178741734474897385e-02
5.553778633475303650e-02
5.480580776929855347e-02
1.828730851411819458e-02
2.715793624520301819e-02
1.194384414702653885e-02
-2.530898526310920715e-02
-4.886083677411079407e-02
-2.581193484365940094e-02
-2.667661756277084351e-02
-2.612858265638351440e-02
-2.620397834107279778e-03
1.759915053844451904e-02
-2.725494466722011566e-02
-1.204285398125648499e-02
2.829361520707607269e-02
1.422054041177034378e-02
7.123303413391113281e-02
1.144617702811956406e-02
-4.045248404145240784e-02
-1.429777499288320541e-02
-6.504065822809934616e-03
2.654596790671348572e-02
-5.589615181088447571e-02
-5.231505259871482849e-02
3.828918561339378357e-02
1.436697691679000854e-02
-7.800004631280899048e-02
7.513948529958724976e-02
5.252166185528039932e-03
3.835751488804817200e-02
1.744644902646541595e-02
-1.267130021005868912e-02
-3.118591755628585815e-02
2.474137023091316223e-02
-4.554743692278862000e-02
-9.977562353014945984e-03
-1.961596682667732239e-02
-6.373346596956253052e-02
-1.771278306841850281e-02
8.191163837909698486e-02
-8.308967947959899902e-02
-7.216713577508926392e-02
-1.110389456152915955e-02
4.177822917699813843e-02
-3.873492591083049774e-03
-6.492100656032562256e-02
6.976705975830554962e-03
4.110578447580337524e-03
7.761655002832412720e-02
1.130631007254123688e-02
-2.386710606515407562e-02
-2.462265547364950180e-03
2.394977584481239319e-02
-7.209888100624084473e-02
-3.797669708728790283e-02
-5.475283786654472351e-02
1.006366405636072159e-02
-1.593527756631374359e-02
1.193728670477867126e-02
-4.887058585882186890e-02
-9.737409651279449463e-02
-2.277878113090991974e-02
7.056818809360265732e-03
6.126015633344650269e-02
-6.543430685997009277e-02
6.275758892297744751e-02
1.940856128931045532e-02
-6.255926191806793213e-02
-3.020850196480751038e-02
6.164491549134254456e-02
-5.140381865203380585e-03
-5.179052054882049561e-02
7.881688885390758514e-03
1.764572225511074066e-02
4.855670966207981110e-03
2.149962820112705231e-03
-4.885103553533554077e-02
7.934841513633728027e-02
8.784672827459871769e-04
-9.482730925083160400e-02
4.139200598001480103e-02
-1.848519034683704376e-02
3.403075039386749268e-02
-2.000723779201507568e-02
-5.529814586043357849e-02
1.396290212869644165e-02
-5.599886551499366760e-02
5.602012202143669128e-02
-6.828298792243003845e-03
-3.271470591425895691e-02
-5.888663697987794876e-03
8.091557770967483521e-03
-1.150247734040021896e-02
-9.950324892997741699e-03
-3.004590515047311783e-03
-7.797111570835113525e-02
-6.715193390846252441e-02
2.624126709997653961e-02
-1.196226477622985840e-02
-2.861313894391059875e-02
6.483703106641769409e-02
3.363646939396858215e-02
-2.727221930399537086e-03
-3.031292930245399475e-02
1.798534416593611240e-03
2.313135191798210144e-02
-2.763193100690841675e-02
-2.147853374481201172e-02
9.130264073610305786e-02
1.037271097302436829e-01
3.616125509142875671e-02
-4.895261302590370178e-02
5.863894522190093994e-02
3.210767358541488647e-02
-4.403082281351089478e-02
1.243209931999444962e-02
6.139231845736503601e-02
-9.971278160810470581e-02
-3.238464007154107094e-03
-6.933706253767013550e-02
5.163950845599174500e-02
4.955436661839485168e-02
-5.732483789324760437e-02
1.865238510072231293e-02
-4.218327999114990234e-02
1.409553922712802887e-02
-1.689093653112649918e-03
-5.437740683555603027e-02
7.402504794299602509e-03
-2.730489708483219147e-02
3.566469252109527588e-02
-6.920856237411499023e-02
3.512018546462059021e-02
-8.878665976226329803e-03
5.914434418082237244e-02
-1.254432350397109985e-01
-7.672030478715896606e-02
-9.108210913836956024e-03
-1.774625480175018311e-02
-4.648470785468816757e-04
2.280573174357414246e-02
-3.666387870907783508e-02
-7.928971201181411743e-02
-1.521043106913566589e-02
-1.563593745231628418e-02
2.376781404018402100e-02
-1.779824681580066681e-02
3.098338097333908081e-02
6.609738618135452271e-02
9.189834818243980408e-03
-2.066504769027233124e-02
-6.323835253715515137e-02
2.216099528595805168e-03
-2.714686654508113861e-02
1.027352409437298775e-03
-2.095889486372470856e-02
-1.177452597767114639e-02
-8.783980458974838257e-02
-2.494237013161182404e-02
-6.248170882463455200e-02
7.251311559230089188e-03
-1.822678185999393463e-02
4.609188437461853027e-02
1.922558620572090149e-02
-7.396650314331054688e-02
4.603674635291099548e-03
5.603836104273796082e-02
-8.154337853193283081e-02
-2.698497846722602844e-02
-4.690849408507347107e-02
1.639861427247524261e-02
-2.740643918514251709e-02
4.923669993877410889e-02
3.161215782165527344e-02
-5.949676036834716797e-03
1.489007938653230667e-02
3.544502193108201027e-03
7.321346551179885864e-02
-6.634150445461273193e-02
8.976861834526062012e-02
6.093242764472961426e-02
6.413555238395929337e-03
1.581608690321445465e-02
-8.056674897670745850e-02
-2.427216619253158569e-02
-5.108649283647537231e-02
-1.077392604202032089e-02
3.333244472742080688e-02
1.546866912394762039e-02
3.954528644680976868e-02
8.173009008169174194e-02
1.717791520059108734e-02
-4.184831306338310242e-02
4.036729782819747925e-02
3.975648432970046997e-02
-9.935880079865455627e-04
-5.956296995282173157e-02
-5.819564685225486755e-03
-1.184700708836317062e-02
6.809607148170471191e-02
-1.618982874788343906e-03
-9.086572378873825073e-02
5.540081299841403961e-03
4.563760757446289062e-02
-1.264903787523508072e-02
1.911610551178455353e-02
1.400794950313866138e-03
-4.031375423073768616e-02
-2.206330886110663414e-03
-6.021771579980850220e-02
-2.099460549652576447e-02
-2.825713157653808594e-02
-2.355125918984413147e-02
-8.416599035263061523e-02
4.571661353111267090e-02
6.449853628873825073e-02
8.975774794816970825e-02
-2.326609566807746887e-02
8.723153173923492432e-02
-1.476482674479484558e-02
6.349397450685501099e-02
-2.606760337948799133e-02
3.580335527658462524e-02
4.165826737880706787e-02
1.095828507095575333e-02
7.136606145650148392e-03
8.051720261573791504e-02
-3.588390722870826721e-02
-1.033828500658273697e-02
7.221358828246593475e-03
5.704814568161964417e-02
9.076296538114547729e-02
-2.935456298291683197e-02
-2.234060131013393402e-02
-2.879055589437484741e-02
-5.370943341404199600e-03
2.378125675022602081e-02
-2.511516585946083069e-02
-7.290976494550704956e-02
2.304491214454174042e-02
-1.458942890167236328e-03
2.474895305931568146e-02
-3.531955182552337646e-02
-5.452748388051986694e-02
6.953336764127016068e-03
6.809894740581512451e-02
-2.895281277596950531e-02
1.197387930005788803e-02
7.967948168516159058e-02
6.134746130555868149e-03
8.963301032781600952e-02
-6.204419303685426712e-03
3.242671862244606018e-02
4.509518295526504517e-02
-6.327585130929946899e-02
-2.721158787608146667e-03
4.487999901175498962e-02
1.910391077399253845e-02
-4.631251841783523560e-02
1.445174257241887972e-05
-2.190360985696315765e-02
4.702984914183616638e-02
-3.066029958426952362e-02
2.717128768563270569e-02
-1.235470734536647797e-02
-2.993534505367279053e-02
-2.078892663121223450e-03
-1.297064218670129776e-02
1.023626923561096191e-01
-3.982979804277420044e-02
9.816011786460876465e-02
-8.069103956222534180e-02
-6.401430815458297729e-02
1.111338436603546143e-01
-4.795762151479721069e-02
1.474476978182792664e-02
-6.686347723007202148e-02
2.910700626671314240e-02
-5.858159065246582031e-02
-5.555722117424011230e-02
-2.124587446451187134e-02
-1.060613170266151428e-01
3.744061104953289032e-03
-1.679446734488010406e-02
4.511952400207519531e-02
-1.379395928233861923e-02
4.213000833988189697e-02
4.844522476196289062e-02
-3.475263714790344238e-02
1.214421074837446213e-02
3.062969632446765900e-02
-2.593000978231430054e-02
5.007520690560340881e-02
6.839315593242645264e-02
3.784381225705146790e-02
-3.005179017782211304e-02
5.414916574954986572e-02
-4.650818184018135071e-02
-1.433692686259746552e-02
-4.325154423713684082e-02
-1.240438967943191528e-02
1.828008145093917847e-02
-3.890389576554298401e-02
-1.556529477238655090e-02
-8.414632827043533325e-02
-1.179871782660484314e-01
-5.778132006525993347e-02
-2.944915369153022766e-02
3.622914850711822510e-02
-5.006703082472085953e-03
-1.993083767592906952e-02
-6.363437324762344360e-02
1.735207252204418182e-02
9.354151785373687744e-03
-1.148783229291439056e-02
-3.523179516196250916e-02
-2.903615869581699371e-02
-1.983466930687427521e-02
5.341803655028343201e-02
2.307217754423618317e-02
-3.368688002228736877e-02
8.075263351202011108e-03
8.650141768157482147e-03
-5.088033154606819153e-02
-1.735643669962882996e-02
-1.753966510295867920e-02
-1.873238384723663330e-02
-1.915160007774829865e-02
1.133311726152896881e-02
-2.329312264919281006e-02
-5.636499077081680298e-02
1.991972513496875763e-02
-2.166480943560600281e-02
-3.168478608131408691e-02
-1.172531694173812866e-01
4.657248035073280334e-02
-2.389731816947460175e-02
2.254992537200450897e-02
3.771262988448143005e-02
3.088876791298389435e-02
2.887911535799503326e-02
-2.053155936300754547e-02
-7.010024040937423706e-02
2.311546355485916138e-02
-3.271396085619926453e-02
-2.853334695100784302e-02
4.594769328832626343e-02
-2.282050624489784241e-02
4.323453083634376526e-02
1.777427643537521362e-02
-3.719989955425262451e-02
-9.278700686991214752e-03
-3.875428065657615662e-02
6.240062881261110306e-03
2.554540894925594330e-02
-1.981053501367568970e-02
-1.039865519851446152e-02
1.614503189921379089e-02
-2.984973229467868805e-02
-4.210542142391204834e-02
-9.116987138986587524e-02
6.475090235471725464e-02
-2.169842831790447235e-03
1.631502620875835419e-02
-1.903671957552433014e-02
-2.766011282801628113e-02
-2.826190553605556488e-02
-2.183372899889945984e-02
8.073315024375915527e-02
6.614861637353897095e-02
7.794406265020370483e-03
-4.433623980730772018e-03
1.362090464681386948e-02
1.401739194989204407e-02
-1.329182181507349014e-02
2.689460106194019318e-02
-3.570892289280891418e-02
7.791420817375183105e-02
-4.731952771544456482e-02
4.488066583871841431e-02
-3.348418697714805603e-02
3.640956804156303406e-02
-8.519474416971206665e-03
-4.148736596107482910e-02
5.563466995954513550e-02
-2.486245706677436829e-03
4.922104999423027039e-03
5.762796383351087570e-03
-2.771998383104801178e-02
2.924832142889499664e-02
-2.837961725890636444e-02
-2.038738317787647247e-02
-8.650422096252441406e-04
5.999265238642692566e-02
-3.732879459857940674e-02
5.422024801373481750e-02
6.038100644946098328e-02
9.692571312189102173e-02
-3.001761436462402344e-02
-2.966662636026740074e-03
3.545625135302543640e-03
1.605173759162425995e-02
-2.297633141279220581e-02
5.789796262979507446e-02
-3.938079997897148132e-02
6.285341922193765640e-03
-4.696452617645263672e-02
-1.290317159146070480e-02
2.958780527114868164e-02
3.105841577053070068e-02
-5.855018645524978638e-02
-1.468378584831953049e-02
-6.878891587257385254e-02
-3.053246438503265381e-02
-5.646237172186374664e-03
-2.750377357006072998e-02
2.828651666641235352e-02
2.056730538606643677e-02
-4.737038165330886841e-03
1.583616435527801514e-02
-7.940591126680374146e-02
-3.567785397171974182e-02
8.255881071090698242e-02
-7.195918262004852295e-02
1.559408195316791534e-02
1.368612982332706451e-02
4.148830473423004150e-02
-5.203471705317497253e-02
6.414879858493804932e-02
9.527296759188175201e-03
2.451256103813648224e-02
3.245265409350395203e-02
2.503564395010471344e-02
3.413464128971099854e-02
2.997504547238349915e-02
1.128961592912673950e-01
1.035667210817337036e-02
6.221333518624305725e-02
3.296072408556938171e-02
-6.772419810295104980e-02
-1.514977496117353439e-02
1.338118221610784531e-02
-6.615319103002548218e-02
3.016737289726734161e-02
2.497016219422221184e-03
-2.942973934113979340e-02
-4.183045402169227600e-02
-1.085379719734191895e-02
5.020747333765029907e-02
2.146401442587375641e-02
6.288450956344604492e-02
8.120438084006309509e-03
2.852614410221576691e-02
1.087359804660081863e-02
-4.318274091929197311e-03
-1.875519938766956329e-02
-6.474197655916213989e-02
-1.145703345537185669e-02
-2.674352563917636871e-02
-2.095411531627178192e-02
-4.399364441633224487e-02
9.670785814523696899e-02
-3.551513329148292542e-02
-5.000842735171318054e-03
3.270564228296279907e-02
2.037807926535606384e-02
-3.941477835178375244e-02
9.281587600708007812e-02
-7.193627208471298218e-02
2.745658857747912407e-03
-4.439985379576683044e-02
-6.543066352605819702e-02
2.057821676135063171e-02
-3.326262533664703369e-02
-4.770277068018913269e-02
7.000351697206497192e-02
-6.382215768098831177e-02
-1.128826737403869629e-01
-4.346299171447753906e-02
-3.080546297132968903e-02
-2.639490179717540741e-02
1.803177781403064728e-02
-3.899097442626953125e-03
5.463655106723308563e-03
-1.073226556181907654e-01
-9.186068549752235413e-03
-2.684409916400909424e-02
-2.209495566785335541e-02
3.464935347437858582e-02
8.333635050803422928e-04
1.431175507605075836e-02
-7.675692904740571976e-03
8.074118755757808685e-03
7.097610272467136383e-03
8.389303088188171387e-02
-4.826745390892028809e-02
1.809122040867805481e-02
-4.277648869901895523e-03
2.925772406160831451e-02
2.375527843832969666e-02
-2.933198213577270508e-02
1.510583888739347458e-02
1.574036665260791779e-02
-1.413574069738388062e-02
9.824232198297977448e-03
-3.729958832263946533e-02
-1.353241689503192902e-02
3.262621536850929260e-02
1.564018987119197845e-02
-1.886672340333461761e-02
2.634130418300628662e-02
-4.509509075433015823e-03
-3.977609798312187195e-02
2.123984880745410919e-02
-5.551227927207946777e-02
-1.924836821854114532e-02
8.279550820589065552e-03
5.632235854864120483e-02
1.218437310308218002e-02
-2.393805049359798431e-02
2.003153786063194275e-02
-1.046663895249366760e-02
-6.412927806377410889e-02
-3.614461794495582581e-02
4.145331308245658875e-02
1.128126028925180435e-02
-4.837429441977292299e-04
7.776413112878799438e-03
-3.423349559307098389e-02
-6.832310557365417480e-02
-4.450048133730888367e-02
-1.631182245910167694e-02
-2.268605632707476616e-03
-4.548325389623641968e-02
-2.241638675332069397e-02
1.776248961687088013e-02
1.491128560155630112e-02
-2.988224476575851440e-02
-4.962431266903877258e-02
-3.917917236685752869e-02
2.004188485443592072e-02
-5.087665095925331116e-02
-5.671963561326265335e-03
-2.720880508422851562e-02
6.298138946294784546e-02
-7.784002926200628281e-03
4.718363657593727112e-02
-7.670878618955612183e-02
-1.981413923203945160e-02
3.914402425289154053e-02
1.984285190701484680e-02
-1.361994724720716476e-02
1.992870494723320007e-02
6.790261715650558472e-02
-4.898643866181373596e-02
3.985718637704849243e-02
2.402956783771514893e-02
-3.103860467672348022e-02
5.423232167959213257e-02
