8.248953148722648621e-03
-7.447431795299053192e-03
-8.635893464088439941e-02
-9.242903441190719604e-02
-3.157554566860198975e-02
-3.041269816458225250e-02
-3.348559886217117310e-02
1.914569921791553497e-02
-1.910034380853176117e-02
-5.386501923203468323e-02
-3.415125980973243713e-02
-1.224750000983476639e-02
1.113332714885473251e-02
4.282207787036895752e-02
-3.033652529120445251e-02
7.458639889955520630e-02
-1.925346441566944122e-02
-4.839704185724258423e-02
-1.842395961284637451e-02
1.691551133990287781e-02
1.733415201306343079e-02
3.635950619354844093e-03
-2.763059362769126892e-02
-1.246075052767992020e-02
6.185913085937500000e-02
4.203796759247779846e-02
9.736790321767330170e-03
-6.097471714019775391e-02
-6.826446205377578735e-02
-2.315425686538219452e-02
5.625832080841064453e-02
-2.013101987540721893e-02
8.402065373957157135e-03
-8.798091672360897064e-03
-9.625747799873352051e-03
-6.065686792135238647e-02
-1.679034717381000519e-02
4.175898805260658264e-02
-2.270493470132350922e-02
-2.879013074561953545e-03
5.305176228284835815e-02
1.612492837011814117e-02
3.537902235984802246e-02
6.482412666082382202e-02
-6.805461645126342773e-02
7.127321790903806686e-03
-7.613695226609706879e-03
-8.545803837478160858e-03
-1.032516919076442719e-02
-4.056781530380249023e-03
4.545043408870697021e-02
2.592970803380012512e-02
2.033537253737449646e-02
1.729445904493331909e-02
6.167163606733083725e-03
2.212008275091648102e-02
4.642632603645324707e-02
-2.186746709048748016e-02
5.040585622191429138e-02
2.282318100333213806e-02
-9.070754051208496094e-03
1.056537628173828125e-01
-6.151916831731796265e-02
6.363614648580551147e-02
-9.916828013956546783e-03
-6.217197701334953308e-02
1.604288630187511444e-02
-8.037868887186050415e-02
8.742643147706985474e-02
9.537053853273391724e-02
2.032535150647163391e-02
-7.534213829785585403e-03
-9.618072211742401123e-02
5.597907677292823792e-02
-5.524792894721031189e-02
1.833888143301010132e-02
-5.104348063468933105e-02
-2.650431916117668152e-02
-2.578769065439701080e-02
5.436912924051284790e-02
3.395080938935279846e-02
2.474042959511280060e-02
6.673817336559295654e-02
8.984439074993133545e-03
1.629843562841415405e-02
7.526168134063482285e-03
2.454068325459957123e-02
-4.409724846482276917e-02
1.427400112152099609e-02
1.663784612901508808e-03
-9.045021235942840576e-02
1.440889984369277954e-01
3.297486156225204468e-02
-7.349748164415359497e-02
3.915164247155189514e-02
-3.061809949576854706e-02
1.315673440694808960e-02
-6.594648212194442749e-02
5.593440961092710495e-03
-5.790973827242851257e-02
-1.472383830696344376e-02
1.181552466005086899e-02
-3.519446356222033501e-03
-5.459554865956306458e-02
4.041389375925064087e-02
-5.007240176200866699e-02
-1.177717279642820358e-02
3.803242696449160576e-03
1.509744580835103989e-02
-5.097170546650886536e-02
2.557769045233726501e-02
5.352645367383956909e-02
5.516313947737216949e-03
1.979684829711914062e-02
1.719880290329456329e-02
5.558326467871665955e-02
-2.083490416407585144e-02
-4.437278583645820618e-02
-5.164176225662231445e-03
-4.289949312806129456e-02
4.033160395920276642e-03
2.941734716296195984e-02
4.342817887663841248e-02
2.922200970351696014e-02
-4.678142443299293518e-02
3.591886907815933228e-02
3.670117259025573730e-02
5.024883896112442017e-02
1.344752870500087738e-02
-8.537012338638305664e-02
5.685570649802684784e-03
-6.260709464550018311e-02
7.501156628131866455e-02
-2.238514833152294159e-02
-2.949824742972850800e-02
-8.567359298467636108e-02
8.022782951593399048e-02
-9.710791707038879395e-02
-1.306776981800794601e-02
2.801655232906341553e-02
8.412221446633338928e-03
4.546765610575675964e-02
-2.004000544548034668e-02
-1.751954853534698486e-02
-3.596950322389602661e-02
1.160387415438890457e-02
1.207547821104526520e-02
4.363669455051422119e-02
1.876243762671947479e-02
1.266242470592260361e-02
-1.652406528592109680e-02
4.417220875620841980e-02
8.811282925307750702e-03
6.160294637084007263e-02
2.773288451135158539e-02
1.007264759391546249e-02
-3.934914991259574890e-02
-8.928311616182327271e-02
-5.111284181475639343e-02
-4.229646176099777222e-02
1.199647933244705200e-01
9.434911608695983887e-02
3.680380806326866150e-02
-2.283607609570026398e-02
-1.266718562692403793e-02
-1.625621318817138672e-02
-6.983303278684616089e-02
-7.075460255146026611e-02
-7.228544354438781738e-02
-3.304777294397354126e-02
2.344616875052452087e-02
3.413185477256774902e-02
-5.225683376193046570e-02
7.301881909370422363e-02
-3.094833809882402420e-03
1.062894687056541443e-01
1.435445714741945267e-02
6.690232839901000261e-05
-2.904943190515041351e-02
1.089591532945632935e-02
5.934549495577812195e-02
-5.940656736493110657e-02
-4.775950685143470764e-02
-4.739267379045486450e-02
-2.851981669664382935e-02
-4.170767590403556824e-02
2.465236373245716095e-02
6.902132928371429443e-02
-6.663518399000167847e-02
5.763829872012138367e-02
-1.235423889011144638e-02
5.232598632574081421e-02
1.114282663911581039e-02
-3.779207542538642883e-02
4.509775713086128235e-02
1.930934377014636993e-02
-4.288644995540380478e-04
7.734950631856918335e-02
8.348227478563785553e-03
1.046028658747673035e-01
4.181396588683128357e-02
4.630488902330398560e-02
1.213334426283836365e-01
-1.813470199704170227e-02
9.336262941360473633e-03
-4.927699640393257141e-02
7.590948790311813354e-02
-4.547303169965744019e-02
-1.239290740340948105e-02
-9.695623070001602173e-02
-2.202500402927398682e-02
-3.400280373170971870e-03
4.540759546216577291e-04
6.306204199790954590e-02
2.601744607090950012e-02
4.156919568777084351e-02
-2.575602754950523376e-02
4.295477643609046936e-02
1.090637594461441040e-02
1.396069210022687912e-02
3.923534229397773743e-02
-1.168603077530860901e-01
5.704367160797119141e-02
1.241879258304834366e-02
-2.666619978845119476e-02
2.901047654449939728e-02
-7.808669656515121460e-02
-2.919445105362683535e-04
-2.102816943079233170e-03
-4.674479365348815918e-02
-2.119616232812404633e-02
-1.619710028171539307e-02
4.020009562373161316e-02
-3.990269824862480164e-02
-4.355717822909355164e-02
3.742026910185813904e-02
4.893842339515686035e-02
-1.506005041301250458e-02
3.180849179625511169e-02
3.130288328975439072e-03
-4.341027233749628067e-03
-4.895843192934989929e-02
-3.032569587230682373e-02
3.896328806877136230e-02
9.295166470110416412e-03
-1.686796359717845917e-02
6.643208116292953491e-02
-5.301686003804206848e-02
-1.968360133469104767e-02
8.942800760269165039e-02
1.892521418631076813e-02
-2.919551171362400055e-02
-3.872063010931015015e-02
-2.242279797792434692e-02
9.556940756738185883e-03
-2.313965698704123497e-03
2.955923974514007568e-02
-1.969414390623569489e-02
-5.744283273816108704e-02
-4.845433682203292847e-02
5.527225881814956665e-02
6.821944564580917358e-02
3.654759377241134644e-02
2.674296312034130096e-02
-1.299172919243574142e-02
-9.058822877705097198e-03
4.240704327821731567e-02
2.129704877734184265e-02
-2.560977265238761902e-02
4.094902053475379944e-02
7.006593048572540283e-02
-8.591105579398572445e-04
-3.823274001479148865e-02
4.803824424743652344e-02
-1.108303572982549667e-02
-2.260633930563926697e-02
-1.638245023787021637e-02
-4.928850755095481873e-02
4.900867119431495667e-02
-7.492011040449142456e-02
3.094312921166419983e-02
8.334916830062866211e-02
-5.006870999932289124e-02
-7.300993893295526505e-03
-2.166526205837726593e-02
4.285063594579696655e-03
-1.361161586828529835e-03
4.662741720676422119e-02
-4.845038522034883499e-03
-3.187859430909156799e-02
-3.307211771607398987e-02
1.697355695068836212e-02
-6.792621314525604248e-02
-5.108612403273582458e-02
3.686635568737983704e-02
3.751511918380856514e-03
5.993328243494033813e-02
-2.015129430219531059e-03
-1.028119549155235291e-01
-4.420707374811172485e-02
2.033896744251251221e-02
5.109861120581626892e-02
1.926465542055666447e-03
5.731781199574470520e-02
-3.198376297950744629e-02
1.098461449146270752e-03
3.386919572949409485e-02
-5.312548950314521790e-02
-3.741203248500823975e-02
-7.681661285459995270e-03
-2.369632385671138763e-02
1.333355251699686050e-02
1.675335317850112915e-02
-2.447669953107833862e-02
-2.311812713742256165e-02
3.035541810095310211e-02
-2.134257182478904724e-02
2.576112188398838043e-02
-7.987095043063163757e-03
9.092522412538528442e-02
-5.852657929062843323e-02
-2.262782491743564606e-02
9.265468269586563110e-02
6.529566645622253418e-02
-2.789499983191490173e-02
-1.453450024127960205e-01
-2.632977999746799469e-02
-8.239514194428920746e-03
2.284793183207511902e-02
2.747702784836292267e-02
-6.659319251775741577e-02
-6.504770368337631226e-02
8.141024969518184662e-03
3.431425988674163818e-02
-8.457446098327636719e-02
2.683881297707557678e-02
-2.611321397125720978e-02
-4.703138023614883423e-03
1.135995686054229736e-01
4.074120894074440002e-02
1.906002685427665710e-02
3.671362251043319702e-02
-7.180566340684890747e-02
8.528199046850204468e-03
6.252150982618331909e-03
3.109401650726795197e-02
-7.146773487329483032e-02
3.346446529030799866e-02
-8.040647208690643311e-02
1.321637909859418869e-02
2.268060855567455292e-02
-2.774250507354736328e-02
2.975064516067504883e-02
9.034699201583862305e-02
-9.397423826158046722e-03
1.904422603547573090e-02
-2.716445177793502808e-02
4.590590670704841614e-02
-5.446832999587059021e-02
-5.923787597566843033e-03
-3.950646519660949707e-02
1.515363622456789017e-02
3.603874146938323975e-02
1.132569741457700729e-02
5.948150530457496643e-02
-7.885207422077655792e-03
-2.138463221490383148e-02
-3.353394567966461182e-02
-1.140936464071273804e-01
7.147030532360076904e-02
2.020574733614921570e-02
-4.948425292968750000e-02
2.622841298580169678e-02
6.578508764505386353e-02
4.458355903625488281e-02
-8.980892598628997803e-03
2.381240762770175934e-02
-7.647804915904998779e-02
-5.182390660047531128e-02
5.261166021227836609e-03
-1.652305200695991516e-02
2.802694402635097504e-02
-4.900386091321706772e-03
9.633755311369895935e-03
5.684463772922754288e-03
4.283944144845008850e-02
-1.913655363023281097e-02
-1.961006782948970795e-02
-4.406939446926116943e-02
-1.290529519319534302e-01
-1.950651220977306366e-02
-5.631151422858238220e-02
2.541426941752433777e-02
8.235823363065719604e-02
-1.685908250510692596e-02
-2.916358411312103271e-02
3.417077241465449333e-03
-2.083209156990051270e-02
-2.800901606678962708e-02
-2.024606801569461823e-02
-9.607037529349327087e-03
-2.650920115411281586e-02
5.878264456987380981e-02
1.492215599864721298e-02
8.218325674533843994e-03
-1.002178899943828583e-02
2.111850865185260773e-02
2.161574363708496094e-02
-7.007724791765213013e-02
-3.960254788398742676e-02
6.420715944841504097e-04
-3.121702559292316437e-02
4.079168289899826050e-02
-2.840944752097129822e-02
-2.479036571457982063e-03
4.180964082479476929e-02
7.151875644922256470e-02
3.455829620361328125e-02
-8.373655378818511963e-02
-3.491776809096336365e-02
1.093832310289144516e-02
-5.093771591782569885e-02
-1.813116949051618576e-03
-2.256488054990768433e-02
-5.223486199975013733e-02
-3.629342839121818542e-02
6.336089968681335449e-02
-2.973246574401855469e-02
3.442298248410224915e-02
9.525913745164871216e-02
-2.264614915475249290e-03
5.629814043641090393e-02
1.365068182349205017e-02
-1.234983466565608978e-02
-3.628113120794296265e-02
-7.674068212509155273e-02
2.700601890683174133e-02
-1.070355623960494995e-02
5.408016033470630646e-03
4.026842489838600159e-02
-3.175537660717964172e-02
1.879399269819259644e-02
-6.775096524506807327e-03
-5.538972467184066772e-02
1.533052977174520493e-02
3.799518197774887085e-02
-5.839408561587333679e-02
-2.576312283053994179e-03
4.350516945123672485e-02
5.150350183248519897e-02
2.771304920315742493e-02
-6.232816353440284729e-02
-7.989636808633804321e-02
-1.986199989914894104e-02
2.732283435761928558e-02
5.392042919993400574e-02
-2.735127636697143316e-04
-4.462684690952301025e-02
-2.393785305321216583e-02
3.587643802165985107e-02
1.799793355166912079e-02
6.810098886489868164e-02
8.899658918380737305e-02
-6.390152126550674438e-02
-7.219219952821731567e-02
-2.061147242784500122e-02
8.018065243959426880e-02
-3.095570765435695648e-02
3.601219877600669861e-02
3.684867545962333679e-02
7.928138971328735352e-02
-2.566719241440296173e-02
-4.255075007677078247e-02
1.196549981832504272e-01
1.590656302869319916e-02
-5.850278958678245544e-02
-2.337005920708179474e-02
5.898582562804222107e-02
4.889569059014320374e-02
4.546870291233062744e-02
5.335369333624839783e-02
1.116563677787780762e-01
5.629629641771316528e-02
1.615729369223117828e-02
7.370351999998092651e-02
8.809071779251098633e-02
9.021975100040435791e-03
1.099680587649345398e-01
7.172618806362152100e-02
1.726187416352331638e-03
-1.992031373083591461e-02
8.943097293376922607e-02
3.136439993977546692e-02
1.173439994454383850e-02
-3.570976480841636658e-02
-2.078964607790112495e-04
-5.904589593410491943e-02
3.551906719803810120e-02
3.486236557364463806e-02
1.002075430005788803e-02
-1.272970531135797501e-02
-1.234296988695859909e-02
5.053500086069107056e-02
-3.015422262251377106e-02
-1.690732501447200775e-02
-2.004694659262895584e-03
1.061363443732261658e-01
5.608714744448661804e-02
4.033320024609565735e-02
1.030403934419155121e-02
3.603370487689971924e-02
6.706944853067398071e-02
-8.927094750106334686e-03
-2.536980248987674713e-02
-2.955510094761848450e-02
-3.427902981638908386e-02
-1.693787239491939545e-02
7.679425179958343506e-02
7.582680135965347290e-02
-2.307280339300632477e-02
-2.260608226060867310e-02
3.469493985176086426e-02
-5.237017571926116943e-02
-6.058565527200698853e-02
-2.436688356101512909e-02
5.520012602210044861e-02
6.135043501853942871e-02
-5.465354025363922119e-02
1.103843003511428833e-01
2.690211124718189240e-02
-2.200212096795439720e-03
8.977971971035003662e-03
4.479982703924179077e-02
4.372840002179145813e-02
-3.412738442420959473e-02
-2.093654591590166092e-03
3.447073977440595627e-03
3.488982841372489929e-02
-7.145714759826660156e-02
-1.862668991088867188e-02
2.771450392901897430e-02
2.821162901818752289e-02
7.158215343952178955e-02
5.223500728607177734e-02
-6.047085393220186234e-03
7.053101807832717896e-02
-6.110746180638670921e-04
2.405538223683834076e-02
1.007682755589485168e-01
7.340468466281890869e-02
5.884739570319652557e-03
4.083000496029853821e-02
2.493363339453935623e-03
-2.003767900168895721e-02
7.034718990325927734e-03
-7.284901291131973267e-02
-6.251245737075805664e-02
-3.818403056357055902e-04
-1.309444103389978409e-02
6.465201079845428467e-02
-1.357016060501337051e-02
-3.134408220648765564e-02
2.208212576806545258e-02
2.357072941958904266e-02
5.014486983418464661e-02
5.375132337212562561e-02
5.195918306708335876e-02
-2.226094529032707214e-02
-1.204357761889696121e-02
3.370910137891769409e-02
-2.709526009857654572e-02
-7.472155243158340454e-02
7.059281226247549057e-03
-2.291252277791500092e-02
-3.945793956518173218e-02
-5.969527363777160645e-02
-1.020909566432237625e-02
1.215165480971336365e-02
-3.200051188468933105e-02
1.236754935234785080e-03
4.242167249321937561e-02
1.297978218644857407e-02
1.923450268805027008e-02
7.296299189329147339e-02
-2.048360183835029602e-02
9.855664335191249847e-03
1.697259582579135895e-02
-1.968772849068045616e-03
1.335135754197835922e-02
3.958420827984809875e-02
-3.789377585053443909e-02
4.160644114017486572e-02
1.364437676966190338e-02
-2.533199964091181755e-03
-1.789032854139804840e-02
-2.377253584563732147e-02
-1.081498488783836365e-01
9.289921820163726807e-02
-2.447297237813472748e-02
-2.327590994536876678e-02
-5.656544119119644165e-03
2.039862796664237976e-02
9.067398309707641602e-02
-1.265122089534997940e-02
-1.744909584522247314e-02
-4.412127658724784851e-02
-3.671885654330253601e-02
3.737707808613777161e-02
1.733052171766757965e-02
1.712051220238208771e-02
2.630552090704441071e-02
6.671638041734695435e-02
-3.390631452202796936e-02
7.552403211593627930e-02
1.991309970617294312e-02
4.621449857950210571e-02
-1.211879309266805649e-02
-5.417549982666969299e-02
1.356335077434778214e-02
3.275227174162864685e-02
6.969010084867477417e-02
1.532977912575006485e-02
-7.822494208812713623e-02
-3.202924132347106934e-02
8.798850327730178833e-02
-7.510627061128616333e-02
-1.621836610138416290e-02
2.876442391425371170e-03
-5.355061590671539307e-02
3.102313913404941559e-02
5.287311971187591553e-03
-1.573250256478786469e-02
1.118187140673398972e-02
8.602719171904027462e-04
-4.228720068931579590e-02
7.868823595345020294e-03
1.222523953765630722e-02
1.257759779691696167e-01
2.245994983240962029e-03
6.086313724517822266e-02
3.571212291717529297e-02
-1.790517196059226990e-02
4.193621128797531128e-02
3.202790766954421997e-02
-4.017750546336174011e-02
-1.243464499711990356e-01
-6.605469621717929840e-03
-2.572710160166025162e-03
8.994523435831069946e-03
6.875758524984121323e-03
-1.923942007124423981e-02
6.794182211160659790e-02
-5.440167710185050964e-02
-1.022226288914680481e-01
-9.458848834037780762e-02
5.980141088366508484e-02
-6.040424853563308716e-02
-9.848541766405105591e-02
2.268223650753498077e-02
-2.284388430416584015e-02
-1.200172677636146545e-02
-5.444672703742980957e-02
2.603801153600215912e-02
4.736492037773132324e-02
-1.834312640130519867e-02
-3.188370540738105774e-02
-4.392959922552108765e-02
-1.398210376501083374e-01
5.903967097401618958e-02
-2.614985778927803040e-02
-5.714382231235504150e-02
-9.518809616565704346e-02
-1.437034923583269119e-02
3.153886646032333374e-02
-2.299915254116058350e-02
4.663889762014150620e-03
-1.014870125800371170e-03
-6.258849799633026123e-02
5.294299125671386719e-02
3.721126541495323181e-02
2.002708800137042999e-02
-9.097376838326454163e-03
6.920329481363296509e-02
-6.141907535493373871e-03
-3.761528432369232178e-02
5.318303033709526062e-02
5.074664950370788574e-02
-2.811524644494056702e-02
-1.492252945899963379e-02
2.223904803395271301e-02
-1.775472238659858704e-02
-5.053628608584403992e-02
-3.748580813407897949e-02
3.008010797202587128e-02
-8.322345465421676636e-02
-1.204347517341375351e-02
-1.154460310935974121e-01
-1.018444970250129700e-01
-3.441886231303215027e-02
3.445215150713920593e-02
6.155422423034906387e-03
2.911018207669258118e-02
-3.337478265166282654e-02
1.396874245256185532e-02
-6.616017315536737442e-03
1.606872119009494781e-02
-6.096596363931894302e-03
2.755717560648918152e-02
-8.564085699617862701e-03
5.881088227033615112e-02
2.272407710552215576e-02
1.002405304461717606e-02
-2.921899221837520599e-02
-6.146002933382987976e-02
8.157467097043991089e-02
8.669300936162471771e-03
4.937174730002880096e-03
-1.487000100314617157e-02
2.913384512066841125e-02
-1.338093169033527374e-02
-1.723284274339675903e-02
6.960494909435510635e-03
4.638091474771499634e-02
1.908574998378753662e-02
3.636998683214187622e-02
7.692167907953262329e-02
-5.615634098649024963e-02
-4.108809400349855423e-03
-1.427581813186407089e-02
-2.620031498372554779e-02
3.274964110460132360e-04
2.466539619490504265e-03
-4.087280854582786560e-02
9.965778328478336334e-03
3.023892454802989960e-02
-2.947019971907138824e-02
1.694343052804470062e-02
-8.815874904394149780e-02
6.684622913599014282e-02
1.556325983256101608e-02
3.474523127079010010e-02
-3.335889196023344994e-03
7.411716971546411514e-03
3.429554169997572899e-03
3.486166521906852722e-02
3.430878743529319763e-02
9.582307934761047363e-02
1.159237138926982880e-02
2.683591097593307495e-02
-3.592205792665481567e-02
-4.262769594788551331e-02
-4.717241227626800537e-02
-9.869012050330638885e-03
5.119502916932106018e-02
-1.170157343149185181e-01
-2.580847777426242828e-02
1.035368163138628006e-02
6.835909187793731689e-02
-2.105516614392399788e-03
-9.281916916370391846e-02
-3.638250008225440979e-02
1.991060934960842133e-02
1.169456448405981064e-02
7.061977870762348175e-03
-6.464492529630661011e-02
-3.027258440852165222e-02
-1.210168265970423818e-04
-6.990239769220352173e-02
-7.300793379545211792e-02
-4.347205534577369690e-02
-5.702849105000495911e-02
-2.331112697720527649e-02
-2.343791536986827850e-02
5.565341562032699585e-02
4.805836826562881470e-03
3.127904143184423447e-03
4.375713691115379333e-02
2.124956808984279633e-02
-3.238949552178382874e-02
-5.538307130336761475e-02
1.788061670958995819e-02
-5.854343250393867493e-02
-4.338350892066955566e-02
-1.444619987159967422e-02
4.449803009629249573e-02
3.823529556393623352e-02
-7.580135017633438110e-02
-4.430631920695304871e-02
3.302844241261482239e-02
-2.017884515225887299e-02
-6.192742288112640381e-02
-5.015628412365913391e-02
1.722866483032703400e-02
-2.339916303753852844e-02
-1.961916685104370117e-02
6.903399527072906494e-02
-1.397947408258914948e-02
5.389290302991867065e-02
4.661209136247634888e-02
5.234419927000999451e-02
1.017644405364990234e-01
1.413540635257959366e-02
-2.117386460304260254e-02
2.802899107336997986e-02
1.437132991850376129e-02
-7.781108468770980835e-02
-9.637542068958282471e-03
5.098867788910865784e-02
-8.356149494647979736e-02
-2.911532670259475708e-02
4.366138577461242676e-02
-1.399696432054042816e-02
4.130218923091888428e-02
-2.590525709092617035e-02
-4.574476182460784912e-02
1.492793671786785126e-02
-1.593440584838390350e-02
6.229074671864509583e-02
-1.073497813194990158e-03
3.396666795015335083e-02
-6.148678436875343323e-02
3.626970201730728149e-02
-3.419005498290061951e-02
-6.304365396499633789e-02
-5.518097430467605591e-02
2.410772070288658142e-02
4.426230117678642273e-02
2.459542639553546906e-02
-1.532616000622510910e-02
3.443153202533721924e-02
2.449026517570018768e-02
2.587606385350227356e-02
1.784603483974933624e-02
-5.621887370944023132e-02
4.548542574048042297e-02
-3.288324922323226929e-02
-1.083007454872131348e-02
3.769214823842048645e-02
-5.075552314519882202e-02
-3.887938335537910461e-02
4.739001020789146423e-02
5.628140643239021301e-02
6.973514705896377563e-02
-4.062978550791740417e-02
3.943169862031936646e-02
-4.975432995706796646e-03
-4.129593446850776672e-02
8.047494105994701385e-03
1.741907745599746704e-02
4.597376659512519836e-02
-3.008422069251537323e-02
-4.797023162245750427e-02
-2.390694804489612579e-02
4.241029918193817139e-02
-5.935683473944664001e-02
5.746855959296226501e-02
-1.788963563740253448e-02
-9.131201356649398804e-02
-7.803174853324890137e-02
6.265895068645477295e-02
7.013668864965438843e-02
-3.195284307003021240e-02
-8.689031749963760376e-02
2.541930181905627251e-03
-4.708579182624816895e-02
-8.281251415610313416e-03
-5.383989959955215454e-02
1.198487728834152222e-02
-9.061548113822937012e-02
5.587906762957572937e-02
4.314427822828292847e-02
2.224823692813515663e-03
2.563020959496498108e-02
-4.922858625650405884e-02
-6.588940322399139404e-02
2.658895216882228851e-02
-7.888436317443847656e-02
1.570057310163974762e-02
5.297366529703140259e-02
-9.148968011140823364e-02
3.210797533392906189e-02
-6.610825657844543457e-02
4.335614293813705444e-02
-1.567536406219005585e-02
2.225507050752639771e-02
-2.014472521841526031e-02
8.589308708906173706e-02
1.718886569142341614e-02
3.476723283529281616e-02
6.610285490751266479e-02
-7.836174964904785156e-02
6.835610419511795044e-02
-2.162601612508296967e-02
-1.054121032357215881e-01
-5.402517318725585938e-02
1.849002204835414886e-02
-3.896860033273696899e-02
-2.437882311642169952e-02
-1.009092628955841064e-01
1.364867687225341797e-01
7.373842597007751465e-02
2.214938402175903320e-02
-1.278136577457189560e-02
-4.385107196867465973e-03
-1.076024491339921951e-02
5.988118425011634827e-02
-6.981237977743148804e-02
1.950738206505775452e-02
-7.906148582696914673e-02
-3.784143924713134766e-02
-9.493716061115264893e-03
3.672938421368598938e-02
7.731174677610397339e-02
-3.689499571919441223e-02
9.857503324747085571e-02
-3.236687555909156799e-02
2.712916210293769836e-02
-3.621363267302513123e-02
1.442847307771444321e-02
-4.507521539926528931e-02
1.686354354023933411e-02
-3.145724534988403320e-03
3.890772163867950439e-02
8.073451370000839233e-02
5.034578219056129456e-02
4.217506200075149536e-02
2.302707359194755554e-02
-3.621948882937431335e-03
1.781625114381313324e-02
-5.974819883704185486e-02
7.690393179655075073e-02
-3.409278113394975662e-03
2.909615822136402130e-02
2.779515460133552551e-02
2.725132741034030914e-02
3.654626384377479553e-02
-9.473119676113128662e-02
-7.743156701326370239e-02
-4.733822494745254517e-02
6.197076290845870972e-02
1.049341186881065369e-01
1.510106958448886871e-02
5.697891488671302795e-02
2.894074842333793640e-02
2.493000216782093048e-02
5.358131602406501770e-02
2.291327156126499176e-02
3.364123636856675148e-03
-2.348771505057811737e-02
-9.044160693883895874e-02
4.122260957956314087e-02
-4.404296167194843292e-03
3.950580209493637085e-02
-5.973847955465316772e-02
-9.479593485593795776e-02
1.039016842842102051e-01
1.154041569679975510e-02
-2.756955847144126892e-02
-1.396393775939941406e-02
7.838028669357299805e-02
-6.082272622734308243e-03
-2.916356362402439117e-02
7.453217357397079468e-02
-1.336472225375473499e-03
-2.634483017027378082e-02
4.314079135656356812e-02
1.154553592205047607e-01
-4.052851814776659012e-03
3.121395362541079521e-03
-4.309570789337158203e-02
-5.729647725820541382e-02
-2.231908589601516724e-02
-2.980037406086921692e-02
-3.414917737245559692e-02
1.885066926479339600e-02
9.419219195842742920e-02
-5.003017932176589966e-02
-1.464470010250806808e-02
4.531692340970039368e-02
3.085158206522464752e-02
-5.229637771844863892e-02
-7.875461131334304810e-02
-4.100420046597719193e-03
4.442428238689899445e-03
-7.506240904331207275e-02
5.654032155871391296e-02
7.185457646846771240e-02
2.018200233578681946e-02
5.060594528913497925e-02
-1.318908035755157471e-01
-3.044258430600166321e-02
2.191969566047191620e-02
3.060704655945301056e-02
9.794013202190399170e-02
-3.200189024209976196e-02
-3.299085423350334167e-02
-7.877317816019058228e-02
4.327508062124252319e-02
6.801649928092956543e-02
4.484012722969055176e-02
-3.404189134016633034e-03
2.660177089273929596e-02
2.843040786683559418e-02
-2.601834945380687714e-02
6.360274553298950195e-02
1.169057469815015793e-02
1.893781125545501709e-02
2.462510392069816589e-02
-9.297464042901992798e-03
8.552068471908569336e-02
-5.122745875269174576e-03
-4.243861138820648193e-02
-1.710149832069873810e-02
-8.487595617771148682e-02
-1.294606924057006836e-02
3.444073349237442017e-02
6.563256680965423584e-02
-1.411864813417196274e-02
-1.870477758347988129e-02
8.668159693479537964e-02
-9.284896403551101685e-02
-2.160670980811119080e-02
6.211414188146591187e-02
-4.123490769416093826e-03
