4.335154313594102859e-03
-1.159790530800819397e-02
-5.711392965167760849e-03
4.941890016198158264e-02
-7.499606907367706299e-02
-8.080734312534332275e-02
5.771113932132720947e-02
-6.296964362263679504e-03
-5.013066530227661133e-02
-3.996877372264862061e-02
-1.587307639420032501e-02
3.180513530969619751e-02
-2.341005206108093262e-02
-3.150841966271400452e-02
4.920715466141700745e-02
-8.587329089641571045e-02
-4.709975793957710266e-02
-1.967133767902851105e-02
-7.123550772666931152e-02
5.320543423295021057e-03
-6.312112789601087570e-03
5.410044267773628235e-02
-2.051101066172122955e-02
-1.125470176339149475e-02
3.232342377305030823e-02
7.136457413434982300e-02
2.415855601429939270e-02
8.627345412969589233e-02
9.043898433446884155e-03
3.260510414838790894e-02
-4.125484451651573181e-02
-3.751674667000770569e-02
1.388116739690303802e-02
1.937780156731605530e-02
-1.805380545556545258e-02
4.814724624156951904e-02
-1.077467575669288635e-02
-2.876517362892627716e-02
-2.799916267395019531e-02
-9.942121803760528564e-02
4.120657593011856079e-02
-4.184969142079353333e-02
5.183473974466323853e-02
-3.620190545916557312e-02
-1.783968694508075714e-02
3.651558421552181244e-03
4.960377234965562820e-03
-5.718251317739486694e-02
-6.210641562938690186e-02
1.754268258810043335e-02
-6.630326062440872192e-02
3.875023126602172852e-02
-4.736095294356346130e-02
-4.960371181368827820e-02
-3.613990172743797302e-02
-1.533037424087524414e-01
4.538804292678833008e-03
-6.223283708095550537e-02
-4.029856622219085693e-02
9.793129563331604004e-02
-3.206257522106170654e-02
-4.711932968348264694e-03
8.364741690456867218e-03
-2.443291619420051575e-02
2.378831431269645691e-02
1.700817979872226715e-02
-5.054006353020668030e-02
3.796143457293510437e-02
-9.804847650229930878e-03
6.686704605817794800e-02
6.202976685017347336e-03
-9.194219484925270081e-03
2.477222867310047150e-02
-4.104081913828849792e-02
5.471627693623304367e-03
-1.673440635204315186e-02
-1.087577417492866516e-01
5.455029010772705078e-02
1.565314829349517822e-02
2.147352881729602814e-02
-5.827361717820167542e-03
7.596546784043312073e-03
-2.654658071696758270e-02
9.239427745342254639e-03
1.279027666896581650e-03
4.864903911948204041e-02
-4.108875617384910583e-02
-8.537699282169342041e-02
2.018966339528560638e-02
-6.305389851331710815e-02
7.057266682386398315e-02
6.998421158641576767e-03
-6.453912705183029175e-02
4.179227724671363831e-02
9.209665656089782715e-02
2.785149216651916504e-02
2.576085366308689117e-02
-6.937832385301589966e-02
1.350369602441787720e-01
-1.033643707633018494e-01
2.958947978913784027e-02
2.956439182162284851e-02
7.965685427188873291e-02
2.650715410709381104e-03
6.213489547371864319e-02
-4.227269068360328674e-02
-1.011851951479911804e-01
-4.070013016462326050e-02
8.446419239044189453e-02
5.895100068300962448e-03
-5.398022755980491638e-02
4.666391387581825256e-02
-6.592588871717453003e-02
-1.374523434787988663e-02
3.176486352458596230e-03
3.749284520745277405e-02
-3.085695020854473114e-02
-2.977089956402778625e-02
-2.776418998837471008e-02
3.482602536678314209e-03
1.709216646850109100e-02
-3.243010863661766052e-02
4.649404063820838928e-02
-3.733321279287338257e-02
-4.438342154026031494e-02
7.942835241556167603e-02
-6.194783747196197510e-02
6.322323530912399292e-02
1.076013501733541489e-02
-2.811308391392230988e-02
-1.793385855853557587e-02
5.714398808777332306e-03
2.921347692608833313e-02
4.568146541714668274e-02
-1.087748706340789795e-01
-3.574684262275695801e-02
1.276474632322788239e-02
1.618832908570766449e-02
2.126968232914805412e-03
4.766428098082542419e-02
5.287531390786170959e-02
-1.392520032823085785e-02
-6.486147642135620117e-03
-1.223664265125989914e-02
3.134751692414283752e-02
-8.291566371917724609e-02
-8.622650057077407837e-03
1.419912930577993393e-02
-4.209709540009498596e-02
2.453821897506713867e-02
4.561732709407806396e-02
-1.727496087551116943e-02
-1.127723678946495056e-01
-3.889644751325249672e-03
1.390202902257442474e-02
-5.134253203868865967e-02
-2.873042412102222443e-02
5.137245636433362961e-03
7.174327969551086426e-03
6.465474516153335571e-02
8.608452044427394867e-03
2.959710359573364258e-02
2.885444834828376770e-02
3.572652488946914673e-02
-2.457444742321968079e-02
2.574837207794189453e-02
1.747102290391921997e-02
-2.852845937013626099e-02
-2.375516854226589203e-02
-3.308575972914695740e-02
-2.442230470478534698e-02
-5.875328928232192993e-02
4.706089571118354797e-02
-1.410817448049783707e-02
1.598084717988967896e-02
6.292973458766937256e-02
9.857663884758949280e-03
-2.579149603843688965e-02
-4.141383245587348938e-02
-6.189667060971260071e-02
-5.401059612631797791e-02
1.736522838473320007e-02
-3.000769019126892090e-02
5.331246554851531982e-02
-6.517758965492248535e-02
8.708643727004528046e-03
-2.243160456418991089e-02
-5.281006172299385071e-02
-6.292564421892166138e-02
-5.980594456195831299e-02
1.455978676676750183e-02
-1.561241783201694489e-02
-8.453224785625934601e-03
5.887585692107677460e-03
2.442007139325141907e-02
4.297684133052825928e-02
1.857375353574752808e-02
-7.913441210985183716e-02
5.084979906678199768e-02
4.081933572888374329e-02
9.472492337226867676e-02
-2.865976095199584961e-02
-4.512588679790496826e-02
-2.946868538856506348e-02
-4.527405276894569397e-02
3.655863553285598755e-02
7.198312133550643921e-02
8.887789398431777954e-02
9.302490390837192535e-03
-7.146678119897842407e-02
3.484649583697319031e-02
3.637327626347541809e-02
-7.052293419837951660e-02
1.800356991589069366e-02
-9.725538082420825958e-03
6.330393999814987183e-02
-7.517470419406890869e-02
-8.477669209241867065e-03
-3.636395558714866638e-02
5.127368867397308350e-02
-9.492693096399307251e-02
4.489318281412124634e-02
2.140795998275279999e-02
7.702728360891342163e-02
1.033823564648628235e-01
5.066691711544990540e-02
-5.789844691753387451e-02
1.060342299751937389e-03
8.887570351362228394e-03
4.125707224011421204e-02
4.465004429221153259e-02
-4.932789504528045654e-02
-1.985359750688076019e-02
-6.248001754283905029e-02
2.401931770145893097e-02
6.599847972393035889e-02
-2.542372234165668488e-02
8.146469481289386749e-03
-1.298590749502182007e-01
1.206512153148651123e-01
1.836393773555755615e-02
-7.135122548788785934e-03
3.046424314379692078e-02
-2.081265300512313843e-02
-1.188629027456045151e-02
-3.016304969787597656e-02
-8.028206229209899902e-02
-4.564777389168739319e-02
-9.380307979881763458e-03
-4.084367305040359497e-02
4.673568904399871826e-02
1.314732581377029419e-01
3.917649388313293457e-03
-5.171655490994453430e-02
-7.863927632570266724e-03
3.238018369302153587e-03
3.973190858960151672e-02
1.007212623953819275e-01
1.854954473674297333e-02
-3.713845089077949524e-02
9.405811317265033722e-03
-4.200375452637672424e-02
1.209311708807945251e-01
-9.566067904233932495e-02
-3.425774164497852325e-03
-6.129682064056396484e-03
1.526133622974157333e-03
-6.850700825452804565e-02
-1.839862577617168427e-02
3.552285581827163696e-02
5.428126081824302673e-03
-3.161405026912689209e-02
-7.340372353792190552e-02
4.757376760244369507e-02
-3.103207424283027649e-02
-8.015909790992736816e-02
4.216759651899337769e-02
1.121226418763399124e-02
-5.907271057367324829e-02
1.545903924852609634e-02
-5.468836799263954163e-02
-8.688955754041671753e-02
2.333015203475952148e-02
6.570203602313995361e-02
-7.038530893623828888e-03
5.239569023251533508e-02
-3.475919738411903381e-02
-8.946947008371353149e-02
-1.636316068470478058e-02
9.971232153475284576e-03
2.323571965098381042e-02
6.134688854217529297e-03
2.475021872669458389e-03
5.714231729507446289e-02
-1.499158050864934921e-02
3.844834864139556885e-02
-1.219616178423166275e-02
1.741636358201503754e-02
-7.763266563415527344e-02
4.126072395592927933e-03
-2.269922941923141479e-02
4.858580604195594788e-02
-4.743549972772598267e-02
-5.655563995242118835e-02
-1.278695464134216309e-02
3.870819509029388428e-02
7.988435775041580200e-02
1.233559194952249527e-02
3.585829958319664001e-02
-4.358668252825737000e-02
-6.928081810474395752e-02
5.668745189905166626e-02
1.517020817846059799e-02
-1.832498423755168915e-02
6.385293323546648026e-03
-1.279522199183702469e-02
3.125757351517677307e-02
9.792411699891090393e-03
3.780191391706466675e-02
7.540883868932723999e-02
-3.980087861418724060e-02
-4.472870007157325745e-02
7.777510583400726318e-02
9.834036976099014282e-02
-1.981180720031261444e-02
-6.209067534655332565e-03
-4.653602838516235352e-02
4.599555104505270720e-04
-7.681632414460182190e-03
-4.506032541394233704e-02
4.329937510192394257e-03
5.546563491225242615e-02
-1.155915576964616776e-02
-5.855016410350799561e-02
2.409677393734455109e-02
2.251696400344371796e-02
-8.669251692481338978e-04
8.661068044602870941e-03
8.094795793294906616e-02
-1.958888396620750427e-02
-5.551473796367645264e-02
2.502986602485179901e-02
-8.517929911613464355e-02
-2.029154822230339050e-02
2.872336097061634064e-02
-3.396708890795707703e-02
2.152170799672603607e-02
2.293739840388298035e-02
-2.515287883579730988e-02
-6.183112785220146179e-02
1.044493541121482849e-02
3.306949138641357422e-02
6.336691230535507202e-02
3.635947650764137506e-04
-4.722962528467178345e-02
8.813964575529098511e-02
4.451791942119598389e-02
5.699324980378150940e-02
4.904988780617713928e-02
5.297943949699401855e-03
1.945502124726772308e-02
-7.189899682998657227e-03
-2.214051596820354462e-02
9.593363106250762939e-02
5.446444824337959290e-02
-9.630862623453140259e-03
-9.616126865148544312e-02
-6.981606036424636841e-02
-1.085682772099971771e-02
3.168794326484203339e-03
5.693097040057182312e-02
-2.165973000228404999e-02
2.470164373517036438e-02
4.781418666243553162e-02
-6.126800924539566040e-02
-1.347936317324638367e-02
-4.445713385939598083e-02
2.131932415068149567e-02
6.247464194893836975e-02
-5.742318555712699890e-02
-5.071437358856201172e-02
-2.116184122860431671e-02
1.268714759498834610e-02
-7.722288370132446289e-03
-1.073270384222269058e-02
-8.784551173448562622e-02
2.891476638615131378e-02
-4.250223562121391296e-02
-5.558079108595848083e-03
3.560976311564445496e-02
2.705032750964164734e-02
-4.394599050283432007e-02
-1.215211115777492523e-02
8.741398155689239502e-02
-4.730337485671043396e-02
6.159365177154541016e-02
-4.473115131258964539e-02
2.047684974968433380e-02
-3.600647440180182457e-03
-2.109362278133630753e-03
-2.489865524694323540e-03
2.797988243401050568e-03
3.948009014129638672e-02
1.423669792711734772e-02
-5.548485368490219116e-02
2.613080665469169617e-02
3.748261556029319763e-02
9.083504229784011841e-02
1.499425712972879410e-02
-3.412354737520217896e-02
-5.486077442765235901e-02
-3.512607514858245850e-02
6.877462565898895264e-02
-8.121228776872158051e-03
3.523010388016700745e-02
-2.648081071674823761e-02
8.404597640037536621e-03
1.979178376495838165e-02
-8.141443133354187012e-03
6.076727807521820068e-02
4.890754073858261108e-02
-3.068100288510322571e-02
-6.237916648387908936e-02
3.865065984427928925e-03
-3.379682451486587524e-02
6.426687538623809814e-02
-5.827423557639122009e-02
-3.961848840117454529e-02
4.723167046904563904e-02
-5.449433624744415283e-02
-9.249656647443771362e-02
-2.411043038591742516e-03
2.720618434250354767e-02
-6.361255794763565063e-02
2.547283656895160675e-02
1.585820876061916351e-02
9.423284791409969330e-03
7.975437678396701813e-03
6.048455834388732910e-03
-1.133389864116907120e-02
1.105817481875419617e-01
-1.020368654280900955e-02
-3.064384870231151581e-02
-8.170307427644729614e-02
-5.268841981887817383e-02
4.642601311206817627e-02
3.277108818292617798e-02
3.769264742732048035e-02
2.458102256059646606e-02
-6.500465422868728638e-02
-4.273704066872596741e-02
-1.889813318848609924e-02
7.315590232610702515e-02
-2.315917797386646271e-02
-5.754933226853609085e-03
-3.806897997856140137e-02
1.621952094137668610e-02
1.169442432001233101e-03
-1.971596665680408478e-02
-4.129148274660110474e-02
-6.665915995836257935e-02
7.766187191009521484e-02
-3.776219114661216736e-02
-1.466544345021247864e-02
8.301954716444015503e-02
4.809707775712013245e-02
7.988619804382324219e-02
4.172384366393089294e-02
2.100243419408798218e-02
-7.842758297920227051e-02
2.865197136998176575e-02
-6.239163689315319061e-03
7.232029456645250320e-03
-1.240024343132972717e-01
2.213035896420478821e-02
-3.929004445672035217e-02
-1.459410414099693298e-02
5.363732948899269104e-02
-3.154046833515167236e-02
-4.573501273989677429e-02
-4.816394671797752380e-02
8.216332644224166870e-02
-4.171353206038475037e-02
-1.028059702366590500e-02
7.722511142492294312e-02
-1.291158646345138550e-01
-7.944270968437194824e-03
2.541969344019889832e-02
3.682630881667137146e-02
-4.276672005653381348e-02
4.258025810122489929e-02
3.090525418519973755e-02
7.991103082895278931e-02
5.809805169701576233e-02
5.070378631353378296e-02
-3.333842381834983826e-02
4.838610067963600159e-02
4.937545862048864365e-03
-5.300069972872734070e-02
6.610278040170669556e-02
3.645579144358634949e-02
-2.438866300508379936e-03
1.271558809094130993e-03
-8.086737990379333496e-02
2.926319278776645660e-02
-3.425704687833786011e-02
4.060653224587440491e-02
4.385230690240859985e-02
-5.130534991621971130e-02
7.282719761133193970e-02
-1.577988639473915100e-02
7.826212048530578613e-02
4.212453216314315796e-02
-6.165487691760063171e-02
-3.579761832952499390e-02
-3.780706599354743958e-02
3.119989484548568726e-02
6.285753101110458374e-02
2.348806150257587433e-02
-2.561127580702304840e-02
-2.572352997958660126e-02
4.513948783278465271e-02
2.620986662805080414e-02
1.383463107049465179e-02
3.386595845222473145e-02
2.586137130856513977e-02
2.439103275537490845e-02
2.186156623065471649e-02
-2.954876981675624847e-02
-3.512444905936717987e-03
-3.457540646195411682e-02
-7.618340849876403809e-02
2.952362224459648132e-02
-2.961826883256435394e-02
7.035612314939498901e-02
5.532762035727500916e-02
-9.355707466602325439e-02
5.848171934485435486e-02
-6.993469595909118652e-02
9.049578011035919189e-02
-5.292489379644393921e-02
2.430301159620285034e-02
8.098775893449783325e-02
9.736003726720809937e-02
6.414716690778732300e-02
4.700376093387603760e-02
2.230134792625904083e-03
5.180856212973594666e-02
-2.213392965495586395e-02
-3.456765413284301758e-02
4.381603747606277466e-02
-9.347259066998958588e-03
1.483839470893144608e-02
5.586063489317893982e-02
2.633391134440898895e-02
-8.620891720056533813e-03
7.187090814113616943e-02
-5.438955128192901611e-02
-1.133990567177534103e-02
-1.032584067434072495e-02
2.693960629403591156e-02
2.875055000185966492e-02
7.860748469829559326e-02
-4.335484281182289124e-02
-5.558916181325912476e-02
5.123164504766464233e-02
3.560972586274147034e-02
5.381418392062187195e-03
-6.091616302728652954e-02
-5.353593826293945312e-02
1.477793976664543152e-02
-4.447495564818382263e-02
-3.395614214241504669e-03
3.449174016714096069e-02
9.987758845090866089e-02
8.714076131582260132e-02
-7.460127770900726318e-02
5.468437820672988892e-02
9.876839816570281982e-02
5.928554385900497437e-02
-4.726583138108253479e-02
7.905533909797668457e-02
-2.434061653912067413e-02
1.292671915143728256e-02
-1.370407547801733017e-02
-7.827863097190856934e-02
-5.086455494165420532e-02
5.115499347448348999e-02
8.079788833856582642e-02
4.699094593524932861e-02
3.351672366261482239e-02
3.282366693019866943e-02
-7.265841960906982422e-02
5.438680574297904968e-02
6.674180924892425537e-02
9.781511127948760986e-02
1.443400885909795761e-02
6.695339083671569824e-02
-8.144576102495193481e-02
-2.459498681128025055e-02
1.532969158142805099e-02
2.334973029792308807e-02
-1.707179658114910126e-02
2.450786903500556946e-02
2.076091058552265167e-02
2.974580414593219757e-02
3.980769217014312744e-02
2.583633176982402802e-02
-6.116969883441925049e-02
6.855230778455734253e-02
3.418478742241859436e-02
4.916061647236347198e-03
5.720226839184761047e-02
2.269989438354969025e-02
-3.096188977360725403e-02
-1.527332980185747147e-02
3.245339542627334595e-02
2.945442683994770050e-02
3.034443780779838562e-02
1.386196631938219070e-02
1.735370792448520660e-02
4.490730911493301392e-02
1.087747365236282349e-01
-4.887202754616737366e-02
9.414115548133850098e-02
-1.471125800162553787e-02
-2.781043760478496552e-02
-4.428260400891304016e-02
-6.013125553727149963e-02
4.575219377875328064e-02
-1.150603294372558594e-01
-1.526898052543401718e-02
2.542266994714736938e-02
6.769313663244247437e-02
-2.161007560789585114e-02
-3.388085588812828064e-02
6.279143691062927246e-02
-1.083253975957632065e-02
2.208416536450386047e-02
3.372248262166976929e-02
6.011218205094337463e-02
4.355773702263832092e-02
-7.170908618718385696e-03
3.133308887481689453e-02
-1.938454248011112213e-02
-1.057807542383670807e-02
-7.837560772895812988e-02
-3.242894262075424194e-02
2.483160607516765594e-02
-5.817209556698799133e-02
6.675162166357040405e-02
5.624945461750030518e-02
3.151429072022438049e-02
4.043419659137725830e-02
1.287454646080732346e-02
-4.167948383837938309e-03
7.676493376493453979e-02
5.488208960741758347e-03
6.516457349061965942e-02
-6.862639635801315308e-02
1.497409120202064514e-02
-6.752921734005212784e-03
-4.872104036621749401e-04
-3.382496535778045654e-02
-8.117637038230895996e-02
2.725248970091342926e-02
-8.066030591726303101e-02
-1.807896606624126434e-02
-1.406703982502222061e-02
6.273391842842102051e-02
2.188587002456188202e-02
-5.050720274448394775e-02
7.879588007926940918e-02
-3.103597089648246765e-02
5.159102752804756165e-02
7.573956623673439026e-03
-7.756596314720809460e-04
6.425651907920837402e-02
4.594094678759574890e-02
-1.129090599715709686e-02
1.608845777809619904e-02
2.600144827738404274e-03
4.992328956723213196e-02
-8.836186677217483521e-02
-3.092085826210677624e-04
-3.204999491572380066e-02
7.169180363416671753e-02
7.746720802970230579e-04
3.277492010965943336e-03
2.431109733879566193e-02
-1.244449894875288010e-02
-6.079179421067237854e-02
7.987733697518706322e-04
8.370021730661392212e-02
-2.794047631323337555e-02
-3.341292962431907654e-02
-4.739234223961830139e-02
1.278380770236253738e-02
-2.541214413940906525e-02
-6.501224637031555176e-02
-2.445754653308540583e-04
3.179775923490524292e-02
-2.706390619277954102e-02
-8.757891505956649780e-02
-3.170873597264289856e-02
-7.008470129221677780e-03
-4.675464332103729248e-02
9.250986576080322266e-02
1.376319769769906998e-02
-1.151613742113113403e-01
2.835341542959213257e-02
-2.072024159133434296e-02
1.012068334966897964e-02
8.520452678203582764e-02
-1.013537123799324036e-02
3.967186808586120605e-02
3.683293238282203674e-02
5.247365310788154602e-02
-6.590199470520019531e-02
-6.117704324424266815e-03
6.901649385690689087e-02
-1.428387360647320747e-03
-2.556579187512397766e-02
-4.790333658456802368e-02
1.827179454267024994e-02
-4.256685078144073486e-02
-2.629004651680588722e-03
3.467080742120742798e-02
1.096098776906728745e-02
3.669964894652366638e-02
6.069686263799667358e-02
-1.697434671223163605e-02
1.847456209361553192e-02
-2.912236936390399933e-02
-5.041470285505056381e-03
2.066953666508197784e-02
2.725317887961864471e-02
-2.648786455392837524e-02
-1.726624928414821625e-02
-1.053950041532516479e-01
9.007614105939865112e-03
1.109418198466300964e-01
-2.820533700287342072e-03
1.431021466851234436e-02
4.254175350069999695e-02
5.866586696356534958e-03
-4.138659220188856125e-03
-5.567093193531036377e-02
-5.846532993018627167e-03
-1.188520416617393494e-01
-1.017205137759447098e-02
-3.076099557802081108e-03
6.847904529422521591e-03
7.004103064537048340e-02
9.266808629035949707e-02
-9.830158203840255737e-03
3.806434944272041321e-02
-1.560207922011613846e-02
3.642727807164192200e-02
-1.739856787025928497e-02
-4.634878411889076233e-02
7.870301604270935059e-02
3.801813349127769470e-02
-4.968330264091491699e-03
-1.302829384803771973e-01
-6.287829577922821045e-02
4.378819093108177185e-02
-6.432151794433593750e-02
3.384398296475410461e-02
-4.457654803991317749e-02
-7.964422553777694702e-02
-2.437916211783885956e-02
-1.837617950513958931e-03
3.636116161942481995e-02
1.460648374632000923e-03
9.712594561278820038e-03
-9.175834245979785919e-03
3.620460256934165955e-02
4.334954428486526012e-04
-1.950642466545104980e-02
8.134777843952178955e-02
8.900105208158493042e-02
-3.605562262237071991e-03
5.249664932489395142e-02
2.657184191048145294e-02
-3.826648695394396782e-03
-3.386053442955017090e-02
-4.907687008380889893e-02
-2.217017672955989838e-02
3.431185707449913025e-02
3.591971099376678467e-02
1.264907978475093842e-02
-6.066964566707611084e-02
-8.298501372337341309e-02
-1.227330882102251053e-02
1.221285089850425720e-01
-2.771773189306259155e-02
-3.320485353469848633e-02
-3.408568724989891052e-02
-1.305414177477359772e-02
3.298800205811858177e-03
-6.126081943511962891e-02
5.471562221646308899e-02
7.319636642932891846e-02
1.282120961695909500e-02
6.393072754144668579e-02
2.655509673058986664e-02
1.513233873993158340e-02
-8.700652979314327240e-03
1.127894595265388489e-01
4.733885452151298523e-02
-2.557344920933246613e-02
-1.457388047128915787e-02
-4.550547897815704346e-02
1.367805618792772293e-02
-1.267498242668807507e-03
-4.679916054010391235e-02
-2.087520621716976166e-02
1.048550903797149658e-01
-1.076367776840925217e-02
7.282824069261550903e-02
-1.349529996514320374e-02
9.646175056695938110e-02
9.063975512981414795e-02
-2.322901412844657898e-02
1.321571022272109985e-01
-4.720923677086830139e-02
7.661309838294982910e-02
-3.521230444312095642e-02
-7.924574427306652069e-03
-9.035495459102094173e-04
2.217292599380016327e-02
-8.928222209215164185e-02
-9.341412037611007690e-02
-8.794705569744110107e-02
-5.488838534802198410e-03
-5.446544662117958069e-02
3.567301854491233826e-02
-2.244492061436176300e-02
-5.282387882471084595e-02
-9.340088814496994019e-02
5.152361467480659485e-02
1.110677979886531830e-02
6.095598638057708740e-02
5.033844336867332458e-02
3.819028288125991821e-02
5.083381012082099915e-02
-7.400494813919067383e-02
-2.255146950483322144e-02
-3.991445526480674744e-02
-2.588114875834435225e-04
-2.380150742828845978e-02
5.453274026513099670e-02
5.211614444851875305e-02
-3.214338049292564392e-02
-7.114254683256149292e-02
1.386365573853254318e-02
-1.113951299339532852e-02
-1.617006259039044380e-03
5.186902359127998352e-02
-2.393683046102523804e-02
-3.941601887345314026e-02
-1.296308077871799469e-02
-2.961142454296350479e-03
4.662090539932250977e-02
4.621066153049468994e-02
-2.607761137187480927e-02
1.311144791543483734e-02
-7.545736432075500488e-02
2.831419184803962708e-02
3.050762927159667015e-03
1.107820123434066772e-02
1.463420782238245010e-02
7.565030455589294434e-02
5.879695713520050049e-02
7.699216715991497040e-03
-3.807577118277549744e-02
-1.817258819937705994e-02
3.546116128563880920e-02
4.595047608017921448e-02
7.966745644807815552e-02
8.046723157167434692e-02
-5.814028903841972351e-02
1.893781870603561401e-02
2.493000216782093048e-02
3.115803562104701996e-02
-6.959673482924699783e-03
5.376304313540458679e-02
-4.858355596661567688e-02
-2.544612810015678406e-02
-1.688888110220432281e-02
-2.289665304124355316e-02
6.378034502267837524e-02
-3.836024552583694458e-02
-2.255123853683471680e-02
-7.311061024665832520e-02
-4.539633914828300476e-02
-3.271309286355972290e-02
4.819447174668312073e-02
7.568193972110748291e-02
4.635453224182128906e-03
5.059369653463363647e-02
2.646173164248466492e-02
5.959729850292205811e-02
8.572283387184143066e-02
3.797543421387672424e-02
4.369557276368141174e-02
-1.633148291148245335e-03
7.180805504322052002e-02
5.431954562664031982e-02
2.573792450129985809e-02
4.427606239914894104e-02
-1.326713114976882935e-01
-5.851310864090919495e-02
2.372658811509609222e-02
5.157926306128501892e-02
1.206636708229780197e-02
8.724389225244522095e-02
9.432754665613174438e-02
3.243532776832580566e-02
-2.919870056211948395e-02
4.791853576898574829e-02
6.380482763051986694e-02
-4.056282341480255127e-02
8.473201841115951538e-02
6.632448732852935791e-02
6.357944756746292114e-02
4.734979942440986633e-02
6.078384071588516235e-02
-4.084963584318757057e-04
-1.774461753666400909e-02
1.885841414332389832e-02
1.100032962858676910e-02
-1.257219463586807251e-01
-4.634876549243927002e-02
-2.078090794384479523e-02
1.174027100205421448e-02
-2.159596420824527740e-02
-2.209799131378531456e-03
4.405315499752759933e-03
-2.413808181881904602e-02
1.130128204822540283e-01
-8.965007029473781586e-03
2.886606566607952118e-02
-2.956850919872522354e-03
-1.016794741153717041e-01
1.096405461430549622e-02
-1.255439594388008118e-02
-1.268131937831640244e-02
-1.143690943717956543e-02
2.689698524773120880e-02
-4.678541794419288635e-02
-2.776714414358139038e-02
-2.671963721513748169e-02
3.682727110572159290e-04
-5.315442383289337158e-02
1.120892073959112167e-02
-1.540464255958795547e-02
-1.986740157008171082e-02
-4.514211788773536682e-02
6.838862597942352295e-02
7.220643013715744019e-02
-3.980514779686927795e-02
-7.299313694238662720e-02
3.398223593831062317e-02
-3.318782895803451538e-02
1.078321598470211029e-02
-2.318937331438064575e-02
7.604463491588830948e-03
4.897921904921531677e-02
2.975512295961380005e-02
5.251635611057281494e-02
4.858267679810523987e-02
-6.417294964194297791e-03
-9.500152617692947388e-02
-1.331153418868780136e-02
4.751929268240928650e-02
6.645328551530838013e-02
-6.601938605308532715e-02
-2.797421626746654510e-02
1.029097195714712143e-02
6.127406284213066101e-02
-4.117160663008689880e-02
-7.291514426469802856e-02
-3.508835658431053162e-02
-7.173680234700441360e-03
5.967358127236366272e-02
5.171900987625122070e-02
-2.902980893850326538e-02
5.376880988478660583e-02
-2.367763593792915344e-02
-7.252008467912673950e-02
8.952186256647109985e-02
1.983879134058952332e-02
2.089944481849670410e-02
5.869943276047706604e-02
-2.712197788059711456e-02
5.651018768548965454e-02
5.421631410717964172e-02
5.346062406897544861e-02
1.641671173274517059e-02
-2.876947633922100067e-03
-2.408486790955066681e-02
5.194419994950294495e-03
-1.241226098500192165e-03
-2.798503823578357697e-02
8.454917930066585541e-03
-3.823757544159889221e-02
2.143832482397556305e-02
9.232983924448490143e-03
4.144728556275367737e-02
1.856938563287258148e-02
1.731863128952682018e-03
-1.504786591976881027e-02
1.070457622408866882e-01
5.928146839141845703e-02
1.470818743109703064e-02
-4.950502142310142517e-02
2.546908147633075714e-02
9.190895408391952515e-02
6.785785406827926636e-02
1.687912154011428356e-04
-1.652303338050842285e-02
-6.096253544092178345e-02
