4.925537481904029846e-02
5.083313584327697754e-02
1.150550134479999542e-02
4.033028963021934032e-04
-2.338580600917339325e-02
-7.154686748981475830e-02
8.013133704662322998e-02
-5.858446657657623291e-02
2.369897626340389252e-02
1.154282167553901672e-01
3.108000755310058594e-02
3.492625057697296143e-02
-5.098248645663261414e-02
3.106717765331268311e-02
5.161006003618240356e-02
3.729886934161186218e-02
6.957902759313583374e-02
2.280313894152641296e-02
4.719543457031250000e-02
-6.874673813581466675e-02
4.378856346011161804e-02
-2.182126604020595551e-02
4.347645863890647888e-02
-1.000791192054748535e-01
4.918718710541725159e-02
4.783510044217109680e-02
3.851824905723333359e-03
3.235196694731712341e-02
-2.695852704346179962e-02
-3.852013126015663147e-02
5.687871947884559631e-02
1.453647483140230179e-02
1.446922309696674347e-02
5.229873582720756531e-02
-1.795060560107231140e-02
-1.261481270194053650e-02
-7.217536121606826782e-02
3.688579425215721130e-02
-6.832971423864364624e-02
1.164630893617868423e-02
1.788379810750484467e-02
2.128349058330059052e-02
8.324395865201950073e-02
8.612445741891860962e-02
1.599796116352081299e-02
-1.213222648948431015e-02
-3.813360258936882019e-02
-6.820122152566909790e-02
-1.305943280458450317e-01
-1.156046148389577866e-02
9.539274126291275024e-02
-5.044845491647720337e-02
-2.110866364091634750e-03
-1.890091598033905029e-02
5.705015268176794052e-03
7.450125366449356079e-02
-5.639291182160377502e-02
-1.069357059895992279e-02
2.308391034603118896e-02
-3.046273253858089447e-02
-3.809088841080665588e-02
-5.055182054638862610e-02
3.006823547184467316e-02
-2.280110027641057968e-03
7.113830745220184326e-02
3.244309499859809875e-02
4.759576171636581421e-03
1.189747825264930725e-02
2.715262398123741150e-02
5.594086833298206329e-03
3.960696980357170105e-02
-8.776348829269409180e-02
-2.047194167971611023e-02
-2.063512243330478668e-02
-2.634550631046295166e-02
-7.280230638571083546e-04
7.232165429741144180e-03
4.715956747531890869e-02
3.949211910367012024e-02
-8.201550692319869995e-03
-5.530213192105293274e-02
1.103795245289802551e-01
1.321388874202966690e-02
-3.520026104524731636e-03
-1.012891158461570740e-02
9.308254346251487732e-03
-3.157826513051986694e-02
3.741172701120376587e-02
7.606571912765502930e-02
-8.335102349519729614e-02
5.291496589779853821e-02
-5.373753141611814499e-03
-3.396816551685333252e-02
1.020577400922775269e-01
3.018642403185367584e-02
5.625388026237487793e-02
-6.264965236186981201e-02
1.306676398962736130e-02
-1.246947329491376877e-02
-2.461962029337882996e-02
-7.583183050155639648e-02
-4.498932883143424988e-02
-9.564743191003799438e-02
-6.975349038839340210e-02
-4.300793632864952087e-02
-8.328965306282043457e-02
-2.393852919340133667e-02
-2.340491116046905518e-02
3.403072804212570190e-02
-5.278604105114936829e-02
-8.488558977842330933e-02
-4.874939844012260437e-02
3.111214609816670418e-03
5.547741055488586426e-02
7.698436826467514038e-02
3.861255943775177002e-02
5.604601278901100159e-02
-5.347806029021739960e-03
1.956479996442794800e-02
-2.631711959838867188e-02
-4.750938713550567627e-02
1.456884853541851044e-02
-8.795806765556335449e-02
-1.981217786669731140e-02
-1.349861617200076580e-03
3.898269683122634888e-02
-3.794010728597640991e-02
3.706856444478034973e-02
-2.812432497739791870e-02
-9.431800246238708496e-02
7.092534005641937256e-02
2.472964115440845490e-02
2.480643056333065033e-02
2.565814927220344543e-02
1.770744659006595612e-02
-7.214508950710296631e-02
1.805418170988559723e-02
-1.293632294982671738e-02
-7.265582680702209473e-02
-5.237763002514839172e-02
1.117323338985443115e-01
5.245817825198173523e-02
-3.825570270419120789e-02
-1.593948155641555786e-02
1.389891188591718674e-02
-6.140900030732154846e-02
8.522491902112960815e-03
-7.550308853387832642e-02
-2.030709199607372284e-02
5.968185514211654663e-02
5.052314326167106628e-02
4.688599612563848495e-03
-1.143785417079925537e-01
-4.463402181863784790e-02
8.551404625177383423e-02
1.071785669773817062e-02
9.812681376934051514e-02
4.068167507648468018e-02
-2.786402404308319092e-02
-4.064775630831718445e-02
-7.846157997846603394e-03
5.677111446857452393e-02
-6.130565330386161804e-02
-4.097634181380271912e-02
6.910867523401975632e-03
5.046366155147552490e-02
-9.243390522897243500e-03
6.661786139011383057e-02
2.563269063830375671e-02
4.867960698902606964e-03
-6.472696363925933838e-02
-3.866993635892868042e-02
3.781017614528536797e-03
-3.395312279462814331e-02
8.852580934762954712e-02
1.883243769407272339e-02
-3.706642240285873413e-02
-9.864452295005321503e-03
-5.810789018869400024e-02
2.928548306226730347e-02
3.544654324650764465e-02
-2.122066728770732880e-02
-2.732253633439540863e-02
-2.264545112848281860e-02
-9.493922814726829529e-03
8.083625696599483490e-03
9.649835526943206787e-02
-6.885218620300292969e-02
-5.024103820323944092e-02
-6.366897374391555786e-02
1.030843146145343781e-02
9.677633643150329590e-02
8.054163306951522827e-02
4.745296388864517212e-02
6.880293786525726318e-02
3.795069828629493713e-02
-5.241819657385349274e-03
-6.975070107728242874e-03
-3.252997249364852905e-02
4.519386216998100281e-02
-1.060642078518867493e-01
-1.443617790937423706e-02
-3.491144254803657532e-02
-2.604082040488719940e-02
-4.533514007925987244e-02
-2.664599381387233734e-02
-8.526619523763656616e-03
7.132044434547424316e-02
7.774374447762966156e-03
-4.890765994787216187e-02
2.755722962319850922e-02
-1.776059716939926147e-02
-3.058074973523616791e-02
2.451260574162006378e-02
-8.943875133991241455e-02
-1.461751409806311131e-03
1.385658979415893555e-03
5.731275305151939392e-03
2.686201967298984528e-02
1.971340365707874298e-02
-1.629081740975379944e-02
6.765083968639373779e-02
8.986712433397769928e-03
-5.235667806118726730e-03
2.609515748918056488e-02
7.026617974042892456e-02
-9.947967715561389923e-03
5.034663155674934387e-02
-3.669067472219467163e-02
-6.151432171463966370e-02
-9.009961038827896118e-03
1.018947083503007889e-02
-5.698961764574050903e-02
8.374349214136600494e-03
4.590831696987152100e-02
-7.297837873920798302e-04
-7.326827198266983032e-02
-5.257100239396095276e-02
6.699362769722938538e-03
9.273147583007812500e-02
-5.494194477796554565e-02
3.300087526440620422e-02
-4.974460601806640625e-02
-6.124012917280197144e-02
1.600578613579273224e-02
-2.557665854692459106e-02
1.908397860825061798e-02
-9.867846034467220306e-03
1.668963208794593811e-02
-3.890996566042304039e-03
1.247238251380622387e-03
-3.912451118230819702e-02
6.511668674647808075e-03
-2.589329518377780914e-02
-2.995979739353060722e-04
2.428059093654155731e-02
1.365847513079643250e-02
-2.690131030976772308e-02
8.716423809528350830e-02
2.297825738787651062e-02
-2.672375179827213287e-02
-4.973002523183822632e-02
1.391138508915901184e-02
3.093701414763927460e-02
-4.582644626498222351e-02
1.074411422014236450e-01
-1.744848303496837616e-02
6.800593435764312744e-02
1.802415819838643074e-03
-2.948963083326816559e-02
-5.179498344659805298e-03
4.778234753757715225e-03
5.139708053320646286e-03
-4.538315907120704651e-02
-8.266302198171615601e-02
-3.502344712615013123e-02
4.036908224225044250e-02
9.250402450561523438e-03
3.670237213373184204e-02
2.560024335980415344e-02
-5.489288270473480225e-02
6.403165869414806366e-03
-1.229430958628654480e-01
6.894650403410196304e-03
-7.717437576502561569e-03
5.507316440343856812e-02
2.558959275484085083e-02
3.417739877477288246e-03
-4.701165109872817993e-02
1.087195985019207001e-02
-2.688425593078136444e-02
9.035974740982055664e-02
3.108630888164043427e-02
-1.107764197513461113e-03
-4.175038263201713562e-02
-3.468758240342140198e-02
-8.722005039453506470e-02
-4.758836701512336731e-02
-1.567948795855045319e-02
-9.391236305236816406e-02
1.676576584577560425e-02
2.837668638676404953e-03
-1.111681014299392700e-01
-4.345563054084777832e-02
5.787957087159156799e-02
4.091000184416770935e-03
-2.062338031828403473e-02
-2.544568106532096863e-02
4.158858954906463623e-02
-2.613337524235248566e-02
7.506286352872848511e-02
-3.051332198083400726e-02
-2.304305322468280792e-02
1.473307237029075623e-02
-5.715770274400711060e-02
3.598874807357788086e-02
-1.121045555919408798e-02
-6.092453002929687500e-02
-3.705931082367897034e-02
8.001165091991424561e-02
-7.498749531805515289e-03
-7.867407798767089844e-02
-2.206286042928695679e-02
1.141285902122035623e-04
-8.903574198484420776e-02
-5.460447166115045547e-03
3.041475079953670502e-02
6.791830807924270630e-02
-4.939736798405647278e-02
-1.933867856860160828e-02
1.622265763580799103e-02
-2.866394817829132080e-02
-2.925925189629197121e-03
1.006996911019086838e-02
-9.360742405988276005e-04
-2.370461076498031616e-02
-2.257292531430721283e-02
-4.828192293643951416e-02
-4.809098318219184875e-02
5.276500806212425232e-02
3.780248109251260757e-03
-4.883117601275444031e-02
3.296527313068509102e-03
-3.453540429472923279e-02
-3.645525127649307251e-02
-3.897191211581230164e-02
-2.405557548627257347e-03
-5.470663681626319885e-02
-1.130835041403770447e-01
-7.032418157905340195e-03
-2.756747789680957794e-02
7.152707874774932861e-02
5.297874286770820618e-02
-6.505098193883895874e-02
-3.350003063678741455e-02
-9.991295635700225830e-03
6.733682751655578613e-02
-2.079399675130844116e-02
4.023886099457740784e-02
1.676367223262786865e-02
-1.839793869294226170e-03
3.241719305515289307e-02
1.340808160603046417e-02
-1.904678158462047577e-02
-3.965732455253601074e-02
-2.556394971907138824e-02
-2.011580020189285278e-02
2.346630394458770752e-02
-3.505324199795722961e-02
3.671145066618919373e-02
1.404802314937114716e-02
-7.637037336826324463e-02
3.910201415419578552e-02
4.745016992092132568e-02
3.584446758031845093e-02
-7.370293885469436646e-02
-1.075539812445640564e-01
-2.487937919795513153e-02
2.926560677587985992e-02
6.262037903070449829e-03
-2.386384643614292145e-02
-9.977698209695518017e-05
5.946780368685722351e-02
9.573568403720855713e-02
2.918741665780544281e-03
-2.792327478528022766e-02
7.821726799011230469e-02
-6.445167213678359985e-02
2.009019814431667328e-02
3.068084456026554108e-02
5.632006097584962845e-03
9.307945519685745239e-02
3.716719220392405987e-04
8.040215820074081421e-03
4.669543355703353882e-02
-3.239564970135688782e-02
-2.497991174459457397e-02
2.645934186875820160e-02
9.879083372652530670e-03
-7.580173015594482422e-02
-5.536752566695213318e-02
1.535174902528524399e-03
-6.416914612054824829e-02
-6.201949901878833771e-03
-1.147339120507240295e-02
4.900239408016204834e-02
4.458088055253028870e-02
8.440158516168594360e-02
2.148745954036712646e-02
2.826206153258681297e-03
2.324681542813777924e-02
1.575682195834815502e-03
-1.065393351018428802e-02
-1.186992526054382324e-01
3.893519565463066101e-02
1.033974140882492065e-01
-3.138953074812889099e-02
6.252190098166465759e-03
6.190452724695205688e-02
3.363229334354400635e-02
2.326072752475738525e-02
-7.697446644306182861e-02
3.840875253081321716e-02
6.588894873857498169e-02
1.629717648029327393e-02
2.875352837145328522e-02
-3.719004988670349121e-02
3.663341701030731201e-02
-1.490287389606237411e-02
2.079687826335430145e-02
-6.373623758554458618e-02
1.036434620618820190e-02
-2.459920383989810944e-02
2.018595859408378601e-02
-3.711649030447006226e-02
4.378234967589378357e-03
8.982906118035316467e-03
3.703797236084938049e-02
7.180857658386230469e-02
-5.845133960247039795e-02
3.754448518157005310e-02
-2.237548865377902985e-02
-4.581275954842567444e-02
-1.731061004102230072e-02
1.292515173554420471e-02
7.392679899930953979e-02
-3.702873364090919495e-02
6.982299685478210449e-02
5.327450856566429138e-02
-4.491050168871879578e-02
3.534520417451858521e-02
2.940683998167514801e-02
-8.754798024892807007e-02
-2.643038704991340637e-02
4.890116304159164429e-02
3.451053053140640259e-02
-2.987533062696456909e-02
-2.031725831329822540e-02
1.415590057149529457e-03
-7.479460537433624268e-02
-4.949347674846649170e-02
4.382778424769639969e-03
4.348244518041610718e-02
-4.915379360318183899e-02
3.880332782864570618e-02
-5.802997574210166931e-02
-4.218169674277305603e-02
-4.229925200343132019e-02
-8.047404885292053223e-02
4.097810760140419006e-02
-1.901056803762912750e-02
-8.515307679772377014e-03
2.561489306390285492e-02
-2.969410270452499390e-02
-8.696556324139237404e-05
4.871635138988494873e-02
4.070828109979629517e-02
-1.382272038608789444e-02
-5.034128203988075256e-02
-4.389114305377006531e-02
5.172951146960258484e-02
3.104878962039947510e-02
5.366654321551322937e-02
3.128536418080329895e-02
3.729586303234100342e-02
-6.035465747117996216e-02
-3.030554018914699554e-02
-4.015257582068443298e-03
2.511557191610336304e-02
-8.678182959556579590e-02
2.071407996118068695e-02
7.572581619024276733e-02
-3.171905875205993652e-02
2.635062485933303833e-02
2.511688880622386932e-02
-1.121189631521701813e-02
7.440237700939178467e-02
-2.844405127689242363e-03
-2.368464879691600800e-02
4.820162430405616760e-02
-4.061785712838172913e-02
-7.146058976650238037e-02
4.668792709708213806e-02
-5.215110257267951965e-02
-6.813611835241317749e-03
-1.856105588376522064e-02
-2.418885007500648499e-02
3.112117573618888855e-02
-1.866818964481353760e-02
-1.356383552774786949e-03
5.926794931292533875e-02
-8.649595081806182861e-02
3.126681968569755554e-02
-4.217104054987430573e-03
3.586054965853691101e-02
-3.094360418617725372e-02
-3.769796714186668396e-02
1.199274789541959763e-02
6.857364624738693237e-02
-2.937323041260242462e-02
-5.862905085086822510e-02
2.711787633597850800e-02
-8.596198260784149170e-02
-3.489553555846214294e-02
-1.244526263326406479e-02
-5.309700965881347656e-02
-5.098265781998634338e-02
1.299926731735467911e-02
3.107163868844509125e-02
1.176029443740844727e-02
-3.128661215305328369e-02
-1.471551787108182907e-02
2.984788641333580017e-02
-5.005219019949436188e-03
4.658975452184677124e-02
-6.333378702402114868e-02
5.151318386197090149e-03
1.319997943937778473e-02
-6.432090885937213898e-03
-2.760173380374908447e-02
-6.084437668323516846e-02
-1.125025190412998199e-02
-1.571021229028701782e-02
-2.729694917798042297e-02
7.380327582359313965e-02
4.709488130174577236e-04
4.691991209983825684e-02
2.695199474692344666e-02
-7.997338660061359406e-03
-3.094194456934928894e-02
6.952628493309020996e-02
2.908899821341037750e-02
1.502786669880151749e-02
4.871872067451477051e-02
-1.449682749807834625e-02
2.629031613469123840e-02
-7.655168324708938599e-02
1.335557401180267334e-01
1.172407567501068115e-01
-3.869685530662536621e-02
1.868177391588687897e-02
5.194477853365242481e-04
-2.355147153139114380e-02
3.471012413501739502e-02
-3.621310368180274963e-02
-2.219373919069766998e-02
3.214404359459877014e-02
3.060624562203884125e-02
4.465788975358009338e-02
-4.620063677430152893e-02
-2.412849664688110352e-02
1.092884913086891174e-01
2.974777296185493469e-02
-5.257977917790412903e-02
-1.963210478425025940e-02
-1.899342238903045654e-02
1.683769002556800842e-02
1.616488583385944366e-02
-7.574743032455444336e-02
-6.601759791374206543e-02
-2.758996002376079559e-02
1.244077086448669434e-02
5.182264745235443115e-02
7.555204629898071289e-02
-3.348862379789352417e-02
3.657847642898559570e-03
-5.069964751601219177e-02
-3.963886573910713196e-02
8.783512748777866364e-03
-1.176107092760503292e-03
6.996707618236541748e-02
-1.831186935305595398e-02
-4.652311652898788452e-02
-4.159329459071159363e-02
-2.313247695565223694e-02
5.676428973674774170e-02
-6.662336736917495728e-02
-2.703983336687088013e-02
-1.682048104703426361e-02
-7.471574842929840088e-02
-8.669013157486915588e-03
2.823384851217269897e-02
-1.568847708404064178e-02
-3.790357336401939392e-02
-2.417772263288497925e-02
1.163983903825283051e-02
-5.869103129953145981e-03
8.249409496784210205e-03
-3.417083248496055603e-02
2.659362507984042168e-03
-1.664711907505989075e-02
-6.672132760286331177e-02
-4.043550416827201843e-02
-5.778631195425987244e-02
3.850912302732467651e-02
-5.771120637655258179e-02
-3.648455068469047546e-02
1.616813242435455322e-02
-9.952915459871292114e-02
-9.082537144422531128e-03
-2.201772294938564301e-02
5.070517584681510925e-02
1.193262450397014618e-02
-3.581093624234199524e-02
7.696835696697235107e-02
-1.038048509508371353e-02
-7.796017825603485107e-02
-2.770288288593292236e-02
4.153455421328544617e-02
5.020380485802888870e-03
-1.738019660115242004e-02
-6.091472133994102478e-02
-5.257702991366386414e-02
-1.241324655711650848e-02
-5.137901380658149719e-02
-9.282062202692031860e-02
-4.822186380624771118e-02
-1.740899053402245045e-03
5.106940865516662598e-02
5.211872234940528870e-02
-1.911992952227592468e-02
5.288011208176612854e-02
7.691757380962371826e-02
1.018612459301948547e-01
-1.304215565323829651e-02
-4.818117991089820862e-02
-2.419682592153549194e-02
1.557463873177766800e-02
-3.492400795221328735e-02
-6.889417767524719238e-02
-6.136775389313697815e-02
5.564954876899719238e-02
2.821606583893299103e-03
-3.749351575970649719e-02
9.391278028488159180e-02
-3.274295246228575706e-03
6.734291464090347290e-02
-3.376139327883720398e-02
3.580645099282264709e-02
-2.869718708097934723e-02
8.834811858832836151e-03
2.909126318991184235e-02
2.671345695853233337e-02
2.350588887929916382e-02
-7.679218053817749023e-02
2.981462702155113220e-02
-6.929539889097213745e-02
-2.089815214276313782e-03
6.355017423629760742e-02
3.483854606747627258e-02
-2.492720447480678558e-02
-4.932777583599090576e-02
1.279228925704956055e-02
-1.705671288073062897e-02
3.328921645879745483e-02
1.323945261538028717e-02
1.081578619778156281e-02
-4.785994440317153931e-02
1.744477264583110809e-02
-1.205048058182001114e-02
9.405852295458316803e-03
3.112298063933849335e-02
-4.900785163044929504e-03
3.177679702639579773e-02
-3.277302533388137817e-02
-5.262349918484687805e-02
-1.640438847243785858e-02
2.056594006717205048e-03
4.716459289193153381e-02
-4.738179594278335571e-02
-2.732458524405956268e-02
3.144729137420654297e-02
-6.990596652030944824e-02
-8.242353796958923340e-02
-2.844113297760486603e-02
-2.101520448923110962e-02
-3.146187588572502136e-02
4.785752668976783752e-02
-3.019153326749801636e-02
-2.052379213273525238e-02
-1.834602840244770050e-02
4.865530133247375488e-02
-6.182968989014625549e-02
5.795478820800781250e-03
1.369877904653549194e-02
-5.420233309268951416e-02
1.943760551512241364e-02
-1.244490873068571091e-02
5.982941761612892151e-02
-2.731980755925178528e-03
4.106347635388374329e-02
6.966123729944229126e-02
-1.406207587569952011e-02
8.312004059553146362e-02
-7.134503219276666641e-03
2.441093511879444122e-02
-5.660691112279891968e-02
-3.977699577808380127e-02
-9.126192331314086914e-02
5.260289087891578674e-02
-5.752648040652275085e-02
1.298975851386785507e-02
-3.655163943767547607e-02
4.980243742465972900e-02
5.409196764230728149e-02
1.559921633452177048e-02
-9.011757210828363895e-04
-4.789063334465026855e-02
-2.317100577056407928e-02
-1.163823679089546204e-01
-3.756333515048027039e-02
3.764389827847480774e-02
-5.985825508832931519e-02
3.413590788841247559e-02
7.772702723741531372e-02
-6.164651736617088318e-02
7.643368840217590332e-02
-2.002417854964733124e-02
4.078844189643859863e-02
-3.745642304420471191e-02
-8.024535141885280609e-03
-2.617955766618251801e-02
-5.245697498321533203e-02
1.826067455112934113e-02
2.314366167411208153e-03
2.349580824375152588e-02
-3.132858127355575562e-02
-3.235521540045738220e-02
-2.341907098889350891e-02
-1.030315831303596497e-02
1.167095173150300980e-02
-2.903212048113346100e-02
2.983374521136283875e-03
3.785406425595283508e-02
4.024013876914978027e-03
2.767612040042877197e-02
3.419177606701850891e-02
2.618458308279514313e-02
-4.189065098762512207e-02
-3.121427819132804871e-02
1.717252284288406372e-02
-1.798247732222080231e-02
-2.479914575815200806e-02
-1.732332073152065277e-02
8.288217335939407349e-02
-2.317175827920436859e-02
-1.640472188591957092e-02
-4.629764705896377563e-02
7.492654025554656982e-02
2.645427174866199493e-02
-1.175978220999240875e-03
-5.016552284359931946e-02
6.305940449237823486e-02
-1.687734154984354973e-03
1.613812404684722424e-03
2.303042449057102203e-02
-2.881436841562390327e-03
-5.537005513906478882e-02
7.015303242951631546e-03
-9.008045494556427002e-02
3.095292486250400543e-02
-5.182530358433723450e-02
2.008784748613834381e-02
7.939081639051437378e-03
-1.194172129034996033e-01
2.322758734226226807e-02
5.435898900032043457e-02
-1.263531669974327087e-02
9.919773042201995850e-02
7.047910988330841064e-02
-3.045818023383617401e-02
9.589702822268009186e-03
1.204502116888761520e-02
9.803428314626216888e-03
-4.404580220580101013e-02
-3.039520420134067535e-02
-2.309558913111686707e-02
8.908877149224281311e-03
-6.480264710262417793e-04
-5.687614902853965759e-02
3.089849837124347687e-03
-3.861367702484130859e-02
-6.138050928711891174e-02
-5.911725014448165894e-02
-4.768791794776916504e-02
2.648505195975303650e-02
-3.565149381756782532e-02
-2.197595313191413879e-02
-9.601134061813354492e-02
3.324395045638084412e-02
2.648350037634372711e-02
-2.945119328796863556e-02
-4.013985395431518555e-03
4.112140834331512451e-02
6.445136666297912598e-02
6.226230785250663757e-02
3.154370933771133423e-02
-2.580264955759048462e-02
9.744000621140003204e-03
-2.491639554500579834e-02
-4.573789611458778381e-02
1.661854051053524017e-02
8.246409147977828979e-02
1.762894913554191589e-02
8.362215757369995117e-02
5.737368762493133545e-02
-3.116358257830142975e-02
5.146966874599456787e-02
1.081734746694564819e-01
-8.577279746532440186e-02
5.787148838862776756e-04
-7.432155311107635498e-02
-3.404848510399460793e-03
5.410113930702209473e-02
2.591729280538856983e-04
3.542227670550346375e-02
3.319107368588447571e-02
7.612295914441347122e-03
-7.610474713146686554e-03
1.425030920654535294e-02
6.236644834280014038e-02
-1.238317694514989853e-02
8.429975807666778564e-02
4.545253142714500427e-02
1.809304952621459961e-02
-3.541291877627372742e-02
-5.876787938177585602e-03
-3.852884843945503235e-02
-2.545370953157544136e-03
5.242653936147689819e-02
4.423338547348976135e-02
1.598173938691616058e-02
-6.032024323940277100e-02
-3.768460825085639954e-02
-4.959418904036283493e-03
4.106250777840614319e-02
2.403468079864978790e-02
-1.259722840040922165e-02
-5.199018865823745728e-02
-9.309452027082443237e-02
5.755311995744705200e-02
3.997432067990303040e-02
2.786203473806381226e-02
1.165183559060096741e-01
6.651523709297180176e-02
-4.723615571856498718e-02
-2.049339935183525085e-02
-5.302330106496810913e-02
9.324186295270919800e-02
1.144991256296634674e-02
6.684406101703643799e-02
4.474350064992904663e-02
-6.353121995925903320e-02
9.340097755193710327e-02
-7.978976517915725708e-02
2.795497700572013855e-02
-3.923980891704559326e-02
1.046149060130119324e-01
5.817165970802307129e-02
3.688277676701545715e-02
7.732041180133819580e-02
1.019808623823337257e-04
1.138966903090476990e-02
-3.752352297306060791e-02
7.649732753634452820e-03
-1.308335270732641220e-02
1.715530455112457275e-02
-3.077509626746177673e-02
-5.529185757040977478e-02
-4.650676250457763672e-02
1.435380894690752029e-02
8.751569688320159912e-02
-2.122278138995170593e-02
3.336708620190620422e-02
-2.362468466162681580e-02
-2.149724029004573822e-02
-5.753653869032859802e-02
1.318834070116281509e-02
7.014027796685695648e-03
-6.975633651018142700e-02
8.185261487960815430e-02
3.989027440547943115e-02
-2.382554486393928528e-02
1.691839285194873810e-02
1.730406656861305237e-02
-1.682669483125209808e-02
3.600862622261047363e-02
1.866899058222770691e-02
7.313461601734161377e-02
-3.426368813961744308e-03
7.145807147026062012e-02
-3.388471901416778564e-02
2.842319570481777191e-02
2.059395238757133484e-02
-4.685395210981369019e-02
-3.968742117285728455e-02
1.528890151530504227e-02
1.958981342613697052e-02
-1.370190409943461418e-03
-3.967295959591865540e-02
4.147450625896453857e-02
-4.978139325976371765e-02
-6.963851302862167358e-02
-8.043994754552841187e-02
1.013285070657730103e-01
1.174844894558191299e-02
-1.635416038334369659e-02
-1.496189273893833160e-02
-3.847066685557365417e-02
-7.271149754524230957e-02
3.931815922260284424e-02
-3.235210478305816650e-02
1.292713545262813568e-02
2.838123776018619537e-02
9.552353993058204651e-03
1.063506118953227997e-02
2.837534993886947632e-02
3.349551185965538025e-02
9.007427841424942017e-03
-7.562632858753204346e-02
7.610699161887168884e-03
5.861392244696617126e-03
4.448112845420837402e-02
-3.186284378170967102e-02
7.631297409534454346e-02
-4.815993830561637878e-02
-1.577020809054374695e-02
2.047188580036163330e-03
3.807337582111358643e-02
-1.267382800579071045e-01
-7.963038980960845947e-03
-2.076947130262851715e-02
7.754112035036087036e-02
7.216400653123855591e-02
-4.513485729694366455e-02
-2.958936430513858795e-02
9.021877311170101166e-03
-3.710570279508829117e-03
5.501163378357887268e-02
-8.036966621875762939e-02
1.863596588373184204e-02
9.470291435718536377e-03
3.964514657855033875e-02
-1.740919426083564758e-02
-1.705098338425159454e-02
5.863080546259880066e-02
-2.530574798583984375e-03
2.962917275726795197e-02
3.377844020724296570e-02
-3.136758506298065186e-02
1.149690598249435425e-01
6.729296408593654633e-03
-4.414052143692970276e-02
1.209930628538131714e-01
-1.330576390027999878e-01
2.253080345690250397e-02
1.025190353393554688e-01
1.144803967326879501e-02
-2.417163923382759094e-02
-3.821950033307075500e-02
-6.841239333152770996e-02
-5.300536006689071655e-02
2.472560852766036987e-02
1.622960716485977173e-02
1.063762828707695007e-01
-5.872000753879547119e-02
3.035587072372436523e-02
3.246645256876945496e-02
9.148447774350643158e-03
-1.162038091570138931e-02
1.067981943488121033e-01
3.760929405689239502e-02
-5.950072780251502991e-02
8.471149206161499023e-02
2.189527824521064758e-02
1.921164803206920624e-02
4.158444702625274658e-02
-2.197343111038208008e-02
7.654318958520889282e-02
5.270626395940780640e-02
2.754324488341808319e-02
3.611924871802330017e-02
-4.059132561087608337e-02
-7.375475019216537476e-02
5.474802851676940918e-02
-3.279729187488555908e-02
3.156282007694244385e-02
-7.524228841066360474e-02
4.463610798120498657e-02
-5.995338782668113708e-03
8.104075491428375244e-02
-6.812142580747604370e-02
1.012654323130846024e-02
-8.077517151832580566e-02
-4.593699052929878235e-02
-5.883896723389625549e-03
-3.066410496830940247e-02
-9.838562458753585815e-03
3.789043426513671875e-02
5.120620876550674438e-02
-2.506950870156288147e-02
1.602533645927906036e-02
-7.576112635433673859e-03
-7.114087045192718506e-02
