1.724173687398433685e-02
-5.675378255546092987e-03
-3.107134066522121429e-02
4.383442550897598267e-02
-2.160825766623020172e-03
-3.755158185958862305e-02
-1.312366034835577011e-02
-7.814083993434906006e-02
-3.659646213054656982e-02
9.252808243036270142e-02
-1.257151085883378983e-02
-4.900729656219482422e-02
1.474355906248092651e-02
1.478557195514440536e-02
2.556047774851322174e-02
-1.128964871168136597e-01
-5.308349803090095520e-02
-2.559443749487400055e-02
6.770026683807373047e-02
-1.523804664611816406e-02
-5.309996595315169543e-06
-3.877470642328262329e-02
-8.179860562086105347e-02
4.393981397151947021e-02
-6.674385815858840942e-02
-3.780753910541534424e-02
-3.544570505619049072e-02
7.702876813709735870e-03
-5.098397377878427505e-03
3.549572080373764038e-02
-5.348969623446464539e-02
7.692390680313110352e-02
-9.780783951282501221e-02
-4.898432642221450806e-02
-9.408898651599884033e-03
3.260239213705062866e-02
-3.469606861472129822e-02
5.387894064188003540e-02
6.564621627330780029e-02
7.612091489136219025e-03
-1.115821767598390579e-02
6.374932080507278442e-02
-7.953768596053123474e-03
8.125364780426025391e-02
1.543568540364503860e-02
6.902348250150680542e-02
-4.119086638092994690e-02
3.847812116146087646e-02
4.800831899046897888e-02
-2.707502432167530060e-02
2.289213240146636963e-02
2.556398697197437286e-02
-3.928892314434051514e-02
4.206002876162528992e-02
-5.418396554887294769e-03
-3.210540488362312317e-02
2.307282388210296631e-02
1.068464946001768112e-02
-3.817196562886238098e-02
-2.125103771686553955e-02
-1.151848863810300827e-02
2.273556403815746307e-02
7.935770601034164429e-02
3.252616152167320251e-02
-4.026278480887413025e-02
3.371032699942588806e-02
3.798740357160568237e-02
-3.272619098424911499e-02
-7.677060086280107498e-03
3.473495319485664368e-02
1.285516470670700073e-02
-3.054650500416755676e-02
9.619409218430519104e-03
3.203218511771410704e-04
-6.348794698715209961e-02
3.882251447066664696e-03
9.241501986980438232e-02
-9.105715900659561157e-02
4.021118953824043274e-02
-8.908875286579132080e-02
5.224678665399551392e-03
3.613733872771263123e-02
-2.348186448216438293e-02
1.358685046434402466e-01
2.296958304941654205e-02
-2.082517137750983238e-03
9.046145132742822170e-04
-1.152687473222613335e-03
-6.913164258003234863e-02
-1.272095274180173874e-02
6.637053191661834717e-02
2.370164357125759125e-02
-6.405828893184661865e-02
5.347216129302978516e-02
-1.436098013073205948e-02
6.663348525762557983e-02
-1.799406483769416809e-02
4.522350057959556580e-02
4.341755434870719910e-02
-1.761374296620488167e-03
-1.647690497338771820e-02
4.339325707405805588e-03
-5.208606645464897156e-02
2.616809494793415070e-02
6.566850934177637100e-03
1.376304682344198227e-02
7.032528985291719437e-03
-7.740065455436706543e-02
-5.264665931463241577e-02
-1.963037811219692230e-02
-1.017856895923614502e-01
3.859521448612213135e-02
2.169364131987094879e-02
-3.963427618145942688e-02
-5.842791870236396790e-03
1.510168705135583878e-02
2.464446052908897400e-02
-4.044352471828460693e-02
-3.248105198144912720e-02
4.517253115773200989e-02
-2.886155433952808380e-02
-1.515103969722986221e-02
-5.932760238647460938e-02
5.731534957885742188e-02
-3.450449556112289429e-02
-2.025523409247398376e-02
-4.905743151903152466e-02
-3.557371720671653748e-02
6.527446210384368896e-02
-4.292839020490646362e-02
3.581275790929794312e-02
7.137487083673477173e-02
-1.543122436851263046e-02
-1.251765433698892593e-02
-1.848640479147434235e-02
1.117845438420772552e-02
2.177241112804040313e-04
-2.947958186268806458e-02
-2.880128659307956696e-02
-6.918668746948242188e-02
5.920305475592613220e-02
-1.919163204729557037e-02
-5.438649281859397888e-02
-3.047967143356800079e-02
-1.237752940505743027e-02
7.221634685993194580e-02
-5.653933808207511902e-02
-1.734696701169013977e-02
5.808333680033683777e-02
3.904765099287033081e-02
-1.620276272296905518e-02
1.310746837407350540e-02
4.037215560674667358e-02
5.505058169364929199e-02
-1.206961553543806076e-02
-2.888321317732334137e-02
3.993041813373565674e-02
-7.350531406700611115e-03
-3.630712628364562988e-02
5.610512569546699524e-02
5.296141281723976135e-02
-3.657333180308341980e-02
5.851135030388832092e-02
5.983126536011695862e-02
7.920708507299423218e-02
4.417534545063972473e-02
7.699706126004457474e-03
-1.447709184139966965e-02
-1.057723686099052429e-01
-4.331519082188606262e-02
2.016888186335563660e-02
-2.431511320173740387e-02
2.621560543775558472e-02
-2.417834009975194931e-03
8.125855587422847748e-03
-1.656050793826580048e-02
1.007305458188056946e-02
3.528336435556411743e-02
-1.773559860885143280e-02
-3.006933722645044327e-03
3.763017058372497559e-02
9.837264195084571838e-03
-6.230657920241355896e-02
-6.455771159380674362e-03
-9.684236347675323486e-02
7.299631834030151367e-02
3.548452514223754406e-05
4.669822286814451218e-03
-5.323236435651779175e-02
-5.849321372807025909e-03
-5.288566462695598602e-03
1.527154445648193359e-02
-7.322192192077636719e-02
-2.493335399776697159e-03
-5.999853834509849548e-02
-4.674639552831649780e-02
4.851290583610534668e-02
-6.687061488628387451e-02
-8.622230030596256256e-03
2.516791783273220062e-02
5.164590664207935333e-03
1.364593356847763062e-01
-4.980161413550376892e-02
-2.196904830634593964e-02
9.141494520008563995e-03
-5.382263287901878357e-02
-3.539501922205090523e-03
-1.247975323349237442e-02
-2.008100412786006927e-02
-7.738588843494653702e-03
-6.236436218023300171e-02
3.806031867861747742e-02
-5.738555267453193665e-02
-5.981191247701644897e-02
-1.762769743800163269e-02
1.879383437335491180e-02
3.220745176076889038e-02
-6.367273628711700439e-02
1.051594386808574200e-03
-9.797940729185938835e-04
3.838836774230003357e-02
2.988739125430583954e-02
4.476058855652809143e-02
-5.543331429362297058e-02
8.571799099445343018e-02
4.964961856603622437e-02
1.530555542558431625e-02
-2.072927169501781464e-02
4.882910847663879395e-02
-3.128438070416450500e-02
1.669664750806987286e-03
7.451479788869619370e-03
6.132809910923242569e-03
-1.636125519871711731e-02
-8.300081640481948853e-02
-3.460180759429931641e-02
-8.083165436983108521e-02
9.801638871431350708e-02
-5.035784468054771423e-02
-1.459980010986328125e-02
3.629813715815544128e-02
-5.017819628119468689e-02
2.554072439670562744e-02
8.146958798170089722e-02
-4.100724309682846069e-02
2.045012079179286957e-02
-1.619988866150379181e-02
4.908287152647972107e-02
-4.119383171200752258e-02
-8.448838442564010620e-02
-2.448614314198493958e-02
6.468354910612106323e-02
4.524919204413890839e-03
-4.006939753890037537e-02
-6.303304433822631836e-02
-2.444461174309253693e-02
3.208722686395049095e-03
7.843150198459625244e-02
4.362795501947402954e-02
-1.188599318265914917e-02
6.980782002210617065e-02
1.003408152610063553e-02
-3.207433223724365234e-02
1.890921406447887421e-02
-7.678770460188388824e-03
-8.271060883998870850e-03
-2.955774590373039246e-02
-1.944400183856487274e-02
-6.776581704616546631e-02
5.464562680572271347e-03
1.006179302930831909e-02
-5.228507146239280701e-02
-1.182061992585659027e-02
3.385159373283386230e-02
-8.461382240056991577e-03
4.318216443061828613e-02
-1.082193292677402496e-02
-1.043235510587692261e-01
-1.514110621064901352e-02
3.532088175415992737e-02
-2.378728799521923065e-02
1.648385822772979736e-02
-6.385325919836759567e-03
-3.859042748808860779e-02
6.451570428907871246e-03
2.248023822903633118e-02
1.159578412771224976e-01
-2.602725662291049957e-02
-1.185645721852779388e-02
8.681352436542510986e-02
-3.359893709421157837e-02
-1.018899828195571899e-01
5.470445845276117325e-03
-8.496718853712081909e-02
-3.101276047527790070e-02
-8.023842237889766693e-03
-5.831452459096908569e-02
-5.054219812154769897e-02
4.010338336229324341e-02
3.034114092588424683e-02
2.574316784739494324e-02
4.769565910100936890e-02
4.102913662791252136e-02
-3.310682624578475952e-02
7.680857926607131958e-02
5.450160056352615356e-02
-2.974086813628673553e-02
-5.056474357843399048e-02
4.653749242424964905e-02
-5.908414721488952637e-02
4.888203740119934082e-02
6.025660783052444458e-03
-7.178270258009433746e-03
-3.996248915791511536e-02
-6.873731501400470734e-03
-5.361444875597953796e-02
-1.417946722358465195e-02
-2.969265729188919067e-02
-1.502616517245769501e-02
5.830549076199531555e-02
2.385163120925426483e-02
-3.980552032589912415e-02
1.802258752286434174e-02
1.963862963020801544e-02
-9.174795448780059814e-02
5.185205861926078796e-02
2.653768286108970642e-02
-4.805221408605575562e-02
4.477522149682044983e-02
3.276288881897926331e-02
1.402915734797716141e-02
-4.507956281304359436e-02
-1.722072437405586243e-02
1.171478256583213806e-02
-7.272194139659404755e-03
1.112504396587610245e-02
2.380750142037868500e-03
-5.841901991516351700e-03
7.376932352781295776e-02
-5.069417506456375122e-02
3.846754506230354309e-02
5.155795440077781677e-02
1.279109418392181396e-01
-5.632600933313369751e-02
-7.527147978544235229e-02
2.986080013215541840e-02
1.020207405090332031e-01
2.243755944073200226e-02
-4.188908264040946960e-02
4.172091931104660034e-02
4.524120688438415527e-02
2.164914086461067200e-02
9.647867083549499512e-02
3.267940133810043335e-02
-3.301985189318656921e-02
-4.155403003096580505e-02
-1.587869226932525635e-02
-6.183926016092300415e-02
1.331535913050174713e-02
4.429561272263526917e-02
-5.434883013367652893e-02
4.997761175036430359e-02
-9.895747527480125427e-03
-1.993721723556518555e-02
-1.896257698535919189e-02
5.515150353312492371e-02
-3.095958568155765533e-02
9.372208267450332642e-03
2.664928883314132690e-02
6.689120084047317505e-02
-3.883075714111328125e-02
-2.370477840304374695e-02
7.675304263830184937e-02
-6.236971542239189148e-02
-5.156613513827323914e-02
-6.206328514963388443e-03
7.025773078203201294e-02
2.641343511641025543e-02
-9.709890931844711304e-02
5.489495396614074707e-02
-3.460992872714996338e-02
-2.801269479095935822e-02
-8.346875011920928955e-02
-1.098951697349548340e-01
-6.262941658496856689e-02
5.119447037577629089e-02
3.910803049802780151e-02
4.971377085894346237e-03
-1.577757112681865692e-02
-2.141254022717475891e-02
7.423058617860078812e-03
1.051587015390396118e-01
2.105311118066310883e-02
1.246374100446701050e-02
-2.638514712452888489e-02
-1.919947564601898193e-02
-2.555393427610397339e-02
1.978939771652221680e-02
-5.427169799804687500e-02
6.623636931180953979e-02
8.562387898564338684e-03
4.572617181111127138e-04
2.895575203001499176e-02
4.453984647989273071e-02
-3.493039309978485107e-02
1.477195136249065399e-02
-4.503981024026870728e-02
5.501857958734035492e-03
-1.898156851530075073e-02
1.066556572914123535e-02
1.633794978260993958e-02
-4.466735944151878357e-02
-2.434779331088066101e-02
-3.820225968956947327e-02
-1.996171660721302032e-02
-8.027219772338867188e-02
3.496511653065681458e-02
-9.310249984264373779e-02
-5.463535431772470474e-03
-8.280152082443237305e-02
-2.024925313889980316e-03
-8.735467679798603058e-03
-3.515078499913215637e-02
-2.562245167791843414e-02
2.606854401528835297e-02
2.797604352235794067e-02
7.646875828504562378e-02
2.801977470517158508e-02
-2.847321145236492157e-02
1.911056041717529297e-02
-1.221795938909053802e-02
-8.109291084110736847e-03
3.658902272582054138e-02
4.489612206816673279e-02
6.442851573228836060e-02
1.954816468060016632e-02
1.634206622838973999e-02
3.815091773867607117e-02
3.289449587464332581e-02
-6.228231266140937805e-02
-2.370190620422363281e-02
8.123593777418136597e-02
2.794319204986095428e-02
-7.970787584781646729e-02
-2.398937940597534180e-04
6.361637264490127563e-02
-3.623808175325393677e-02
-3.266972675919532776e-02
5.257023870944976807e-02
6.381694972515106201e-02
-4.880406707525253296e-02
-5.198628455400466919e-02
-2.983486652374267578e-02
2.091539464890956879e-02
-6.653686612844467163e-02
-4.341115057468414307e-02
-2.149982564151287079e-02
-3.249461576342582703e-02
-2.400666289031505585e-02
5.818319320678710938e-02
-3.832419868558645248e-03
-4.315558820962905884e-02
-1.555208582431077957e-02
2.749831043183803558e-02
-3.853275254368782043e-02
2.589836902916431427e-02
-6.565618515014648438e-02
-8.544854074716567993e-02
1.858373545110225677e-02
-5.892863869667053223e-02
-6.700775772333145142e-02
6.403532810509204865e-03
-4.465200752019882202e-02
-4.348912090063095093e-02
3.701079264283180237e-02
2.631523273885250092e-02
-6.127060949802398682e-02
1.041569784283638000e-01
3.171055763959884644e-02
-7.773335278034210205e-02
-4.294562712311744690e-02
-4.437475651502609253e-02
1.531452871859073639e-02
-5.353175103664398193e-02
4.694585129618644714e-02
-4.208665341138839722e-02
-3.447494655847549438e-02
-3.688170015811920166e-02
-3.430678322911262512e-02
-5.350148677825927734e-02
-2.466573752462863922e-02
-1.436285395175218582e-02
-4.446873441338539124e-02
2.417601644992828369e-02
6.855818908661603928e-03
-1.968702115118503571e-02
6.804119795560836792e-02
8.886964619159698486e-02
-3.037460707128047943e-02
2.882876619696617126e-02
-1.580716297030448914e-02
5.027969926595687866e-02
7.330936193466186523e-02
6.891319062560796738e-03
3.306394070386886597e-02
-5.069560557603836060e-02
9.136747568845748901e-02
-5.281284451484680176e-02
-3.217009827494621277e-02
-1.541710458695888519e-02
6.819338351488113403e-02
9.450959414243698120e-02
-6.870251148939132690e-03
7.492790371179580688e-02
-6.939435750246047974e-02
-1.202593967318534851e-01
-5.496834591031074524e-02
1.988632604479789734e-02
-6.133095175027847290e-02
-1.099543049931526184e-01
-7.217240333557128906e-02
-1.433841534890234470e-03
-3.261593356728553772e-02
-6.784778833389282227e-02
3.269298002123832703e-02
-3.514296561479568481e-02
-3.613443672657012939e-02
2.419186197221279144e-02
-1.396723277866840363e-02
3.945851698517799377e-02
8.042452484369277954e-02
-7.793831080198287964e-02
7.947994023561477661e-02
1.578994997544214129e-04
-3.185286372900009155e-02
-1.897818595170974731e-02
-9.372583776712417603e-02
-2.777254022657871246e-02
-1.183585356920957565e-02
-2.909480035305023193e-02
-6.717099342495203018e-03
-5.212010443210601807e-02
7.296959520317614079e-04
8.969294279813766479e-02
-7.891891151666641235e-02
-4.660028964281082153e-02
5.982255935668945312e-02
-9.955822676420211792e-02
-3.445430472493171692e-02
1.648780889809131622e-02
-6.070712208747863770e-02
-7.388690114021301270e-02
-1.993001997470855713e-02
2.121607027947902679e-02
2.051893435418605804e-02
-5.267167091369628906e-02
-4.798405990004539490e-02
-7.500264793634414673e-02
-2.824267931282520294e-02
-6.227901577949523926e-02
1.290505315409973264e-04
7.661063969135284424e-02
4.191487655043601990e-02
-6.065064109861850739e-03
-3.683492168784141541e-02
-3.164634853601455688e-02
9.758681058883666992e-02
2.522544190287590027e-02
7.835179567337036133e-03
1.864925026893615723e-03
3.120064921677112579e-02
-1.652883179485797882e-02
3.854889795184135437e-02
-6.364051252603530884e-02
-3.171620145440101624e-02
5.442281253635883331e-03
-3.330706432461738586e-02
-3.731781907845288515e-04
-3.171791881322860718e-02
-1.863426528871059418e-03
3.138669580221176147e-02
3.235566895455121994e-03
-7.721417397260665894e-02
-3.757291473448276520e-03
4.069951362907886505e-03
-3.066303767263889313e-02
4.460558993741869926e-04
3.765731677412986755e-02
2.432814426720142365e-02
1.694487221539020538e-02
4.065489396452903748e-02
-1.234335452318191528e-02
2.606775797903537750e-02
4.866110906004905701e-02
-3.964642807841300964e-02
2.654993534088134766e-02
2.306798473000526428e-02
7.080496102571487427e-02
4.373203590512275696e-02
1.254436792805790901e-03
2.426255494356155396e-02
3.279509022831916809e-02
-8.828989812172949314e-04
-1.292448677122592926e-02
-2.969838492572307587e-02
-1.752741285599768162e-03
2.637561783194541931e-02
-6.653153151273727417e-02
-3.655969724059104919e-02
7.306135725229978561e-03
-3.443185240030288696e-02
3.909560665488243103e-02
-2.802457893267273903e-03
5.929239839315414429e-02
8.980672061443328857e-02
2.755457349121570587e-02
-3.371666371822357178e-02
2.486751414835453033e-02
-4.080653190612792969e-03
2.232803776860237122e-02
3.120459616184234619e-02
-5.545330047607421875e-02
8.094877703115344048e-04
-1.347825024276971817e-02
-1.379997935146093369e-02
5.400625616312026978e-02
-5.438052117824554443e-02
-4.766357317566871643e-02
5.101936310529708862e-02
-4.172095563262701035e-03
1.063961884938180447e-03
-5.297976359724998474e-02
-4.666784033179283142e-02
5.595943075604736805e-04
-1.519657764583826065e-02
-2.195560373365879059e-03
-1.523757725954055786e-02
7.107108831405639648e-02
-4.087456967681646347e-03
6.945171207189559937e-02
1.215921831317245960e-03
7.558842003345489502e-02
5.076972767710685730e-02
-6.852820049971342087e-03
2.397281117737293243e-02
-4.939258471131324768e-02
3.026791848242282867e-02
-7.364776730537414551e-02
6.964749097824096680e-02
3.798271762207150459e-03
-3.746103122830390930e-02
-5.311692878603935242e-02
-3.283007815480232239e-02
-4.348130896687507629e-02
1.587157323956489563e-02
-2.180243283510208130e-02
-1.740340329706668854e-02
-3.233954682946205139e-02
1.062900852411985397e-02
-4.127181018702685833e-04
2.898073755204677582e-02
-3.896112367510795593e-02
-1.206318940967321396e-02
-1.026641353964805603e-01
-4.475649073719978333e-02
-9.409057348966598511e-02
-9.136609733104705811e-02
-5.846002697944641113e-02
1.589124277234077454e-02
-2.640634216368198395e-02
4.998352378606796265e-02
-6.242862343788146973e-02
6.534181069582700729e-03
3.254614397883415222e-02
-3.169093281030654907e-02
8.063602447509765625e-02
-5.003634840250015259e-02
9.887971729040145874e-02
-1.878911070525646210e-02
1.113447546958923340e-01
-1.405618805438280106e-02
-1.886141858994960785e-02
3.245465457439422607e-02
4.616027325391769409e-02
7.098610699176788330e-02
-8.833108097314834595e-02
9.341748431324958801e-03
1.559856440871953964e-02
-4.802207462489604950e-03
-1.117338687181472778e-01
1.182368956506252289e-02
-1.136963441967964172e-01
8.756177127361297607e-02
4.704231396317481995e-02
-1.412638090550899506e-02
2.779660047963261604e-03
-5.195152387022972107e-02
-4.975407943129539490e-02
3.967598825693130493e-02
-9.876085072755813599e-02
8.689851313829421997e-02
-4.019088670611381531e-02
1.879466581158339977e-03
-7.138790935277938843e-02
1.162998378276824951e-01
-3.645481169223785400e-02
-4.156517237424850464e-02
-5.870221927762031555e-02
-2.370254602283239365e-03
-1.435124129056930542e-02
-3.669529035687446594e-02
-3.222705051302909851e-02
-7.251474075019359589e-03
-3.955597802996635437e-02
-5.543290078639984131e-02
-9.281606972217559814e-02
1.482100319117307663e-02
-5.839676037430763245e-02
4.661698266863822937e-02
-1.632791198790073395e-02
-5.040596798062324524e-02
1.659401319921016693e-02
5.084363743662834167e-02
-6.050220876932144165e-02
-5.905552580952644348e-02
1.192056760191917419e-02
-1.125030685216188431e-02
1.000380422919988632e-02
-8.447109721601009369e-03
-5.652299150824546814e-02
4.742039740085601807e-02
2.921781502664089203e-02
-5.359792709350585938e-02
7.492846995592117310e-02
-4.625512659549713135e-02
7.615470793098211288e-03
3.784774616360664368e-02
-2.356804907321929932e-03
4.199917241930961609e-02
5.035061389207839966e-02
6.216309219598770142e-02
-7.387948036193847656e-02
-2.451805863529443741e-03
-1.185658499598503113e-01
7.398233283311128616e-03
-1.438498944044113159e-01
6.220779847353696823e-03
-3.691165521740913391e-02
-5.584606900811195374e-02
-7.446946948766708374e-02
1.215731818228960037e-02
1.170809380710124969e-02
2.024647407233715057e-02
5.665416363626718521e-03
-7.046531885862350464e-02
-1.373506896197795868e-02
2.457234635949134827e-02
-1.511035580188035965e-02
2.529921196401119232e-02
-1.287928596138954163e-02
3.636905550956726074e-02
1.795811206102371216e-02
-5.859647691249847412e-02
-2.490190044045448303e-02
-3.475539013743400574e-02
6.306127179414033890e-03
-1.605277694761753082e-02
-2.612534351646900177e-02
3.756860271096229553e-02
-3.529017791152000427e-02
1.953376643359661102e-02
-2.827957831323146820e-02
1.132727693766355515e-02
8.076731860637664795e-02
-3.190684691071510315e-02
6.478359550237655640e-02
3.691592812538146973e-02
2.873394079506397247e-02
-2.912015421316027641e-03
-2.752018719911575317e-02
5.223574861884117126e-02
3.825218603014945984e-02
-1.757591776549816132e-02
-6.143455952405929565e-02
-4.159634560346603394e-02
1.041922271251678467e-01
-7.326923310756683350e-02
2.521180920302867889e-02
-3.911291807889938354e-02
-2.433078363537788391e-03
-4.481616616249084473e-02
-5.444202572107315063e-03
-6.679243594408035278e-02
-1.345984544605016708e-02
4.232250526547431946e-02
7.014266401529312134e-02
-4.297381266951560974e-02
1.657358184456825256e-02
7.432132214307785034e-02
6.417825818061828613e-02
-4.136130958795547485e-02
-5.125638097524642944e-02
1.795396767556667328e-02
5.001720041036605835e-02
3.745232895016670227e-02
3.423812985420227051e-02
-4.219953715801239014e-02
-1.330327615141868591e-02
3.652543202042579651e-02
1.730868779122829437e-02
8.251013606786727905e-02
-6.659621838480234146e-03
7.097551226615905762e-02
-8.344633877277374268e-02
-7.790304371155798435e-04
-3.639056533575057983e-02
-4.075575992465019226e-02
4.010864347219467163e-02
5.687329173088073730e-02
7.079526782035827637e-02
4.263204708695411682e-02
-7.149998843669891357e-02
-4.718365520238876343e-02
4.789263382554054260e-02
-7.560767978429794312e-02
4.539003968238830566e-02
-4.596425592899322510e-02
6.873976439237594604e-02
-1.308510429225862026e-03
3.041336312890052795e-02
-7.869866490364074707e-02
5.611382797360420227e-02
-7.341865450143814087e-03
4.992629215121269226e-02
-3.914806246757507324e-02
-4.579882696270942688e-02
-2.509794756770133972e-02
-4.603632539510726929e-02
-6.228602305054664612e-02
7.008928805589675903e-02
5.672888085246086121e-02
2.233559079468250275e-02
8.107236027717590332e-02
-3.913021460175514221e-02
-5.531338043510913849e-03
-6.740313768386840820e-02
-4.403244331479072571e-02
-1.354947313666343689e-02
1.074922159314155579e-01
7.325139641761779785e-02
-1.976497098803520203e-02
-3.935152664780616760e-02
5.699705798178911209e-03
4.866300523281097412e-02
1.157909911125898361e-02
-1.231840625405311584e-02
-6.763947755098342896e-02
-3.548139240592718124e-03
3.212519735097885132e-02
-9.301281720399856567e-02
-1.808153465390205383e-02
1.261233724653720856e-02
4.291249439120292664e-02
2.162916958332061768e-02
-8.408394642174243927e-03
-7.307671755552291870e-02
-4.158367589116096497e-02
-2.485368587076663971e-02
-4.588205739855766296e-02
2.517147734761238098e-02
-4.394279420375823975e-02
-2.469970844686031342e-02
-5.988084152340888977e-02
2.235740656033158302e-03
4.572822712361812592e-03
-5.371304228901863098e-02
2.271275408565998077e-02
1.632461138069629669e-02
5.549400672316551208e-02
-6.120922975242137909e-03
-2.219911292195320129e-02
4.052296746522188187e-03
-7.597628980875015259e-03
-2.077460289001464844e-03
-1.575616374611854553e-02
5.813217721879482269e-03
-7.712549716234207153e-02
1.267634890973567963e-02
1.614872738718986511e-02
7.575027644634246826e-02
-7.704752963036298752e-03
-2.667177468538284302e-02
-3.364685177803039551e-02
-1.036721188575029373e-02
1.653024693951010704e-03
-7.751180976629257202e-02
-6.306606531143188477e-02
-8.193689584732055664e-02
-8.233658969402313232e-03
1.229382771998643875e-02
1.021758420392870903e-03
-6.210562586784362793e-02
2.109189704060554504e-02
-7.229758054018020630e-02
-6.856754887849092484e-03
1.154732424765825272e-02
2.012279815971851349e-02
-1.435249764472246170e-02
1.475792378187179565e-02
-7.602456025779247284e-03
6.086792796850204468e-02
1.898361928761005402e-02
4.995988309383392334e-02
1.016559172421693802e-02
3.767504543066024780e-02
-1.068753935396671295e-02
-3.010029904544353485e-02
-6.470721215009689331e-03
7.137254346162080765e-03
-1.055726781487464905e-01
4.499197006225585938e-02
8.079972118139266968e-03
-2.708381600677967072e-02
-1.139021292328834534e-02
-4.504295438528060913e-02
-7.692041806876659393e-03
5.092944949865341187e-02
-4.034259915351867676e-02
1.556648523546755314e-03
-4.142595455050468445e-02
6.281251553446054459e-03
-7.078114897012710571e-02
-3.640270978212356567e-02
1.217788551002740860e-02
-7.448272407054901123e-02
3.875935450196266174e-02
-5.383189767599105835e-02
-5.570038035511970520e-02
6.361025571823120117e-02
4.100377112627029419e-02
7.799230515956878662e-02
-2.739376388490200043e-03
-5.064433440566062927e-02
4.709574580192565918e-02
-3.389845415949821472e-02
2.800474688410758972e-02
-7.074175868183374405e-03
-2.189982496201992035e-02
-9.668938815593719482e-03
4.694759473204612732e-02
1.001429483294487000e-01
-6.242925883270800114e-04
1.951332949101924896e-02
-5.682493746280670166e-02
9.075144305825233459e-03
9.238829463720321655e-02
-8.115599863231182098e-03
3.333285823464393616e-02
4.956071451306343079e-02
-2.353963628411293030e-02
-3.627767087891697884e-03
-3.366205096244812012e-02
1.650351099669933319e-02
3.024046868085861206e-02
4.643335565924644470e-02
7.213166356086730957e-02
2.284223027527332306e-02
5.318991094827651978e-02
6.911796331405639648e-02
3.382270783185958862e-02
2.394139999523758888e-03
9.538888931274414062e-02
1.597922481596469879e-02
4.899203404784202576e-02
9.333062171936035156e-02
-3.282944113016128540e-02
4.311115946620702744e-03
2.481770515441894531e-02
1.358211599290370941e-02
-3.472326695919036865e-02
1.204934064298868179e-02
-2.402014657855033875e-02
-3.771156817674636841e-02
5.102246627211570740e-02
4.398908466100692749e-02
6.939112674444913864e-03
6.887374073266983032e-02
-8.401528000831604004e-02
3.011524677276611328e-04
4.887004569172859192e-02
7.562433928251266479e-02
-1.552690658718347549e-02
-3.341901674866676331e-02
-1.058206660673022270e-03
-1.085638441145420074e-02
-6.092924159020185471e-03
3.723818436264991760e-02
-5.916247516870498657e-02
-2.689876966178417206e-02
3.697929531335830688e-02
-4.113031551241874695e-03
7.083789259195327759e-02
9.497183375060558319e-03
-1.025404110550880432e-01
2.770542865619063377e-03
6.571331527084112167e-03
-6.970407068729400635e-02
-1.338363438844680786e-02
-5.263100378215312958e-03
-6.474702060222625732e-02
1.589848101139068604e-02
-5.389101430773735046e-02
8.354184217751026154e-03
5.435541272163391113e-02
-3.451584279537200928e-02
4.494579508900642395e-03
4.113259911537170410e-02
-3.699397295713424683e-02
3.880486637353897095e-02
-6.681706756353378296e-02
-4.050809890031814575e-02
2.517263777554035187e-02
1.284778267145156860e-01
1.055544763803482056e-01
