-1.716223359107971191e-02
2.594024501740932465e-02
4.231186117976903915e-03
-1.830788888037204742e-02
-4.462157189846038818e-02
7.046334911137819290e-03
2.657788246870040894e-02
4.118995368480682373e-02
-1.051836013793945312e-01
-5.540044605731964111e-02
-7.317910343408584595e-02
1.120375469326972961e-02
-7.701008766889572144e-02
1.650345325469970703e-02
2.711843885481357574e-02
-8.963950723409652710e-02
3.551300987601280212e-02
-1.265154872089624405e-02
5.621504411101341248e-02
6.763875484466552734e-02
7.192169316112995148e-03
-2.065973915159702301e-02
-1.982328854501247406e-02
1.038582995533943176e-01
7.513802498579025269e-02
1.679155416786670685e-02
4.587606340646743774e-02
1.271849381737411022e-03
-5.835663899779319763e-02
-5.924583598971366882e-02
-1.527619920670986176e-02
-1.194387953728437424e-02
-8.176532573997974396e-03
1.892262510955333710e-02
1.427908893674612045e-02
1.618144917301833630e-03
3.678219020366668701e-02
-3.080797754228115082e-02
-1.293761935085058212e-02
2.705144137144088745e-02
-1.503164821770042181e-04
-8.408296853303909302e-02
-1.881846413016319275e-02
-3.841652767732739449e-03
6.092389672994613647e-02
-1.096049696207046509e-02
6.102760136127471924e-02
-1.154799982905387878e-01
4.409442655742168427e-03
2.229331620037555695e-02
-4.810050874948501587e-02
-3.624007478356361389e-02
-9.371381253004074097e-03
1.520297810202464461e-04
-9.601050987839698792e-03
-4.124456271529197693e-02
-6.712225079536437988e-02
1.108031370677053928e-03
1.031792163848876953e-02
9.422644041478633881e-03
1.806699670851230621e-02
-2.387672103941440582e-02
-2.977526746690273285e-03
-2.167924307286739349e-02
-3.435555472970008850e-02
-3.457672894001007080e-02
8.041233569383621216e-02
-1.383619941771030426e-02
6.942096352577209473e-02
7.147417217493057251e-02
-1.479262672364711761e-02
7.796274870634078979e-02
-4.160725697875022888e-02
-9.823516011238098145e-02
-9.979490935802459717e-02
8.194660395383834839e-02
2.469203667715191841e-03
-1.062184944748878479e-02
5.351476371288299561e-02
5.809780582785606384e-02
-5.333600938320159912e-02
7.232318818569183350e-02
-6.366359442472457886e-02
-3.581011295318603516e-02
1.225129887461662292e-01
2.783305011689662933e-02
8.735702373087406158e-03
2.816047519445419312e-02
-8.217410743236541748e-02
5.920492578297853470e-03
3.566106548532843590e-03
6.593647878617048264e-03
3.736509755253791809e-02
8.627095818519592285e-02
-3.349346294999122620e-02
2.057552151381969452e-02
1.466345787048339844e-02
4.216123837977647781e-03
-1.476846262812614441e-02
5.598126351833343506e-02
-4.029275476932525635e-02
7.319939136505126953e-02
8.910989272408187389e-04
-1.248926669359207153e-01
2.447367273271083832e-02
1.890965551137924194e-02
4.073528945446014404e-02
3.592639788985252380e-02
8.340158313512802124e-02
-4.577644634991884232e-03
2.135287038981914520e-02
1.464776415377855301e-02
-4.613338783383369446e-02
2.552691102027893066e-02
-6.575506646186113358e-03
-5.630040541291236877e-02
2.129938639700412750e-02
-7.197831291705369949e-03
2.520504349377006292e-04
4.740288946777582169e-03
-6.682044267654418945e-02
-3.348406776785850525e-02
-1.073921099305152893e-02
-4.610049724578857422e-02
3.179023414850234985e-02
-6.015972699970006943e-03
-5.978417024016380310e-02
1.024231687188148499e-01
-5.999567918479442596e-03
1.747318729758262634e-02
-6.428022682666778564e-02
-3.964786976575851440e-02
8.418168872594833374e-03
-5.890776962041854858e-02
1.136196926236152649e-01
3.141577541828155518e-02
8.902146946638822556e-04
1.198299322277307510e-02
-7.410045247524976730e-03
-2.174751833081245422e-02
2.029292471706867218e-02
-1.932270452380180359e-02
2.659147232770919800e-02
5.702728405594825745e-02
4.556819796562194824e-03
-4.127655923366546631e-02
2.141860313713550568e-03
-5.738557502627372742e-02
1.929840631783008575e-02
-5.437586456537246704e-02
-4.343856871128082275e-02
-2.161612361669540405e-02
2.253061626106500626e-03
-5.960404872894287109e-03
-3.206719458103179932e-02
2.111955173313617706e-02
1.034905854612588882e-02
3.750162199139595032e-02
-3.340468555688858032e-02
5.830161646008491516e-02
1.389098819345235825e-02
7.329395413398742676e-02
-2.570462785661220551e-02
-6.559915840625762939e-02
1.944939605891704559e-02
-2.536534704267978668e-02
-1.136564910411834717e-01
4.293977096676826477e-02
-7.472884654998779297e-02
-5.509343370795249939e-02
-1.494571845978498459e-02
-5.581479892134666443e-02
9.518181532621383667e-02
-2.172868140041828156e-02
1.136644277721643448e-03
2.152226865291595459e-02
6.122587621212005615e-02
1.621766202151775360e-02
-8.373820036649703979e-02
7.942420430481433868e-03
1.941306330263614655e-02
1.897289603948593140e-02
-2.851275354623794556e-02
-3.088282980024814606e-02
-1.468958612531423569e-02
7.442360371351242065e-02
-3.877331316471099854e-02
8.680772036314010620e-03
-3.077971749007701874e-03
-3.647367656230926514e-02
3.152714576572179794e-03
-4.726326838135719299e-02
4.575890675187110901e-02
-1.884075812995433807e-02
7.137377560138702393e-02
1.281504426151514053e-02
-3.952691704034805298e-02
-1.232213899493217468e-02
-2.578685991466045380e-02
-4.231556784361600876e-03
-3.831019625067710876e-02
6.664583086967468262e-02
-5.251019820570945740e-02
-1.315966248512268066e-03
-9.362348355352878571e-03
-4.380710795521736145e-02
-9.476483613252639771e-02
3.287820518016815186e-02
-4.131218418478965759e-02
-4.492442822083830833e-04
2.688318677246570587e-02
5.369148403406143188e-02
2.911695977672934532e-03
-4.255006089806556702e-02
-4.230379685759544373e-02
3.521238267421722412e-02
6.448910385370254517e-02
9.803807362914085388e-03
-4.069757834076881409e-02
-9.418928995728492737e-03
9.292261302471160889e-02
8.086636662483215332e-02
-7.715701311826705933e-02
8.457439951598644257e-03
-4.827500786632299423e-03
5.744187906384468079e-02
-2.965831011533737183e-02
-2.164925821125507355e-02
-4.089430347084999084e-02
-9.006373584270477295e-03
-1.012178212404251099e-01
-4.029279574751853943e-02
-1.611250825226306915e-02
6.056493893265724182e-02
-5.976968631148338318e-02
-5.415365844964981079e-02
-9.499698132276535034e-02
-5.104964599013328552e-02
-7.755541801452636719e-02
-5.629724636673927307e-02
9.863878367468714714e-04
-5.447725951671600342e-02
-6.898168940097093582e-03
-8.000691235065460205e-02
-5.249947309494018555e-02
1.249651657417416573e-03
1.081629935652017593e-02
4.170366749167442322e-02
-3.435005992650985718e-02
4.960698075592517853e-03
-4.049674049019813538e-02
1.646906882524490356e-02
2.974108979105949402e-02
-2.313501201570034027e-02
-1.220091059803962708e-02
-2.334883064031600952e-02
-5.302768573164939880e-02
-1.026692911982536316e-01
-1.516371406614780426e-02
-2.963795140385627747e-02
-1.815464533865451813e-02
-6.942219287157058716e-02
-2.656175009906291962e-02
6.313022971153259277e-02
5.996730551123619080e-02
4.494667053222656250e-03
-4.129275679588317871e-02
7.468842715024948120e-02
-3.153947181999683380e-03
-8.755245804786682129e-02
-8.932821452617645264e-03
6.237876415252685547e-02
1.372580975294113159e-01
-5.114377010613679886e-03
1.080513838678598404e-02
-3.313741832971572876e-02
1.967313699424266815e-03
-2.591323666274547577e-02
3.203874081373214722e-02
-4.550451412796974182e-02
3.419530764222145081e-02
-1.037088595330715179e-02
-2.622070163488388062e-02
3.193711489439010620e-02
-9.646443068049848080e-04
4.821037128567695618e-02
-2.221857011318206787e-02
5.869430489838123322e-03
7.665942888706922531e-03
1.943641714751720428e-02
-4.589841235429048538e-03
-1.144575793296098709e-02
1.738322153687477112e-02
-2.313044108450412750e-02
-5.515412241220474243e-02
2.772677130997180939e-02
-1.808140054345130920e-02
-5.398628860712051392e-02
8.724821358919143677e-02
1.036957744508981705e-02
-2.083753608167171478e-02
-1.053325831890106201e-02
-2.644070237874984741e-02
-1.050489023327827454e-02
6.439346820116043091e-02
-1.347586512565612793e-03
-6.401038914918899536e-02
1.519865915179252625e-02
4.134980030357837677e-03
-6.088542565703392029e-02
1.988863758742809296e-02
-7.120019942522048950e-02
-6.933741737157106400e-03
7.811579853296279907e-02
2.449317369610071182e-03
7.340832054615020752e-02
-5.466787517070770264e-02
4.043585434556007385e-02
2.708212286233901978e-02
-6.040413305163383484e-02
4.981765896081924438e-02
-9.208259172737598419e-03
-7.768254727125167847e-02
-1.640315540134906769e-02
-2.523139864206314087e-02
-3.042578510940074921e-02
7.358162850141525269e-02
-6.168500334024429321e-02
8.348504197783768177e-04
-5.497116222977638245e-02
-6.804256886243820190e-02
3.355659544467926025e-02
-2.626491477712988853e-03
3.081930428743362427e-02
-3.468824550509452820e-02
-3.647029399871826172e-02
2.917659468948841095e-02
5.737809929996728897e-03
3.188731893897056580e-02
1.014770567417144775e-02
7.508402317762374878e-02
-3.486562892794609070e-02
-3.358973935246467590e-02
-3.119511716067790985e-02
-3.762513399124145508e-02
6.122084707021713257e-02
2.121503837406635284e-02
-9.706968814134597778e-02
1.344015914946794510e-02
-4.904265701770782471e-02
-3.927187621593475342e-02
-7.684986293315887451e-02
-8.460769057273864746e-02
2.666943147778511047e-02
-3.158989921212196350e-02
1.032029185444116592e-02
-8.868857473134994507e-02
-8.459962159395217896e-02
-4.332058504223823547e-02
7.509829849004745483e-02
3.265917673707008362e-02
1.209501922130584717e-02
-1.655736123211681843e-03
6.114764139056205750e-02
-7.733582705259323120e-02
-2.558530308306217194e-03
-1.050361320376396179e-01
8.625995367765426636e-03
-7.592543959617614746e-02
5.186109244823455811e-02
1.803117245435714722e-02
1.079533770680427551e-01
4.734975472092628479e-02
3.653805330395698547e-02
1.366097386926412582e-02
2.469019219279289246e-02
-4.401709139347076416e-02
-1.960869319736957550e-02
1.066143810749053955e-01
-1.627298188395798206e-04
-1.660533063113689423e-02
3.481416404247283936e-02
4.422366246581077576e-02
2.526060864329338074e-02
-6.608786992728710175e-03
8.893111348152160645e-02
-3.230148181319236755e-02
-1.559875207021832466e-03
-2.090126089751720428e-02
3.847645968198776245e-02
-1.825929246842861176e-02
-2.322470024228096008e-02
-4.668079316616058350e-02
9.806546568870544434e-02
1.233401591889560223e-03
1.423923019319772720e-02
-1.039778813719749451e-02
4.547250643372535706e-02
5.541502311825752258e-02
-9.472332894802093506e-04
-1.811947673559188843e-02
8.869122713804244995e-03
1.328060962259769440e-02
4.061591252684593201e-02
2.501159720122814178e-02
1.719508133828639984e-02
-9.462567977607250214e-03
-5.086537823081016541e-02
-6.009826436638832092e-02
3.283351287245750427e-02
5.155817419290542603e-02
-4.182055126875638962e-03
-1.075798552483320236e-02
-1.985598355531692505e-02
4.637386649847030640e-02
-2.704237028956413269e-02
-9.687276184558868408e-02
7.596746832132339478e-02
-3.207429498434066772e-02
-2.745703980326652527e-02
-4.511870443820953369e-02
5.428374931216239929e-02
-2.974246628582477570e-02
7.150965183973312378e-02
5.005730316042900085e-02
-2.592837996780872345e-02
5.718845129013061523e-02
9.554219990968704224e-02
-4.436518251895904541e-02
1.459576841443777084e-02
2.427065186202526093e-02
-5.590799264609813690e-03
-2.081991359591484070e-02
1.812769658863544464e-02
-5.719455331563949585e-02
-3.657154366374015808e-02
7.163531333208084106e-02
-6.123276799917221069e-02
1.909620687365531921e-02
-1.714916341006755829e-02
3.503019222989678383e-03
-6.682222336530685425e-02
3.478751331567764282e-02
-3.513417020440101624e-02
-6.321626156568527222e-02
-2.181226201355457306e-02
3.317533992230892181e-03
3.868609666824340820e-02
1.190726738423109055e-02
6.368198245763778687e-02
-9.207192063331604004e-02
4.266378283500671387e-02
3.974397480487823486e-02
-1.920143887400627136e-02
-2.784661203622817993e-02
5.100475251674652100e-02
-9.724412113428115845e-03
7.698606699705123901e-02
-7.645839825272560120e-03
-7.677484303712844849e-02
-5.380730330944061279e-02
4.538327082991600037e-02
-7.826390862464904785e-02
1.172426622360944748e-02
3.301182016730308533e-02
-3.068597242236137390e-02
2.022375352680683136e-02
-1.693671569228172302e-02
7.523456588387489319e-03
4.865269735455513000e-02
3.501019254326820374e-02
-8.714070171117782593e-02
2.514300309121608734e-02
1.136885359883308411e-01
-2.396585978567600250e-02
9.575424343347549438e-02
4.963469877839088440e-02
9.993171319365501404e-03
-7.810951024293899536e-02
-9.711513668298721313e-02
-4.923939704895019531e-02
-2.110116370022296906e-02
-6.846327334642410278e-02
-5.164735019207000732e-02
2.860131300985813141e-02
-6.615063548088073730e-02
-2.427793107926845551e-02
-7.026142627000808716e-02
-4.160597175359725952e-02
4.602242633700370789e-02
-2.244364470243453979e-02
-3.433613479137420654e-02
-2.263227663934230804e-02
-1.161345466971397400e-01
3.684800490736961365e-02
4.598670173436403275e-03
1.047223061323165894e-01
2.614207193255424500e-02
-1.414602994918823242e-02
-3.126849979162216187e-02
3.040493093430995941e-02
3.927395492792129517e-02
1.368618011474609375e-02
3.565879771485924721e-03
6.006803363561630249e-02
-3.523297235369682312e-02
-2.849245211109519005e-03
9.647525101900100708e-02
4.863265901803970337e-02
3.195076063275337219e-02
-1.360192056745290756e-02
-2.088327333331108093e-02
-4.151104483753442764e-03
4.971950128674507141e-02
-2.087036333978176117e-02
2.602332085371017456e-02
4.070808738470077515e-02
-7.615616917610168457e-02
2.932853065431118011e-02
-3.906318917870521545e-02
2.191800437867641449e-02
-3.095788881182670593e-02
-7.967113703489303589e-02
4.805066436529159546e-02
2.289344742894172668e-02
-8.809304982423782349e-02
-1.151505932211875916e-01
2.638141438364982605e-02
-5.138262361288070679e-02
4.222862422466278076e-02
-1.543026044964790344e-02
-5.440070480108261108e-02
-3.574471175670623779e-02
5.469547584652900696e-03
-9.229290299117565155e-03
-1.711829379200935364e-02
-6.431090086698532104e-02
7.976080290973186493e-03
5.891598761081695557e-02
9.688843041658401489e-02
7.779252249747514725e-03
1.979668810963630676e-02
5.591755732893943787e-02
3.086870163679122925e-02
7.025881856679916382e-02
-5.828407593071460724e-03
-5.433315038681030273e-02
3.422923386096954346e-02
-3.714308887720108032e-02
-6.424622237682342529e-02
-7.099304348230361938e-02
5.254480987787246704e-02
-9.010132402181625366e-02
1.715408265590667725e-02
8.627992123365402222e-03
1.811320707201957703e-02
4.138811677694320679e-02
2.425189688801765442e-02
1.023243367671966553e-01
-1.940158254001289606e-04
7.664080243557691574e-03
3.826252743601799011e-02
3.974586725234985352e-02
-8.680552989244461060e-02
4.982145130634307861e-02
-4.025739431381225586e-02
-4.165924713015556335e-02
-5.605258792638778687e-02
-4.388805245980620384e-04
-4.808352142572402954e-02
-8.636379987001419067e-02
2.559011429548263550e-02
1.197334006428718567e-01
1.312864385545253754e-02
-1.950214803218841553e-02
4.966655001044273376e-02
1.568419672548770905e-02
2.069188281893730164e-02
-3.544215857982635498e-02
5.203653872013092041e-02
-6.488671153783798218e-02
1.101770158857107162e-02
-1.340016443282365799e-02
-6.192730274051427841e-03
-5.256471410393714905e-02
-1.563533581793308258e-02
-1.329279225319623947e-02
2.140876464545726776e-02
-2.358117606490850449e-03
1.112924888730049133e-02
3.189435973763465881e-02
-1.975537836551666260e-02
3.398986905813217163e-02
7.614689320325851440e-02
1.512648072093725204e-02
-2.643808908760547638e-02
-2.631379850208759308e-02
-3.012790530920028687e-02
2.822462469339370728e-02
2.975732833147048950e-02
-3.678300231695175171e-02
-5.864171683788299561e-02
1.459965016692876816e-02
-1.047089975327253342e-02
-4.954419285058975220e-02
2.090985071845352650e-04
4.185655340552330017e-02
5.879659578204154968e-02
3.412246331572532654e-02
-1.844494789838790894e-02
1.097356826066970825e-01
-6.873543374240398407e-03
-8.712038397789001465e-02
-2.964635938405990601e-02
-6.856429576873779297e-02
7.681509107351303101e-02
7.685692608356475830e-02
6.051807105541229248e-02
-2.090531028807163239e-02
-4.410386458039283752e-02
-2.988940477371215820e-02
2.498700655996799469e-02
6.129695102572441101e-02
-6.632764358073472977e-03
-3.453661501407623291e-02
-6.043575238436460495e-03
-3.984285891056060791e-02
-1.231960859149694443e-02
-7.146804127842187881e-03
2.166271395981311798e-02
-1.463120616972446442e-02
4.230700898915529251e-03
-1.280491333454847336e-02
-3.731065988540649414e-02
1.139781810343265533e-02
5.001506954431533813e-02
4.227067530155181885e-02
8.256970904767513275e-03
-1.432661060243844986e-02
2.269821241497993469e-02
-5.385369434952735901e-02
8.251749724149703979e-02
2.254935912787914276e-03
-3.756966814398765564e-02
-4.541479051113128662e-02
1.509775221347808838e-02
8.210460841655731201e-02
-3.461758792400360107e-02
-2.975100278854370117e-02
4.047547653317451477e-02
-5.965278297662734985e-02
3.037648275494575500e-02
-5.540344864130020142e-02
-1.632626540958881378e-02
8.105695247650146484e-02
3.996177762746810913e-02
1.112864818423986435e-02
-7.992774993181228638e-02
6.621139496564865112e-02
1.204866543412208557e-02
-5.174754932522773743e-02
8.189608156681060791e-02
-2.541103772819042206e-02
1.054431200027465820e-01
-4.611609876155853271e-02
1.072708889842033386e-01
7.102418690919876099e-02
-7.208600640296936035e-02
-1.546708866953849792e-02
-1.764339022338390350e-02
4.644261673092842102e-02
-5.260371044278144836e-02
-2.020644769072532654e-02
-4.763936996459960938e-02
-1.578245870769023895e-02
2.053707838058471680e-03
-4.659546911716461182e-02
-1.408544462174177170e-02
1.238424982875585556e-02
-4.044478759169578552e-02
-3.844573721289634705e-02
-2.758740819990634918e-02
-4.035625979304313660e-02
4.784081131219863892e-02
6.141248159110546112e-04
-5.548956245183944702e-02
-2.466714475303888321e-03
-4.776704683899879456e-02
3.268347680568695068e-02
1.325319055467844009e-03
-5.100172385573387146e-02
9.265839308500289917e-02
6.365017499774694443e-03
-3.069341741502285004e-02
-1.156053841114044189e-01
-2.655629441142082214e-02
-2.105165831744670868e-02
1.498728618025779724e-02
3.479015454649925232e-02
5.883680656552314758e-02
2.894528023898601532e-02
-6.386519968509674072e-02
8.199574053287506104e-02
-5.858195200562477112e-02
-4.652114212512969971e-02
-6.386475171893835068e-03
-2.302416972815990448e-02
-1.257772650569677353e-02
-2.842706255614757538e-02
-5.233362689614295959e-02
5.405714735388755798e-02
7.250517606735229492e-02
-2.664102427661418915e-02
-2.053863555192947388e-02
7.959064096212387085e-02
2.825282327830791473e-02
5.872272327542304993e-02
2.657911181449890137e-02
-1.601812615990638733e-02
-5.552798137068748474e-02
-1.017805039882659912e-01
-1.906740665435791016e-02
-6.878594309091567993e-02
-4.837005957961082458e-02
4.848014935851097107e-02
-5.943657457828521729e-02
-1.409394387155771255e-02
1.080299261957406998e-02
2.058469131588935852e-02
4.944222164340317249e-04
6.623751670122146606e-02
-6.281904131174087524e-02
6.872208416461944580e-02
2.155422465875744820e-03
-8.366322517395019531e-02
-1.177756581455469131e-02
-2.575651556253433228e-02
-4.624553769826889038e-02
1.167070344090461731e-01
-1.020801290869712830e-01
1.582702435553073883e-02
4.002379998564720154e-02
6.359320133924484253e-02
-6.081926450133323669e-02
5.353270843625068665e-02
9.512574225664138794e-02
-2.321380935609340668e-02
4.270006716251373291e-02
-6.509377807378768921e-02
4.122358560562133789e-02
-3.514153510332107544e-02
1.892623864114284515e-02
-2.744176192209124565e-03
-6.354482471942901611e-02
-1.080622896552085876e-01
-4.955997690558433533e-02
-7.655640691518783569e-02
6.805440038442611694e-02
-2.011647075414657593e-02
7.905210554599761963e-02
-7.515271008014678955e-02
7.438853383064270020e-02
1.914419844979420304e-04
-7.330717891454696655e-02
-1.346316933631896973e-02
6.972125172615051270e-02
-8.886461146175861359e-03
6.974552571773529053e-02
6.817050743848085403e-03
6.444168090820312500e-02
-3.756859153509140015e-02
-4.416491836309432983e-02
2.100373059511184692e-02
-2.000061050057411194e-02
-2.087524533271789551e-02
2.688364312052726746e-02
2.203246578574180603e-02
1.712840981781482697e-02
-3.784584999084472656e-02
5.578116327524185181e-02
5.792569741606712341e-02
1.687597297132015228e-02
-8.348973095417022705e-02
-3.407662734389305115e-02
-5.547947064042091370e-02
2.856484241783618927e-02
1.992173120379447937e-02
-2.079966478049755096e-02
-1.341153979301452637e-01
-7.673272490501403809e-02
6.823102384805679321e-02
-1.618564873933792114e-02
7.712472230195999146e-02
-6.481066346168518066e-02
-3.214456140995025635e-02
-2.023581415414810181e-02
2.839240618050098419e-02
5.411826446652412415e-02
2.830749191343784332e-02
-1.166326110251247883e-03
-5.706109106540679932e-02
5.480228364467620850e-02
1.146938186138868332e-02
-9.416690096259117126e-03
3.406988456845283508e-02
-4.599713161587715149e-02
-6.094142049551010132e-02
7.018505781888961792e-02
-5.785539001226425171e-02
8.162452839314937592e-03
6.394832581281661987e-02
5.054141581058502197e-02
-6.777463480830192566e-03
-9.658213704824447632e-03
-3.365181386470794678e-02
-9.164511412382125854e-02
1.668488490395247936e-03
1.595956645905971527e-02
-1.453523710370063782e-02
7.096657902002334595e-02
2.799394167959690094e-02
-7.111963629722595215e-02
-2.721687592566013336e-02
-3.718322888016700745e-02
-1.135709229856729507e-02
1.693767122924327850e-02
-1.384420413523912430e-02
-1.595884561538696289e-03
9.780778549611568451e-03
8.889263123273849487e-02
-4.339241981506347656e-02
-1.063371822237968445e-01
6.661312188953161240e-03
7.810009270906448364e-02
-2.578596025705337524e-02
-7.496728748083114624e-02
-5.520994588732719421e-02
2.878864994272589684e-03
7.288387417793273926e-02
-4.037176817655563354e-02
-4.647965729236602783e-02
5.497246608138084412e-02
-1.175556108355522156e-01
-9.336717426776885986e-02
6.157853826880455017e-02
-1.343980431556701660e-02
-1.701130066066980362e-03
3.445819765329360962e-02
6.043040379881858826e-02
-4.428681358695030212e-02
-7.374354451894760132e-02
3.770948201417922974e-02
7.058233767747879028e-02
3.919508308172225952e-02
-1.319444179534912109e-02
-2.409477718174457550e-02
-4.081710800528526306e-02
-4.254559054970741272e-02
2.732873149216175079e-02
-4.936851561069488525e-02
-2.161798067390918732e-02
-2.765881456434726715e-02
-2.469089068472385406e-02
3.742979466915130615e-02
2.801322145387530327e-03
8.273410052061080933e-02
1.689950749278068542e-02
-2.625018171966075897e-02
-1.472272351384162903e-02
-5.196627601981163025e-02
1.331394352018833160e-02
-2.508962713181972504e-02
-4.817122593522071838e-03
1.801013760268688202e-02
8.116452954709529877e-03
-4.960728064179420471e-02
3.342480584979057312e-02
6.048893555998802185e-02
-1.664185151457786560e-02
-5.793311167508363724e-03
1.154016610234975815e-02
5.415217950940132141e-02
7.458299398422241211e-02
2.441590838134288788e-02
-5.827914457768201828e-03
-4.923139885067939758e-02
-3.264582529664039612e-02
-2.566208876669406891e-02
-1.442250236868858337e-02
1.104329619556665421e-02
-2.669450640678405762e-02
7.599994540214538574e-02
2.348923124372959137e-02
6.364934146404266357e-02
2.317107282578945160e-02
8.002496324479579926e-03
2.698354795575141907e-02
1.923532597720623016e-02
4.506474733352661133e-02
-7.573031634092330933e-02
-1.053324621170759201e-02
-4.826390743255615234e-02
2.502968301996588707e-03
-1.037954017519950867e-01
-1.826076395809650421e-02
8.267636597156524658e-02
-1.100644748657941818e-02
-2.778402762487530708e-03
-1.044350489974021912e-02
6.762049347162246704e-02
-5.294299498200416565e-02
1.816843077540397644e-02
2.990816021338105202e-03
-1.998335309326648712e-02
-3.763692080974578857e-02
3.117327019572257996e-02
1.900974474847316742e-02
-8.055792003870010376e-02
3.306504338979721069e-02
2.260477095842361450e-02
2.460810728371143341e-02
-5.819045379757881165e-02
-8.300827443599700928e-02
7.502369116991758347e-04
2.732526278123259544e-03
2.490979619324207306e-02
-2.633738331496715546e-02
3.195592015981674194e-02
-3.838644921779632568e-02
5.723922047764062881e-03
1.849406212568283081e-02
-1.118952594697475433e-02
-2.946787513792514801e-02
5.263177305459976196e-02
-3.201885148882865906e-02
5.726021155714988708e-02
3.948608413338661194e-02
8.407284319400787354e-02
-3.235156461596488953e-02
3.569315746426582336e-02
-4.734878614544868469e-02
1.864628400653600693e-03
4.050470888614654541e-02
5.525628104805946350e-03
-9.603615850210189819e-03
8.796012401580810547e-02
-1.001837290823459625e-02
-3.180568292737007141e-02
-7.173202186822891235e-02
-2.626025862991809845e-02
1.908767595887184143e-02
5.999182537198066711e-02
-6.005693599581718445e-02
-2.234797738492488861e-02
7.771394681185483932e-03
6.412170082330703735e-02
2.480351366102695465e-02
3.116768784821033478e-02
-5.951283872127532959e-02
-1.461430545896291733e-02
-2.341923117637634277e-02
2.991116046905517578e-02
2.378205768764019012e-02
-7.276343554258346558e-02
8.379987441003322601e-03
2.883456647396087646e-03
-1.263529807329177856e-01
-1.744047366082668304e-02
-1.798832416534423828e-02
6.672937888652086258e-03
3.558414801955223083e-02
6.285679340362548828e-02
1.195462420582771301e-02
-2.692832984030246735e-02
-5.058440938591957092e-02
-1.119420975446701050e-01
-8.799747377634048462e-02
5.590164288878440857e-02
-5.756978690624237061e-02
3.847222402691841125e-02
4.915679991245269775e-02
5.997108295559883118e-02
1.274875685339793563e-04
4.835020285099744797e-03
-8.319925516843795776e-02
-2.397803589701652527e-02
-1.310953404754400253e-02
-9.187366813421249390e-03
-1.806465093977749348e-03
-5.750887468457221985e-02
-5.216718837618827820e-02
-1.816208288073539734e-02
8.329729735851287842e-02
4.214160516858100891e-02
1.679576188325881958e-02
-8.269269019365310669e-03
-7.251225877553224564e-03
-4.087220877408981323e-02
-6.663794815540313721e-02
8.144388347864151001e-02
2.961624413728713989e-02
-1.087321247905492783e-02
2.797203138470649719e-02
2.535748295485973358e-03
2.300388365983963013e-02
-4.163033515214920044e-02
-1.390831544995307922e-02
4.433986172080039978e-02
1.183700338006019592e-01
-6.415328383445739746e-02
-6.260923296213150024e-02
-8.927931636571884155e-02
-3.211763128638267517e-02
9.509226679801940918e-02
1.100118830800056458e-01
-9.893412142992019653e-02
1.132866181433200836e-02
-5.169617757201194763e-02
-6.900513172149658203e-02
-5.897089466452598572e-02
5.939633026719093323e-02
-6.641988456249237061e-02
-7.131188362836837769e-02
-3.622721880674362183e-02
