-9.083060920238494873e-02
2.771391719579696655e-02
5.218039453029632568e-02
1.255380082875490189e-02
-4.078318551182746887e-02
2.329293638467788696e-03
9.626401960849761963e-02
2.911160327494144440e-02
3.466262295842170715e-02
2.752987481653690338e-02
2.296810783445835114e-02
1.054082997143268585e-02
-2.565512433648109436e-02
-7.838530093431472778e-02
-3.110388852655887604e-02
1.844599284231662750e-02
-1.072115600109100342e-01
-1.697654277086257935e-02
2.092291973531246185e-02
-4.379156604409217834e-02
6.275952607393264771e-02
-1.769878529012203217e-02
-4.228623211383819580e-02
1.758851925842463970e-03
8.545931777916848660e-04
-6.529951840639114380e-02
8.203221485018730164e-03
9.099132567644119263e-02
9.133189171552658081e-02
2.968091517686843872e-02
5.226772627793252468e-04
2.678517252206802368e-02
-1.570816896855831146e-02
-7.072499394416809082e-02
3.263739868998527527e-02
5.324570834636688232e-02
-1.787002012133598328e-02
-2.502008341252803802e-02
-3.930524736642837524e-02
-8.298742771148681641e-02
6.535848975181579590e-02
2.328931353986263275e-02
2.011679485440254211e-02
4.450089111924171448e-02
-4.468186199665069580e-02
-3.033374994993209839e-02
8.844299241900444031e-03
1.018143966794013977e-01
-4.966054111719131470e-02
2.135481685400009155e-02
-2.661578170955181122e-02
-2.770329639315605164e-02
-7.139014080166816711e-03
5.159600451588630676e-02
3.284545615315437317e-02
-2.935863845050334930e-02
-1.617529056966304779e-02
4.032476246356964111e-02
3.399155661463737488e-02
4.128777422010898590e-03
2.520297281444072723e-02
-2.315613999962806702e-02
5.330107733607292175e-02
-6.931926310062408447e-02
2.287731878459453583e-02
9.901392459869384766e-02
-6.050300598144531250e-02
3.091491200029850006e-02
1.407379284501075745e-02
-2.351245470345020294e-02
-8.532621897757053375e-03
-1.347481389530003071e-03
-5.349901691079139709e-02
-5.895507335662841797e-02
5.091968458145856857e-03
2.485370635986328125e-02
-7.211687415838241577e-02
2.153800241649150848e-02
5.774531885981559753e-02
6.998476106673479080e-03
-6.632240954786539078e-03
9.594237431883811951e-03
-4.174893349409103394e-02
6.617304682731628418e-02
9.108496014960110188e-04
-4.948034510016441345e-02
-8.228378370404243469e-03
5.965299159288406372e-02
-2.614793181419372559e-02
-9.283942729234695435e-02
8.437930047512054443e-02
-9.589591622352600098e-02
-3.081957437098026276e-02
1.245459076017141342e-02
-7.214397937059402466e-02
-6.089007109403610229e-02
6.750670075416564941e-02
1.092358604073524475e-01
2.455672062933444977e-02
5.610584467649459839e-02
-2.593736164271831512e-02
-2.492846362292766571e-02
8.561068773269653320e-02
-9.608747065067291260e-02
9.280078113079071045e-02
8.066300302743911743e-03
2.408935688436031342e-02
-2.787901274859905243e-02
-6.505970656871795654e-02
2.521612495183944702e-02
1.093561947345733643e-02
-3.252734616398811340e-02
3.528589382767677307e-02
3.680235892534255981e-02
1.032004654407501221e-01
2.839125134050846100e-02
3.568029403686523438e-02
7.528403401374816895e-02
-6.904133129864931107e-03
4.513866081833839417e-02
2.328155934810638428e-02
-2.918219566345214844e-02
2.931133657693862915e-02
8.799400925636291504e-02
1.007676944136619568e-01
-3.081904537975788116e-02
-7.851277478039264679e-03
9.886313229799270630e-03
2.027515321969985962e-03
5.183504521846771240e-02
-3.880098089575767517e-02
-1.138174161314964294e-01
-8.451458066701889038e-03
1.126472279429435730e-02
2.687317319214344025e-02
8.741332590579986572e-02
-1.048654690384864807e-02
4.573005437850952148e-02
-1.858115941286087036e-02
-4.831741377711296082e-02
3.000837285071611404e-03
3.671987727284431458e-02
5.203619599342346191e-02
-6.813725084066390991e-02
-4.967042803764343262e-02
-5.081366002559661865e-02
7.522202096879482269e-03
3.571150824427604675e-02
-4.263232648372650146e-02
-2.011633850634098053e-02
-1.153763104230165482e-02
-4.242503549903631210e-03
-3.817321732640266418e-02
-3.278868645429611206e-02
4.138572514057159424e-02
-1.809479668736457825e-02
2.673052437603473663e-02
-1.367445103824138641e-02
-2.543117664754390717e-02
-2.875673025846481323e-02
1.429030112922191620e-02
-9.972679615020751953e-02
7.279770448803901672e-03
3.634703904390335083e-02
-7.117489725351333618e-02
-4.237555712461471558e-02
-1.160451094619929790e-03
5.669250711798667908e-02
5.898856371641159058e-02
-6.949007511138916016e-02
-4.542522504925727844e-02
2.022123895585536957e-03
2.576201781630516052e-02
-5.500799417495727539e-02
5.083090439438819885e-02
1.071847975254058838e-03
-3.391503542661666870e-02
-2.403984963893890381e-02
-2.849788218736648560e-02
2.464499324560165405e-02
-5.140315741300582886e-02
8.226583153009414673e-02
4.084565117955207825e-02
-1.635438390076160431e-02
2.605709433555603027e-02
9.347897022962570190e-02
5.839239805936813354e-02
-1.829995773732662201e-02
2.171547152101993561e-02
-6.899433210492134094e-03
6.427588313817977905e-02
-2.846934460103511810e-02
-1.035003177821636200e-02
9.642016142606735229e-03
2.404788276180624962e-03
5.564675852656364441e-02
-7.502175122499465942e-02
-2.148993872106075287e-02
-8.561270684003829956e-02
-2.737241424620151520e-02
-7.248062640428543091e-02
9.893599152565002441e-02
-4.378777462989091873e-03
-1.327879633754491806e-02
-1.699840277433395386e-02
-2.136806584894657135e-02
1.855953782796859741e-02
4.139123857021331787e-02
-1.941866427659988403e-02
2.180621773004531860e-02
1.482697948813438416e-02
-3.557623177766799927e-02
2.673612907528877258e-03
5.114685744047164917e-02
-9.380833059549331665e-02
1.675258576869964600e-02
-8.740082383155822754e-02
-8.691543340682983398e-02
1.754681579768657684e-02
-2.242135256528854370e-02
-8.660972118377685547e-03
3.067876957356929779e-02
1.623176783323287964e-02
8.192164823412895203e-03
9.320215322077274323e-03
2.331312280148267746e-03
-1.054001692682504654e-02
2.116789110004901886e-02
1.251799333840608597e-02
-1.135533899068832397e-01
3.398771956562995911e-02
5.401536077260971069e-02
-4.356042668223381042e-02
3.226945875212550163e-03
1.728268153965473175e-02
-4.914627596735954285e-02
7.374285161495208740e-02
7.151549309492111206e-02
2.332185767590999603e-02
-4.628661647439002991e-02
-1.933366805315017700e-02
8.999108523130416870e-02
-1.162845268845558167e-02
1.880082301795482635e-02
-5.015515536069869995e-02
7.759639620780944824e-02
3.072479367256164551e-02
4.110794514417648315e-02
-1.108101475983858109e-02
4.011218249797821045e-02
-9.526985697448253632e-03
-1.963582262396812439e-02
-1.576462946832180023e-02
-4.476250708103179932e-02
-5.638568103313446045e-02
7.117741554975509644e-02
5.981685221195220947e-02
-7.639290764927864075e-03
3.377628698945045471e-02
-3.072861768305301666e-02
-6.519850343465805054e-02
-5.647117644548416138e-02
5.074201617389917374e-04
8.440861105918884277e-02
6.620205193758010864e-02
5.979220569133758545e-02
8.393797278404235840e-02
-1.525496598333120346e-02
7.623663544654846191e-02
3.158980607986450195e-02
1.101377010345458984e-01
-3.213404119014739990e-02
-1.165742985904216766e-02
-2.970679849386215210e-02
9.668290615081787109e-02
2.378456853330135345e-02
-2.309217676520347595e-02
9.626707434654235840e-02
1.889211311936378479e-02
-3.130774945020675659e-02
-2.646039798855781555e-02
5.229597911238670349e-02
-7.525164633989334106e-02
3.367641568183898926e-02
1.109884027391672134e-02
2.290482260286808014e-02
-2.871297858655452728e-02
-5.936821922659873962e-02
3.288045898079872131e-02
2.375646494328975677e-02
-1.932063512504100800e-02
7.418712973594665527e-02
-7.159379869699478149e-02
-8.225098252296447754e-02
-6.708686798810958862e-02
-5.653346329927444458e-02
-2.225214242935180664e-02
-2.186308987438678741e-02
6.864321976900100708e-02
5.960451066493988037e-02
7.921489328145980835e-02
1.436068955808877945e-02
-4.914985597133636475e-02
2.232684195041656494e-02
-4.109575226902961731e-02
2.257149480283260345e-02
-9.577214717864990234e-03
4.223280772566795349e-02
-4.817100614309310913e-02
8.054357022047042847e-02
-1.888143084943294525e-02
-7.350208703428506851e-03
1.320839580148458481e-02
-6.915682554244995117e-02
2.841074019670486450e-02
-2.926771529018878937e-03
1.569567434489727020e-02
6.433466915041208267e-03
-9.355283342301845551e-03
-5.816525965929031372e-02
5.927135422825813293e-02
7.632980123162269592e-03
2.067660354077816010e-02
-4.275168851017951965e-02
6.762340664863586426e-03
5.563207343220710754e-02
9.515729546546936035e-02
6.431935727596282959e-02
-4.097278788685798645e-02
4.698091000318527222e-02
2.077536098659038544e-02
-4.051095619797706604e-02
-4.304689913988113403e-02
6.551418919116258621e-03
7.427003583870828152e-04
-4.168904945254325867e-02
4.653291404247283936e-02
3.500196337699890137e-02
5.280695855617523193e-02
-2.362199686467647552e-02
5.887137353420257568e-02
2.747628651559352875e-02
-3.524063527584075928e-02
2.198376320302486420e-02
-4.642749950289726257e-02
8.615681529045104980e-02
-7.643202692270278931e-02
7.685593515634536743e-02
6.409768015146255493e-02
1.562235597521066666e-02
2.009721845388412476e-02
-3.728520125150680542e-02
-4.437413532286882401e-03
6.606459617614746094e-02
-8.702452294528484344e-03
1.010723225772380829e-02
6.782651692628860474e-02
3.199456259608268738e-02
-6.828300189226865768e-03
-5.441482644528150558e-03
-7.035963237285614014e-02
-1.373206265270709991e-02
-1.171613857150077820e-02
-7.661692798137664795e-02
8.085809648036956787e-02
-2.009801007807254791e-02
-6.863251328468322754e-02
-8.180949836969375610e-03
-7.278349995613098145e-02
6.031970679759979248e-02
-1.033139415085315704e-02
-5.274202674627304077e-02
1.315388921648263931e-02
-2.858353964984416962e-02
-3.286037594079971313e-02
-2.284237369894981384e-02
1.574477553367614746e-02
1.196227129548788071e-02
1.011901795864105225e-01
-1.441229507327079773e-02
-4.356263205409049988e-02
-4.985610023140907288e-02
-2.177076786756515503e-02
7.235264778137207031e-02
8.460911922156810760e-03
-9.544464200735092163e-02
5.052873119711875916e-02
-5.514959618449211121e-02
-7.700539426878094673e-04
1.972508034668862820e-04
-2.428158558905124664e-02
-2.126207575201988220e-02
3.806764259934425354e-02
4.332633316516876221e-02
4.165389761328697205e-02
6.729742139577865601e-02
-8.869197964668273926e-02
-1.786730624735355377e-02
8.194757252931594849e-02
-2.697991579771041870e-02
3.986316174268722534e-02
-6.599339842796325684e-02
1.821335870772600174e-03
-1.192037574946880341e-02
-1.012103259563446045e-02
2.203217335045337677e-02
5.655092746019363403e-02
-4.595112800598144531e-02
-3.210091590881347656e-02
1.705102995038032532e-02
1.126420032232999802e-02
1.325911190360784531e-02
-2.967084757983684540e-02
5.210587009787559509e-02
-2.635796368122100830e-02
1.172317191958427429e-02
-4.014050215482711792e-02
-2.082377485930919647e-02
-7.290050387382507324e-02
6.457690894603729248e-02
2.169584482908248901e-02
2.692424133419990540e-02
3.231326863169670105e-02
-6.828113645315170288e-02
-2.306570857763290405e-02
-8.692568540573120117e-02
-3.425700962543487549e-02
-4.159689694643020630e-02
4.786180704832077026e-02
4.610041901469230652e-02
4.313854873180389404e-02
4.670521244406700134e-02
-4.923129826784133911e-02
-6.981528364121913910e-03
-7.547293324023485184e-03
1.006352081894874573e-01
3.297369182109832764e-02
3.678431361913681030e-02
-1.856726408004760742e-02
4.974276944994926453e-02
-6.765818595886230469e-02
-5.110786482691764832e-02
-3.297136723995208740e-02
3.565402328968048096e-02
-2.380239963531494141e-02
-6.706814747303724289e-03
6.772610358893871307e-03
-5.768438801169395447e-02
5.893297865986824036e-02
-3.881567716598510742e-02
2.159084565937519073e-02
-4.265322349965572357e-03
1.503905653953552246e-02
7.555888593196868896e-02
4.806253593415021896e-03
-4.553726688027381897e-02
-3.616244718432426453e-02
-2.803827077150344849e-02
-9.146380238234996796e-03
4.118091613054275513e-02
6.599882245063781738e-02
-2.178876288235187531e-02
-1.970816403627395630e-02
-1.398466713726520538e-02
-1.258179545402526855e-01
-8.783795684576034546e-02
2.456421777606010437e-02
-4.636259377002716064e-02
4.166992008686065674e-02
2.190899569541215897e-03
-1.914773322641849518e-02
8.848304301500320435e-02
3.398589789867401123e-02
-2.519126050174236298e-02
-1.109512671828269958e-01
2.680129837244749069e-03
1.562247332185506821e-02
-3.255649283528327942e-02
-2.959595806896686554e-02
-3.043514862656593323e-02
-6.579275708645582199e-03
-3.568574413657188416e-02
7.647804915904998779e-02
-7.996118813753128052e-02
-8.086595684289932251e-02
-5.026678368449211121e-02
-2.495506545528769493e-03
5.572525784373283386e-02
3.139122948050498962e-02
2.488245256245136261e-02
-4.576669260859489441e-02
-1.463930495083332062e-02
3.467018157243728638e-02
1.297529414296150208e-02
-2.940089441835880280e-02
-8.095154166221618652e-02
-1.568213663995265961e-02
6.040845811367034912e-02
-7.926348596811294556e-03
-2.031473256647586823e-02
-2.919971942901611328e-02
-2.822687290608882904e-02
3.361752256751060486e-02
-4.098004475235939026e-02
5.624183639883995056e-02
-3.559943661093711853e-02
-2.442862838506698608e-02
1.244909912347793579e-01
-5.121085420250892639e-02
-2.943778410553932190e-02
4.553345590829849243e-02
-4.279574379324913025e-02
4.172334074974060059e-02
7.391542196273803711e-03
6.888085603713989258e-02
-2.896433323621749878e-02
4.737157374620437622e-02
9.265107102692127228e-03
5.547052249312400818e-02
1.360337249934673309e-02
-2.914124866947531700e-03
3.049210645258426666e-03
-1.084958165884017944e-01
-2.789501287043094635e-02
4.522345960140228271e-02
-1.126867830753326416e-01
-3.998728096485137939e-02
4.332434013485908508e-02
1.179309561848640442e-02
-8.019008487462997437e-02
-2.668759319931268692e-03
-5.763742700219154358e-02
5.296793207526206970e-02
1.086565200239419937e-02
-3.770403563976287842e-02
-7.119136303663253784e-02
-8.986212313175201416e-03
1.330499537289142609e-02
-5.194916203618049622e-02
-5.393289774656295776e-02
-1.102160103619098663e-02
-2.287468686699867249e-02
-6.776077207177877426e-03
1.114078611135482788e-01
7.749626412987709045e-03
-4.428158048540353775e-03
5.627326667308807373e-02
-6.844101846218109131e-02
-3.579733893275260925e-02
-6.272167433053255081e-03
1.234191283583641052e-02
4.871719703078269958e-02
8.601802587509155273e-02
1.773356460034847260e-02
-4.196372628211975098e-02
-3.237604349851608276e-02
-5.615384131669998169e-02
-4.621985927224159241e-02
-3.795906901359558105e-03
-1.056533083319664001e-01
4.058278631418943405e-03
3.463251143693923950e-02
8.321031183004379272e-02
-3.206415334716439247e-03
5.936339870095252991e-02
-1.154045946896076202e-02
-1.884361170232295990e-02
-5.508554633706808090e-03
-8.268964290618896484e-02
1.764091104269027710e-02
3.032831707969307899e-03
-1.612179726362228394e-02
-2.538330666720867157e-02
-1.103627961128950119e-03
1.991386152803897858e-02
-2.409491501748561859e-02
7.959095388650894165e-02
-3.556291759014129639e-02
-5.494029447436332703e-02
3.223516792058944702e-02
3.029915317893028259e-02
-1.967779733240604401e-02
-1.043135765939950943e-02
8.065076544880867004e-03
1.380737312138080597e-02
8.469386026263237000e-03
6.009176746010780334e-02
-2.624227292835712433e-02
3.179403766989707947e-02
2.972163446247577667e-02
4.320831969380378723e-03
3.312736749649047852e-02
-9.862322360277175903e-02
-1.388604044914245605e-01
-1.599812507629394531e-02
3.220441937446594238e-02
-2.544069103896617889e-02
2.293250337243080139e-02
5.794926360249519348e-02
-5.166985839605331421e-02
5.841364338994026184e-02
4.595577344298362732e-02
3.419198468327522278e-02
-2.014266327023506165e-02
-6.603600084781646729e-02
-4.192159324884414673e-02
-3.964776173233985901e-02
8.683809638023376465e-02
3.401030600070953369e-02
2.247165888547897339e-02
-4.246393218636512756e-02
4.814145341515541077e-02
-9.569223225116729736e-02
2.872242219746112823e-02
-4.784921649843454361e-03
-5.159332975745201111e-02
-2.377062104642391205e-02
-2.300058491528034210e-02
-3.131905198097229004e-02
4.266346991062164307e-02
-4.336430504918098450e-02
3.752192715182900429e-03
5.329265072941780090e-02
-8.944540470838546753e-02
3.961064293980598450e-02
9.756001085042953491e-02
-3.410784760490059853e-03
-1.104575861245393753e-02
-8.957748301327228546e-03
2.141430042684078217e-02
-4.863843321800231934e-03
5.005702842026948929e-03
-1.025251150131225586e-01
-6.172925978899002075e-02
1.271830406039953232e-02
2.939647808670997620e-02
3.719912096858024597e-02
8.104985207319259644e-02
7.212696969509124756e-02
-6.100286915898323059e-02
5.346910655498504639e-02
3.328016772866249084e-02
-4.523225873708724976e-02
-2.628449350595474243e-02
2.419011434540152550e-03
-3.987355902791023254e-02
5.135039612650871277e-02
-4.046712443232536316e-02
7.488234341144561768e-02
3.906373679637908936e-02
1.042377874255180359e-01
2.821562625467777252e-02
-7.984684780240058899e-03
1.465127523988485336e-02
1.460479339584708214e-03
5.212189257144927979e-02
-8.474104851484298706e-02
9.548907168209552765e-03
1.374856662005186081e-02
5.640849843621253967e-02
-3.377167508006095886e-02
1.848877035081386566e-02
-4.277910292148590088e-02
-1.263729413039982319e-03
9.787336923182010651e-03
-3.081417828798294067e-02
1.844531670212745667e-02
1.727015338838100433e-02
-7.864911109209060669e-02
-3.433160856366157532e-02
2.495401352643966675e-02
-5.643937364220619202e-02
-7.840687781572341919e-02
-4.419464967213571072e-04
-1.062413398176431656e-02
-6.009614467620849609e-02
-4.272382333874702454e-02
-1.428510248661041260e-02
-5.748805031180381775e-02
5.364683642983436584e-02
4.020201042294502258e-02
-5.593300610780715942e-02
-3.386272490024566650e-02
9.946470148861408234e-03
1.516113523393869400e-02
2.180480398237705231e-03
-1.307177171111106873e-02
1.718537881970405579e-02
1.611991028767079115e-04
6.290992349386215210e-02
-2.078503742814064026e-02
3.693564608693122864e-02
-6.900587677955627441e-02
-1.171514019370079041e-02
1.854559406638145447e-02
6.171984225511550903e-02
-1.356214098632335663e-02
-5.899325385689735413e-02
9.940584003925323486e-02
-7.519041746854782104e-02
2.822004817426204681e-02
-7.602576166391372681e-02
3.754652291536331177e-02
9.188500046730041504e-02
-4.222713410854339600e-02
-4.434721544384956360e-02
-5.785228684544563293e-02
8.149258792400360107e-02
-2.682491391897201538e-02
-5.705110728740692139e-02
1.348478253930807114e-02
-1.465833559632301331e-02
1.697928528301417828e-03
-3.537533059716224670e-02
-4.923154786229133606e-02
4.312044382095336914e-02
3.166500478982925415e-02
-1.586918719112873077e-02
7.805611193180084229e-02
1.631324179470539093e-02
7.272225618362426758e-02
-3.393564000725746155e-02
-5.449944362044334412e-02
-6.760963797569274902e-02
4.244578257203102112e-02
4.600739479064941406e-02
-6.921348720788955688e-02
-9.802491962909698486e-02
-8.454600721597671509e-02
4.718906432390213013e-02
2.716518379747867584e-02
3.675668314099311829e-02
-8.345305174589157104e-02
1.151596195995807648e-02
3.994840383529663086e-02
-4.196798056364059448e-02
-9.034154564142227173e-02
-3.913991153240203857e-02
-9.554293006658554077e-03
-2.820906043052673340e-02
3.629072010517120361e-02
6.104640662670135498e-02
3.115271776914596558e-02
5.016772449016571045e-02
-2.525996416807174683e-02
3.286756947636604309e-02
-1.614600233733654022e-02
-7.438744604587554932e-02
-2.499125152826309204e-02
-1.747327297925949097e-02
1.219208538532257080e-02
3.762466460466384888e-02
-6.252542883157730103e-02
-5.677511170506477356e-02
1.169686391949653625e-02
1.588299125432968140e-02
-6.374987307935953140e-03
-1.604631543159484863e-02
-8.902224898338317871e-02
8.090510964393615723e-02
3.902775421738624573e-02
6.592785567045211792e-02
-2.404797635972499847e-02
-9.188032895326614380e-02
1.803827285766601562e-02
2.076252363622188568e-02
-1.676332950592041016e-02
4.413034766912460327e-02
-3.394626080989837646e-02
1.004736497998237610e-01
8.581473678350448608e-02
7.881268858909606934e-03
-5.834448616951704025e-03
-2.069749683141708374e-02
-1.872333325445652008e-02
1.427907403558492661e-02
-2.488682279363274574e-03
2.900765091180801392e-02
7.769476622343063354e-02
-4.558392241597175598e-02
4.726200923323631287e-02
-1.799219287931919098e-02
1.177801415324211121e-01
4.743482451885938644e-03
-1.967789977788925171e-02
-1.728647761046886444e-02
4.218468442559242249e-02
2.431786432862281799e-02
2.380774542689323425e-02
-3.920092061161994934e-02
6.298565119504928589e-02
2.656240761280059814e-02
6.325660645961761475e-02
5.037015676498413086e-02
-4.741688445210456848e-02
-4.749438958242535591e-04
-6.323865801095962524e-02
5.953566357493400574e-02
1.092364825308322906e-02
6.134098395705223083e-03
3.123053116723895073e-03
4.348810017108917236e-02
-1.100085489451885223e-02
5.473307892680168152e-02
8.924629539251327515e-03
-3.173352777957916260e-02
2.008034847676753998e-02
-2.717265300452709198e-02
2.412281930446624756e-02
7.160294055938720703e-02
-5.135343596339225769e-02
-3.065823763608932495e-02
-5.894642323255538940e-02
1.040979195386171341e-02
2.679686062037944794e-02
4.176996648311614990e-02
-3.984901588410139084e-03
4.261073842644691467e-02
3.059152513742446899e-02
3.397544473409652710e-02
1.930410042405128479e-02
2.486976608633995056e-02
-7.579702883958816528e-02
-6.687185668852180243e-05
-2.715417183935642242e-03
-1.304005738347768784e-02
2.820482710376381874e-03
1.144710183143615723e-02
3.598483279347419739e-02
8.104661852121353149e-02
4.685638844966888428e-02
1.015131711028516293e-03
-6.820563226938247681e-02
2.820736169815063477e-02
1.767944078892469406e-03
6.783162802457809448e-02
4.438860714435577393e-02
-5.726621672511100769e-02
-4.662064835429191589e-02
-3.222215548157691956e-02
-4.693451523780822754e-02
4.609898850321769714e-02
-5.235351994633674622e-02
9.115055948495864868e-02
-2.915927208960056305e-03
-1.153242588043212891e-01
-8.841308765113353729e-03
-9.870974346995353699e-03
6.009375303983688354e-02
5.871902406215667725e-02
5.659162998199462891e-02
-1.923310384154319763e-02
5.858304724097251892e-02
5.105267092585563660e-02
-4.257939755916595459e-02
-2.103257551789283752e-02
-1.976349391043186188e-02
6.666073203086853027e-02
-4.472972452640533447e-02
-6.577906012535095215e-02
-3.005019761621952057e-02
6.383915990591049194e-02
5.788894370198249817e-02
-1.507113035768270493e-02
4.204777255654335022e-02
-3.666369942948222160e-03
-5.876739323139190674e-02
-2.019076049327850342e-02
2.136711217463016510e-02
-1.124372053891420364e-02
5.851795151829719543e-02
-5.141798034310340881e-02
1.637516170740127563e-02
6.181691586971282959e-02
-6.368995457887649536e-02
-3.786991536617279053e-02
-3.578336909413337708e-02
-1.589117012917995453e-02
-3.594149369746446609e-03
7.463673502206802368e-02
2.222829498350620270e-02
4.105986654758453369e-02
6.497434526681900024e-02
-1.674778945744037628e-02
8.306626230478286743e-03
-1.984839886426925659e-02
5.856180191040039062e-02
-1.316099520772695541e-02
-5.223555490374565125e-02
-3.256069123744964600e-02
-4.097674787044525146e-02
-2.187946438789367676e-02
-7.515373826026916504e-02
5.772832315415143967e-03
-5.427602306008338928e-02
1.718596369028091431e-02
4.261630028486251831e-02
-6.550420820713043213e-02
-1.066179247573018074e-03
-2.127898111939430237e-02
-1.806375384330749512e-02
1.259953156113624573e-02
-2.073007822036743164e-02
3.671145811676979065e-02
-2.535907737910747528e-02
-7.411794736981391907e-03
-2.915028668940067291e-02
2.024830505251884460e-02
-1.243863254785537720e-02
6.069520488381385803e-03
-1.814948767423629761e-02
-4.022495448589324951e-02
1.368068810552358627e-02
-2.211611252278089523e-03
6.971519906073808670e-03
-4.148944839835166931e-02
3.581766411662101746e-02
6.801688577979803085e-04
-6.070122495293617249e-02
-2.512118406593799591e-02
8.976544253528118134e-03
-1.588084176182746887e-02
-4.676942154765129089e-02
-5.498119816184043884e-02
6.877572834491729736e-02
2.656055847182869911e-03
-2.920157462358474731e-02
-6.522171944379806519e-02
-4.640373960137367249e-02
-4.044590890407562256e-02
-1.470022089779376984e-02
-1.166944764554500580e-02
-5.286588147282600403e-02
-1.190683431923389435e-02
-3.445978043600916862e-03
5.037088319659233093e-02
9.071476757526397705e-02
-4.231442511081695557e-02
-1.504120696336030960e-02
9.929714724421501160e-03
-3.554899618029594421e-02
-8.872787468135356903e-03
-3.147546947002410889e-02
-1.083082333207130432e-02
-6.011819466948509216e-03
-1.833108626306056976e-02
4.062017798423767090e-02
1.773800142109394073e-02
-2.073816210031509399e-02
2.600699849426746368e-02
-5.449033528566360474e-02
-1.256840080022811890e-01
-1.996684819459915161e-02
-5.159934516996145248e-03
1.229354813694953918e-01
1.156186778098344803e-02
4.200182855129241943e-02
-4.285548999905586243e-02
2.083054045215249062e-03
3.918898850679397583e-02
5.027723312377929688e-02
5.281063169240951538e-02
-2.906190464273095131e-03
-3.185420110821723938e-02
-5.520160193555057049e-04
-3.716639056801795959e-02
2.839068649336695671e-03
-1.067376434803009033e-01
6.092231720685958862e-02
2.528640627861022949e-02
7.812109310179948807e-03
3.601525723934173584e-02
1.102624181658029556e-02
-3.983391076326370239e-02
7.167622447013854980e-02
4.014151543378829956e-02
1.535056158900260925e-02
-8.341734111309051514e-02
-2.197137288749217987e-02
-1.111540570855140686e-02
-9.165993332862854004e-02
-4.283852176740765572e-04
6.475891917943954468e-02
-9.102019667625427246e-02
-3.947215154767036438e-03
3.671742975711822510e-02
-5.736923310905694962e-03
-1.152198947966098785e-02
1.632823259569704533e-03
-4.729148373007774353e-02
6.565269827842712402e-02
4.536737501621246338e-02
-3.006136789917945862e-02
7.880089432001113892e-02
2.844893001019954681e-02
1.325373258441686630e-02
-3.435869887471199036e-02
1.800689101219177246e-02
-4.178703762590885162e-03
-2.058161236345767975e-02
-1.118025829782709479e-04
-1.825170591473579407e-02
-2.677933685481548309e-02
4.166354425251483917e-03
8.282239548861980438e-03
-5.351684242486953735e-02
3.182227164506912231e-02
-2.156333811581134796e-02
-5.084655806422233582e-02
3.139420971274375916e-02
9.345353581011295319e-03
-3.067004261538386345e-03
5.262484308332204819e-03
-8.079229295253753662e-02
-8.266658335924148560e-02
-7.187345623970031738e-02
5.313357338309288025e-02
9.944642335176467896e-02
5.644529312849044800e-02
4.963459074497222900e-02
7.026249170303344727e-02
-1.306887343525886536e-02
-6.397026032209396362e-02
-3.147584199905395508e-02
