1.954351365566253662e-02
6.349327415227890015e-02
-3.392979502677917480e-03
2.441924251616001129e-02
-1.326773036271333694e-02
2.309229969978332520e-02
8.891363628208637238e-03
-4.147428646683692932e-02
8.783093653619289398e-03
-2.691690251231193542e-02
7.058215141296386719e-02
-3.524133563041687012e-02
7.816176861524581909e-02
-2.143568173050880432e-02
-1.511698961257934570e-02
-7.845811545848846436e-02
-3.972548618912696838e-02
2.777358330786228180e-02
-2.605817094445228577e-02
-2.496804110705852509e-02
-6.624431814998388290e-03
-4.861162602901458740e-02
-5.527446791529655457e-02
-8.719274774193763733e-03
-8.598534762859344482e-02
2.544993162155151367e-02
8.639638125896453857e-02
-2.939734049141407013e-02
4.416592791676521301e-02
6.387809664011001587e-02
-7.719034701585769653e-02
-6.066925451159477234e-02
7.713968865573406219e-03
1.964986696839332581e-02
-6.062440574169158936e-02
-3.414883837103843689e-02
-1.776150055229663849e-02
-1.298353075981140137e-02
1.327978353947401047e-02
1.125262305140495300e-02
1.309823710471391678e-02
1.566774025559425354e-02
1.777648366987705231e-02
2.320607379078865051e-02
6.381040811538696289e-02
-2.288179937750101089e-03
-3.018794581294059753e-02
3.188005089759826660e-02
9.837398305535316467e-03
2.710121683776378632e-03
-7.677313406020402908e-04
2.242901129648089409e-03
-7.335291057825088501e-02
5.745606496930122375e-02
6.139107048511505127e-02
7.180408388376235962e-02
-1.379213016480207443e-02
2.628237940371036530e-02
-5.022161081433296204e-02
-3.700885176658630371e-02
2.605720236897468567e-02
-6.194241344928741455e-02
-7.353389170020818710e-03
-1.033635511994361877e-01
-2.665586769580841064e-02
-4.355628415942192078e-02
-6.393272429704666138e-02
-8.028335869312286377e-03
-7.226573769003152847e-03
-1.405087765306234360e-02
2.869237028062343597e-02
1.272191852331161499e-02
3.757161274552345276e-02
-8.537556044757366180e-03
-7.539984583854675293e-02
3.905918821692466736e-02
-7.976205088198184967e-03
2.531830780208110809e-02
1.304684672504663467e-02
5.680530145764350891e-02
3.641076013445854187e-02
6.722907721996307373e-02
-1.461888570338487625e-02
-5.605807527899742126e-02
1.445000711828470230e-02
1.018303632736206055e-01
-4.540500417351722717e-02
-9.041960351169109344e-03
8.435748517513275146e-02
-3.575108945369720459e-02
-4.643946141004562378e-02
3.075096569955348969e-02
-3.845104202628135681e-02
8.359767496585845947e-02
8.034561574459075928e-02
-5.914335325360298157e-02
2.855798043310642242e-02
7.846101187169551849e-03
-4.067553952336311340e-02
5.475664883852005005e-02
4.298892989754676819e-02
-1.603158563375473022e-02
-6.549537181854248047e-03
-7.775959372520446777e-02
1.128017250448465347e-02
2.310464531183242798e-02
-3.007303178310394287e-02
4.421828314661979675e-02
2.068272419273853302e-02
-1.509595848619937897e-02
2.320204861462116241e-02
-3.497116966173052788e-03
-6.007302552461624146e-02
3.132933005690574646e-02
5.399997532367706299e-02
-7.739118486642837524e-02
7.735904306173324585e-02
4.485416784882545471e-02
8.445125818252563477e-02
2.472993545234203339e-02
4.763693735003471375e-02
-8.315205574035644531e-02
5.635156109929084778e-02
-6.369069963693618774e-02
-3.550949692726135254e-02
6.394979543983936310e-03
4.532496631145477295e-02
-3.944139555096626282e-02
-2.210121601819992065e-02
-5.922798998653888702e-03
-4.724785313010215759e-02
4.176116734743118286e-02
-6.575658451765775681e-03
-2.371246926486492157e-02
-1.308859605342149734e-02
1.856139302253723145e-02
-4.186906665563583374e-02
-1.035926211625337601e-02
-1.254264637827873230e-02
1.448056101799011230e-02
4.820812866091728210e-02
8.182062208652496338e-02
-1.393818669021129608e-02
-5.992322042584419250e-02
-5.157014727592468262e-02
-2.493138983845710754e-02
6.923186033964157104e-02
-1.236385926604270935e-01
2.577565796673297882e-02
4.992545768618583679e-02
-5.657627061009407043e-02
-2.097127400338649750e-02
4.192166402935981750e-02
4.664963111281394958e-02
4.594754055142402649e-02
-7.734392583370208740e-02
3.417514264583587646e-02
3.434014320373535156e-02
2.402759902179241180e-02
8.758150041103363037e-03
1.576645672321319580e-02
5.248556658625602722e-02
-1.593158021569252014e-02
-2.138404548168182373e-02
5.791135877370834351e-02
1.356045063585042953e-02
1.588894799351692200e-02
-2.235098183155059814e-02
5.058155953884124756e-02
-1.309369225054979324e-02
-6.469810754060745239e-02
-1.426785904914140701e-02
-3.947157040238380432e-02
3.826301312074065208e-03
-1.947206445038318634e-02
2.348431386053562164e-02
-6.290892511606216431e-02
-1.691614650189876556e-02
-6.690686941146850586e-02
-3.822033060714602470e-03
-6.899883598089218140e-02
1.162708550691604614e-02
4.401710629463195801e-02
-5.134383216500282288e-03
3.722942620515823364e-02
1.542092487215995789e-02
6.438789516687393188e-02
-9.292128495872020721e-03
-1.899185217916965485e-02
4.474581684917211533e-03
1.760325580835342407e-02
-4.154579713940620422e-03
-1.602829433977603912e-02
3.005860000848770142e-02
3.910331800580024719e-02
6.513544172048568726e-02
-2.721097320318222046e-02
1.172707602381706238e-01
-1.947818323969841003e-02
2.004346437752246857e-02
-7.744710892438888550e-02
1.418351847678422928e-02
1.800678670406341553e-02
-9.462026879191398621e-03
-6.640110164880752563e-02
-7.994936779141426086e-03
3.010316938161849976e-02
-4.600644856691360474e-02
-3.481561318039894104e-02
2.145846188068389893e-02
1.131233274936676025e-01
9.947673231363296509e-02
1.080174297094345093e-01
-9.025999344885349274e-03
4.657009243965148926e-02
5.072737485170364380e-02
-3.399229794740676880e-02
1.384714059531688690e-02
-1.360563095659017563e-02
6.748845428228378296e-02
2.907197736203670502e-02
5.246644094586372375e-02
4.347694572061300278e-03
8.686265349388122559e-02
-5.197682604193687439e-02
9.505470842123031616e-02
1.812016591429710388e-02
6.795150041580200195e-02
8.072354644536972046e-02
6.367454677820205688e-02
-2.955161221325397491e-02
-7.697709370404481888e-03
-5.796799063682556152e-02
-2.849168609827756882e-03
1.056910213083028793e-02
1.804727688431739807e-02
6.108004227280616760e-02
1.028801947832107544e-01
2.759473584592342377e-02
-5.367051810026168823e-02
-1.788798905909061432e-02
-7.280968129634857178e-02
1.413045451045036316e-02
2.669376507401466370e-02
-8.639073930680751801e-04
-4.554164782166481018e-02
-5.525678023695945740e-02
-4.875209182500839233e-02
-6.231965497136116028e-02
-1.421590894460678101e-02
-1.304093189537525177e-02
2.407527901232242584e-02
4.877924919128417969e-03
-4.645548295229673386e-03
7.081642001867294312e-02
-3.405318036675453186e-02
-1.000051107257604599e-02
-2.919926540926098824e-03
4.240972176194190979e-02
4.548545181751251221e-02
3.874030709266662598e-02
3.067332506179809570e-02
-3.195978328585624695e-02
2.691667713224887848e-02
-2.426902949810028076e-02
4.185787588357925415e-02
1.005270928144454956e-01
1.521792728453874588e-02
-4.249894991517066956e-02
-2.261073887348175049e-02
-5.386170744895935059e-02
-6.177826784551143646e-03
-5.294243991374969482e-02
7.959907874464988708e-03
-2.467468008399009705e-02
3.727128356695175171e-02
-3.599692508578300476e-02
7.159625738859176636e-02
8.384661376476287842e-02
4.485879093408584595e-02
-3.030258417129516602e-02
6.324460357427597046e-02
9.979394823312759399e-02
-4.263665899634361267e-02
-7.256526499986648560e-02
1.982615888118743896e-02
-3.382544592022895813e-02
5.047193169593811035e-02
-1.669102639425545931e-04
6.540951877832412720e-02
-1.357839442789554596e-02
4.121274873614311218e-02
2.283627726137638092e-02
4.283951129764318466e-03
9.484287351369857788e-03
-3.340476378798484802e-02
1.248966753482818604e-01
-2.064341679215431213e-02
2.375415526330471039e-02
3.824117779731750488e-02
-9.502639994025230408e-03
-1.893098838627338409e-02
1.444192603230476379e-02
1.106784213334321976e-02
-6.369086354970932007e-02
-2.744612656533718109e-02
-5.220537632703781128e-02
-8.784555643796920776e-02
-4.434528946876525879e-02
-3.522042930126190186e-02
-6.725260615348815918e-02
-7.870557159185409546e-02
2.235070616006851196e-02
4.460139200091362000e-02
1.409918535500764847e-02
3.787259012460708618e-02
7.653010543435811996e-03
5.133786704391241074e-03
2.466093190014362335e-02
-7.065751124173402786e-04
4.409124329686164856e-02
-3.488741070032119751e-02
2.085891179740428925e-02
4.217059537768363953e-02
4.159480705857276917e-02
-2.125646360218524933e-02
7.873404771089553833e-02
5.676123499870300293e-02
4.918706789612770081e-02
-5.621492862701416016e-02
7.082163542509078979e-02
4.767738655209541321e-02
-3.277075290679931641e-02
-6.243015080690383911e-02
2.563083544373512268e-02
-1.529916934669017792e-02
-5.485976859927177429e-02
-6.110208109021186829e-03
2.522842586040496826e-02
-4.126839712262153625e-02
-4.884427413344383240e-02
1.975784107344225049e-04
-1.079400884918868542e-03
-3.919983282685279846e-02
8.760401606559753418e-02
-1.543910708278417587e-02
-3.992344066500663757e-02
-9.026749990880489349e-03
-6.008956115692853928e-03
2.443659305572509766e-02
3.592703118920326233e-02
-2.632576785981655121e-02
2.906754054129123688e-02
3.899654000997543335e-02
-6.366932392120361328e-02
-1.263097207993268967e-02
2.515381202101707458e-02
-1.121861189603805542e-01
-8.916276507079601288e-03
1.291731279343366623e-02
7.191871106624603271e-02
-7.468881458044052124e-02
-1.682356745004653931e-02
-5.556069687008857727e-02
-3.218510746955871582e-02
-6.790403276681900024e-02
2.552596293389797211e-02
-1.530199777334928513e-02
-4.996719956398010254e-02
4.787441343069076538e-02
-3.370673581957817078e-02
-6.502926349639892578e-03
-3.189974650740623474e-02
3.669698163866996765e-02
1.090810168534517288e-02
5.340832099318504333e-02
-1.205180212855339050e-02
-3.652122244238853455e-02
-1.091376785188913345e-02
2.804689295589923859e-02
-4.414501786231994629e-02
-6.548492610454559326e-02
-1.927101239562034607e-02
-4.892005771398544312e-02
-2.636579424142837524e-02
1.316504203714430332e-03
1.804068498313426971e-02
4.640739038586616516e-02
6.244198977947235107e-02
4.280716553330421448e-02
-3.819004446268081665e-02
1.318633370101451874e-02
-2.323884703218936920e-02
2.027728408575057983e-02
2.634989656507968903e-02
3.718173364177346230e-03
-6.089727580547332764e-02
2.072938531637191772e-02
7.562048733234405518e-02
-4.095507320016622543e-03
4.417952895164489746e-02
1.226340606808662415e-02
-2.485322393476963043e-02
-9.661170653998851776e-03
-8.735562674701213837e-03
5.905253067612648010e-02
1.400578487664461136e-02
8.648598194122314453e-02
5.026022344827651978e-02
9.208870469592511654e-04
3.406368941068649292e-02
1.183278020471334457e-02
3.498497232794761658e-02
-2.402026019990444183e-02
-2.008475176990032196e-02
6.785047799348831177e-02
5.074001103639602661e-02
-5.238169059157371521e-02
1.899040304124355316e-02
-1.079480499029159546e-01
-3.450474143028259277e-02
-9.650793857872486115e-03
-2.210922539234161377e-02
1.060345396399497986e-01
-7.719063013792037964e-02
7.818224281072616577e-02
4.402325302362442017e-02
-1.572036184370517731e-02
7.803516834974288940e-02
1.221474260091781616e-02
-1.280647981911897659e-02
5.710753798484802246e-02
2.006888948380947113e-02
-3.763943910598754883e-02
-9.287989884614944458e-02
-6.196050345897674561e-02
6.227882951498031616e-02
-8.641269803047180176e-02
7.474887371063232422e-02
2.459111064672470093e-02
5.937679111957550049e-02
-9.472379088401794434e-02
-1.828537881374359131e-02
1.367875607684254646e-03
2.017652057111263275e-02
2.786785736680030823e-02
8.707505464553833008e-02
-1.080057397484779358e-01
-6.214953586459159851e-02
-5.469091981649398804e-02
-1.839431375265121460e-02
7.728760689496994019e-02
3.771607577800750732e-02
2.056662924587726593e-02
-9.570349007844924927e-02
1.985204592347145081e-02
-3.229560330510139465e-02
-2.655543200671672821e-02
-4.485309869050979614e-02
3.247780352830886841e-02
2.272872254252433777e-03
5.943011492490768433e-02
4.609560221433639526e-02
-2.053089439868927002e-02
-2.570238523185253143e-02
1.972679980099201202e-02
2.307871542870998383e-02
-1.870333589613437653e-02
-2.935894206166267395e-02
3.009898774325847626e-02
1.905016787350177765e-02
1.931778714060783386e-02
-2.321745455265045166e-02
-2.762991189956665039e-02
-2.949461527168750763e-02
1.718651270493865013e-03
3.162968158721923828e-02
-9.585774503648281097e-03
-3.984318114817142487e-03
-2.202321775257587433e-02
-7.181651145219802856e-02
4.524973034858703613e-02
-7.466018944978713989e-02
-8.891488425433635712e-03
-3.513247147202491760e-02
8.670993149280548096e-03
-3.557233372703194618e-03
-5.346827208995819092e-03
4.727209731936454773e-02
2.662252448499202728e-02
1.405913289636373520e-02
2.148334681987762451e-02
-2.270691562443971634e-03
7.270412892103195190e-02
1.003684382885694504e-02
-6.855783611536026001e-02
-4.577229544520378113e-02
-2.616485208272933960e-02
-1.600081287324428558e-02
-4.376582056283950806e-02
6.973446160554885864e-02
-3.421828150749206543e-03
1.152508705854415894e-02
-8.991599082946777344e-03
-2.974650822579860687e-02
-6.297794729471206665e-02
-4.980208352208137512e-02
-2.691112458705902100e-02
-6.191433593630790710e-02
5.873952433466911316e-02
4.677131772041320801e-02
3.966371715068817139e-02
-7.845043390989303589e-02
5.327285453677177429e-02
-5.140914022922515869e-02
-2.325405925512313843e-02
4.762699827551841736e-02
7.188620418310165405e-02
-7.943351566791534424e-02
-1.425116602331399918e-02
-2.140322886407375336e-02
-3.296265751123428345e-02
1.060268562287092209e-02
-1.810990422964096069e-01
-2.369610220193862915e-02
-5.067170411348342896e-02
9.192273020744323730e-03
7.331587374210357666e-02
1.073680520057678223e-01
-4.570883139967918396e-02
7.672164123505353928e-03
-2.120649255812168121e-02
-2.948500961065292358e-02
-1.355256587266921997e-01
1.914955675601959229e-02
5.418617650866508484e-02
-9.647201746702194214e-02
6.109384447336196899e-02
-5.602738261222839355e-02
-9.044827520847320557e-02
6.283595412969589233e-02
2.160721644759178162e-02
1.073607802391052246e-02
3.844434395432472229e-02
-9.838036447763442993e-02
-2.857501676771789789e-04
3.678148612380027771e-02
-1.166442525573074818e-03
1.986538432538509369e-02
-4.087448120117187500e-02
5.122185871005058289e-02
-4.639510065317153931e-02
-9.554080665111541748e-03
-3.927703201770782471e-02
-2.391464076936244965e-02
4.968465492129325867e-02
4.102360829710960388e-02
6.854318827390670776e-02
4.262273386120796204e-02
1.809471541491802782e-05
-1.061953045427799225e-02
-2.245801128447055817e-02
3.770244494080543518e-02
1.827321946620941162e-02
1.990318857133388519e-02
-3.288764564786106348e-04
2.935116924345493317e-02
5.592815577983856201e-02
2.083118259906768799e-02
-3.132404759526252747e-02
-1.571664959192276001e-02
-6.858125329017639160e-02
-2.970588393509387970e-03
5.906992033123970032e-02
-2.565183117985725403e-02
2.171185612678527832e-02
-2.286524139344692230e-02
-2.217379771173000336e-02
1.312116440385580063e-02
-2.438576146960258484e-02
-7.712067570537328720e-03
-3.021771553903818130e-03
1.356843113899230957e-02
-6.708303093910217285e-02
-6.193485576659440994e-03
-9.552304632961750031e-03
-1.670096069574356079e-02
-1.716501824557781219e-02
1.596598885953426361e-02
-7.894825190305709839e-03
-3.835347294807434082e-02
5.733705684542655945e-02
-6.296948343515396118e-02
4.002685099840164185e-02
5.499444529414176941e-02
-3.655122220516204834e-02
-9.531297534704208374e-02
1.619017124176025391e-02
7.101947814226150513e-02
-6.832712888717651367e-02
-3.684006258845329285e-02
-6.608753651380538940e-02
5.399180203676223755e-02
-2.493755519390106201e-02
-1.991027267649769783e-03
-4.694683849811553955e-02
3.898338228464126587e-02
-6.441891193389892578e-02
-4.022786766290664673e-02
4.160416498780250549e-02
2.002494968473911285e-02
9.886332601308822632e-02
-3.582589793950319290e-03
4.056320711970329285e-02
2.575747855007648468e-02
2.679999172687530518e-02
3.664383839350193739e-04
-7.098489999771118164e-02
-8.264501392841339111e-02
-1.545269973576068878e-03
-2.614610083401203156e-02
2.107501402497291565e-02
-1.707250066101551056e-02
8.691447786986827850e-03
1.490552444010972977e-02
-8.512716740369796753e-02
-1.302579790353775024e-02
2.913681417703628540e-02
-8.032229542732238770e-02
-3.505655098706483841e-03
1.171187683939933777e-02
6.398370116949081421e-02
-3.386063035577535629e-03
-5.594763532280921936e-02
-5.020874738693237305e-02
1.614355668425559998e-02
-4.073940962553024292e-02
-2.711418084800243378e-02
-3.577469661831855774e-02
5.457042902708053589e-02
-5.781769007444381714e-02
9.743890911340713501e-02
-1.555354613810777664e-02
-5.657900124788284302e-03
-1.226743385195732117e-01
7.644196599721908569e-02
-3.191221877932548523e-02
-1.004147902131080627e-02
-2.750051394104957581e-02
2.432392165064811707e-02
6.195321306586265564e-02
5.620585009455680847e-02
7.001272588968276978e-02
3.622664138674736023e-02
1.477689715102314949e-03
6.412380840629339218e-03
5.908159911632537842e-02
-1.844212412834167480e-03
-3.751589730381965637e-02
7.864467799663543701e-02
-1.521902624517679214e-02
-3.293538838624954224e-02
-1.063283011317253113e-01
-3.285087272524833679e-02
-1.192537881433963776e-02
1.099428161978721619e-01
-2.047657966613769531e-02
-1.829739846289157867e-02
1.129841059446334839e-01
-1.311407834291458130e-01
7.376785576343536377e-02
-2.767453156411647797e-02
-2.018386498093605042e-02
3.352817147970199585e-02
1.704916171729564667e-02
2.013514935970306396e-02
-2.263754233717918396e-02
5.807969346642494202e-02
-1.650527305901050568e-02
1.924261637032032013e-02
2.308153780177235603e-03
-5.379803106188774109e-02
1.448288559913635254e-02
6.073831766843795776e-02
1.327987527474761009e-03
9.858983755111694336e-02
-2.207994833588600159e-02
7.671029772609472275e-03
1.136372517794370651e-02
5.511558800935745239e-02
-8.358102291822433472e-03
2.089358866214752197e-02
2.436174452304840088e-02
-4.629408195614814758e-02
-9.804901201277971268e-04
2.315426245331764221e-02
3.992210328578948975e-02
-4.209837317466735840e-02
5.127011984586715698e-02
-1.009432319551706314e-02
-1.862237602472305298e-02
5.195726454257965088e-02
2.852779068052768707e-02
-1.748395897448062897e-02
3.844701917842030525e-03
8.016552776098251343e-02
-5.606602877378463745e-02
-5.411237105727195740e-02
3.861743584275245667e-02
2.983965910971164703e-02
2.768722735345363617e-02
-2.565831318497657776e-02
-1.034073811024427414e-02
1.584775187075138092e-02
-6.897006183862686157e-02
4.091960191726684570e-02
7.309486716985702515e-02
-3.747574985027313232e-02
2.731085754930973053e-02
-2.935207821428775787e-02
-4.702463373541831970e-02
-5.550152435898780823e-02
-2.157477103173732758e-02
-3.877961635589599609e-02
-3.060821257531642914e-02
-5.192127451300621033e-02
-1.081978678703308105e-01
3.578746318817138672e-02
4.118816927075386047e-02
4.366675391793251038e-03
-4.072262346744537354e-02
3.972277417778968811e-02
5.947091057896614075e-02
2.547721564769744873e-02
3.526811301708221436e-02
-3.596060443669557571e-03
-1.628664135932922363e-02
-1.158524071797728539e-03
-5.988400056958198547e-02
-2.619798108935356140e-02
-2.587472833693027496e-02
4.955354612320661545e-03
1.491658017039299011e-02
1.062464341521263123e-01
-1.224275474669411778e-04
-5.899508297443389893e-02
-2.088514529168605804e-02
3.904763842001557350e-03
-4.394875839352607727e-02
-2.385343052446842194e-02
5.903984978795051575e-02
2.180867455899715424e-02
-6.874838378280401230e-03
-1.311275525949895382e-03
3.701125830411911011e-02
-2.543915808200836182e-02
1.734033599495887756e-02
-2.870259247720241547e-02
-1.194322947412729263e-03
-5.920419469475746155e-02
-2.661436796188354492e-03
-5.684322211891412735e-03
4.784246534109115601e-02
-3.042539767920970917e-02
7.882387936115264893e-02
-1.240779459476470947e-02
8.482164144515991211e-02
-3.069049445912241936e-03
-7.524342089891433716e-02
3.495129756629467010e-03
4.075242206454277039e-02
4.865077883005142212e-02
9.877560660243034363e-03
-7.317353785037994385e-02
-3.581495722755789757e-03
5.048991367220878601e-02
7.867693156003952026e-02
-5.843763053417205811e-02
1.326378714293241501e-02
3.218684345483779907e-02
-2.577252872288227081e-02
-3.636385500431060791e-02
-8.836087770760059357e-03
1.938613131642341614e-02
2.761428244411945343e-02
-3.418008983135223389e-02
7.498424500226974487e-02
3.765941783785820007e-02
7.773633114993572235e-03
-6.503534317016601562e-02
1.979565946385264397e-03
-2.170769730582833290e-04
7.286363840103149414e-02
-9.562687948346138000e-03
2.124162763357162476e-02
1.834999583661556244e-02
-6.767472717911005020e-03
-2.323405258357524872e-02
-3.713378682732582092e-02
3.000329062342643738e-02
2.916591055691242218e-02
2.572971023619174957e-02
-5.529322847723960876e-02
1.058168150484561920e-02
-4.123751819133758545e-02
-1.890460215508937836e-02
2.361834608018398285e-02
1.931821368634700775e-02
-1.588022895157337189e-02
-1.573952101171016693e-02
9.790071053430438042e-04
6.164823099970817566e-02
-5.469484254717826843e-02
-3.122473321855068207e-02
4.703170061111450195e-02
-3.297598287463188171e-02
1.439491845667362213e-02
-1.110601648688316345e-01
-7.261600811034440994e-03
3.463378548622131348e-02
5.330851301550865173e-02
1.427205931395292282e-02
6.553006172180175781e-02
-3.701597079634666443e-02
-1.335760764777660370e-02
-3.701341152191162109e-02
-4.521859064698219299e-02
2.751534618437290192e-02
-3.996462747454643250e-02
-1.340056397020816803e-02
3.166628628969192505e-02
2.900545299053192139e-02
-1.911449804902076721e-02
-7.366685662418603897e-03
-8.981394767761230469e-02
6.045044865459203720e-03
3.473381698131561279e-02
-2.230913937091827393e-02
-8.196804672479629517e-03
-2.917748130857944489e-02
1.025664620101451874e-02
-2.572964131832122803e-02
-1.291878614574670792e-02
-7.841341197490692139e-02
2.622879482805728912e-02
6.120468303561210632e-02
-2.043775282800197601e-02
4.214695841073989868e-02
-1.290592402219772339e-01
3.211542963981628418e-02
-3.673435747623443604e-02
1.855208165943622589e-02
-9.830956347286701202e-03
7.138114422559738159e-02
-4.520851746201515198e-02
2.484483085572719574e-02
1.539198495447635651e-02
-1.321636233478784561e-02
-4.298152402043342590e-02
9.089894592761993408e-03
6.129321455955505371e-02
2.868570853024721146e-03
4.650323465466499329e-02
1.298483461141586304e-01
-3.584904223680496216e-02
1.958373747766017914e-02
8.817590773105621338e-02
-8.345451951026916504e-02
-1.932995766401290894e-02
-2.332717552781105042e-02
-2.387956343591213226e-02
3.098336514085531235e-03
4.652364179491996765e-02
5.644925683736801147e-02
1.628453843295574188e-03
2.236081287264823914e-02
6.678228080272674561e-02
-2.996590174734592438e-02
-5.757718905806541443e-02
-3.790421783924102783e-02
-5.060419440269470215e-02
-2.301851473748683929e-02
-4.948632791638374329e-02
4.031183198094367981e-02
-4.282585531473159790e-02
-8.688116818666458130e-02
2.830522321164608002e-02
-4.093870520591735840e-02
7.129344623535871506e-03
-2.628025971353054047e-02
2.331963507458567619e-03
-1.724167540669441223e-02
-2.513663470745086670e-02
8.063369989395141602e-02
8.296258747577667236e-03
-3.836995363235473633e-02
1.933411508798599243e-02
-4.177233576774597168e-02
1.517642056569457054e-03
-1.012831926345825195e-03
4.600895103067159653e-03
5.821086093783378601e-02
1.862226752564311028e-03
-9.619509428739547729e-02
-5.963237211108207703e-02
-4.240644723176956177e-02
3.406015038490295410e-02
3.098385035991668701e-02
3.422318026423454285e-02
8.816551417112350464e-03
-2.339292131364345551e-02
6.520006805658340454e-02
-3.722944855690002441e-02
-5.711324140429496765e-02
8.815363794565200806e-02
-1.358998473733663559e-02
-3.125971416011452675e-04
-1.884306594729423523e-02
5.315827578306198120e-02
2.798020280897617340e-02
9.453178197145462036e-02
6.391972303390502930e-02
8.546989411115646362e-03
9.377074986696243286e-02
-1.886408217251300812e-02
2.019248716533184052e-02
9.062075614929199219e-02
2.486371994018554688e-02
2.780025266110897064e-02
9.116035699844360352e-02
-3.097912855446338654e-02
-2.299888804554939270e-02
2.467236667871475220e-02
-4.022688604891300201e-03
-3.529599308967590332e-02
6.415674090385437012e-02
-1.268488615751266479e-01
8.967972546815872192e-02
-6.611764430999755859e-02
-2.180199325084686279e-02
-2.170291729271411896e-02
-2.297634072601795197e-02
1.568663679063320160e-02
-7.797000557184219360e-02
3.480623476207256317e-03
5.796729400753974915e-02
-3.576012328267097473e-02
4.958693869411945343e-03
2.320772409439086914e-02
-5.090167373418807983e-02
8.242285810410976410e-03
3.442376106977462769e-02
1.562143489718437195e-02
-6.844241917133331299e-02
-5.187254026532173157e-02
-5.122159048914909363e-02
6.559085100889205933e-02
-2.441253326833248138e-02
4.791622981429100037e-03
-3.621502220630645752e-02
-1.563923060894012451e-02
-4.156073555350303650e-02
-7.966752350330352783e-02
3.907107282429933548e-03
-5.699473991990089417e-02
2.088237367570400238e-02
1.634809561073780060e-02
-4.888952523469924927e-02
4.531839862465858459e-02
-4.688934981822967529e-02
-4.879904538393020630e-02
-8.202120661735534668e-02
-8.436610922217369080e-03
-5.871871113777160645e-02
-6.854926235973834991e-03
2.304021455347537994e-02
8.275556564331054688e-02
9.664244018495082855e-03
6.837341468781232834e-03
-1.341107189655303955e-01
-1.113258651457726955e-03
-5.878620967268943787e-02
4.305312037467956543e-02
9.481646865606307983e-02
-3.283523395657539368e-02
-2.166176028549671173e-02
-5.178959295153617859e-02
3.866502642631530762e-02
3.396174684166908264e-02
5.124085023999214172e-02
3.702412545680999756e-02
3.138731047511100769e-02
5.276121571660041809e-02
-9.975822269916534424e-02
-6.609951145946979523e-03
8.292040228843688965e-02
1.017093751579523087e-02
1.258360128849744797e-02
-2.609106339514255524e-02
-2.960162982344627380e-02
1.712343422695994377e-03
6.788004934787750244e-02
-5.392510816454887390e-02
-7.845506817102432251e-02
7.407472282648086548e-02
-8.856448531150817871e-02
2.661859989166259766e-02
5.889369919896125793e-02
1.320951059460639954e-02
6.110858917236328125e-02
-1.950975507497787476e-02
2.931742928922176361e-02
6.672647595405578613e-02
9.120247513055801392e-02
1.667206990532577038e-03
8.761041611433029175e-02
-4.462760314345359802e-02
1.858022250235080719e-02
-7.028287276625633240e-03
3.030158020555973053e-02
6.537881493568420410e-02
-6.738656759262084961e-02
-5.785601213574409485e-02
6.162820383906364441e-02
