1.392974052578210831e-02
-5.747577548027038574e-02
-3.655456937849521637e-03
-1.801299303770065308e-02
1.551544945687055588e-02
-4.808608442544937134e-02
-5.602262914180755615e-02
8.068907074630260468e-03
-4.240185767412185669e-02
5.339957401156425476e-02
-3.386082826182246208e-03
3.937663882970809937e-02
3.184292465448379517e-02
-9.886844083666801453e-03
6.105035170912742615e-02
-3.165204450488090515e-02
-2.782401256263256073e-02
-5.844664201140403748e-02
-1.198189780116081238e-01
-8.359401673078536987e-02
5.750399455428123474e-02
1.979095302522182465e-02
-1.854717358946800232e-02
-6.350851804018020630e-02
2.872502617537975311e-02
-3.468931838870048523e-02
-2.465906925499439240e-02
-5.156427249312400818e-02
-3.194437175989151001e-02
-5.934112891554832458e-02
5.305403843522071838e-02
-1.403286308050155640e-02
1.336384098976850510e-02
-4.129643738269805908e-02
9.644641727209091187e-02
4.721505194902420044e-02
5.257660988718271255e-03
-7.013810425996780396e-02
-5.337062105536460876e-02
1.838833093643188477e-03
4.317546263337135315e-02
2.691180910915136337e-03
5.033401772379875183e-02
1.919978484511375427e-02
2.593741938471794128e-02
-2.176169119775295258e-02
2.146287262439727783e-02
-7.762271165847778320e-02
-3.345197066664695740e-02
-3.866940364241600037e-02
-3.484041988849639893e-02
-7.826073467731475830e-02
-2.444253861904144287e-02
7.068824023008346558e-02
2.388729015365242958e-03
-2.619598235469311476e-04
5.785928666591644287e-02
5.106195341795682907e-03
1.759810931980609894e-02
2.726431563496589661e-02
7.199799269437789917e-02
-7.075224071741104126e-03
-8.471114188432693481e-02
2.698308043181896210e-02
5.175449699163436890e-02
3.342085517942905426e-03
7.614328991621732712e-03
-7.326462119817733765e-02
3.532896935939788818e-02
-7.637190818786621094e-02
-7.151371799409389496e-03
7.923688739538192749e-02
5.383748188614845276e-02
-2.815965376794338226e-02
1.335193403065204620e-02
-1.949859666638076305e-03
4.286851733922958374e-02
4.575542360544204712e-02
-4.086459055542945862e-02
3.611383959650993347e-02
7.972604595124721527e-03
-6.857848167419433594e-02
-1.065670792013406754e-02
4.482626542448997498e-02
3.144409507513046265e-02
-1.413839776068925858e-02
1.505773980170488358e-02
2.566912584006786346e-02
1.071529388427734375e-01
1.346932351589202881e-01
-2.982453070580959320e-02
7.092952728271484375e-02
-2.737203147262334824e-03
2.444729767739772797e-02
-6.597576290369033813e-02
7.568921148777008057e-02
1.891350373625755310e-02
2.101468481123447418e-02
3.070626035332679749e-02
-4.655256494879722595e-02
3.631629049777984619e-02
2.475241012871265411e-02
2.901815064251422882e-02
-1.740488968789577484e-02
-2.885415963828563690e-02
-1.826252043247222900e-02
-6.998051702976226807e-02
-1.140630804002285004e-02
4.229784384369850159e-02
-5.198791157454252243e-03
5.290514975786209106e-02
-4.997702687978744507e-02
3.139634057879447937e-02
9.911176748573780060e-03
3.612309321761131287e-02
6.250055879354476929e-02
1.159572508186101913e-02
3.543296083807945251e-02
-1.850774139165878296e-02
3.628495335578918457e-02
1.074381731450557709e-02
-5.494027584791183472e-02
-9.397433139383792877e-03
-4.576723091304302216e-03
5.123011022806167603e-02
-2.703136205673217773e-02
-4.279240593314170837e-02
4.493787139654159546e-02
-5.346330255270004272e-02
5.652933567762374878e-02
3.443924337625503540e-02
4.580230265855789185e-02
-2.399015426635742188e-02
-1.709925569593906403e-02
-4.553968831896781921e-02
3.200545161962509155e-02
-2.986966446042060852e-02
-2.094411663711071014e-02
-3.686122596263885498e-02
-4.524115473031997681e-02
-3.199408203363418579e-02
-6.979574100114405155e-04
-3.430429846048355103e-02
9.767143428325653076e-02
5.534776486456394196e-03
-2.115779928863048553e-02
-4.599178954958915710e-02
-1.743264310061931610e-02
-1.680902764201164246e-02
3.280553221702575684e-02
1.604929007589817047e-02
-2.288963412865996361e-03
-5.875072255730628967e-02
-4.896944388747215271e-02
-9.279585443437099457e-03
-5.733852833509445190e-02
6.745199114084243774e-02
-1.636667177081108093e-02
-1.436717901378870010e-02
-1.349614001810550690e-02
-3.044161014258861542e-02
-2.398819848895072937e-02
3.439554199576377869e-02
1.482886495068669319e-03
2.356316708028316498e-02
-3.986220434308052063e-02
3.569425642490386963e-02
8.211537497118115425e-04
1.999981934204697609e-03
-9.227811545133590698e-02
-6.296001374721527100e-02
-1.222976017743349075e-02
-1.820605248212814331e-02
2.223926782608032227e-02
-4.219486936926841736e-02
8.745606057345867157e-03
7.471358031034469604e-02
5.219613388180732727e-02
3.503145277500152588e-02
-4.531075805425643921e-02
-9.561283513903617859e-03
-3.113676980137825012e-02
8.221670240163803101e-02
6.415303051471710205e-02
1.297459937632083893e-02
2.607800625264644623e-02
-2.605543239042162895e-03
5.603742320090532303e-03
5.786609649658203125e-02
-5.049166455864906311e-02
-1.191650256514549255e-01
5.138430371880531311e-02
7.063626497983932495e-02
2.701140567660331726e-02
5.445585120469331741e-03
-1.069346815347671509e-02
-1.731550134718418121e-02
9.521538391709327698e-03
2.322857762919738889e-04
-2.794266305863857269e-02
1.777536468580365181e-03
2.928020432591438293e-03
7.966524362564086914e-02
1.628502272069454193e-02
-8.787552267313003540e-02
-6.929647922515869141e-02
-1.208435464650392532e-02
3.445883467793464661e-02
-4.201445356011390686e-02
4.451244696974754333e-02
2.873523905873298645e-02
3.370020713191479445e-04
5.814687162637710571e-02
-7.708674669265747070e-02
-1.060259342193603516e-02
4.129970818758010864e-02
3.065642341971397400e-02
8.559679985046386719e-02
3.331487253308296204e-02
3.762974636629223824e-03
1.007098704576492310e-02
6.028049439191818237e-02
7.930372655391693115e-02
6.212416291236877441e-02
-4.665522649884223938e-02
3.237654268741607666e-02
-1.059202402830123901e-01
7.241990417242050171e-02
-2.755081094801425934e-02
-9.471175819635391235e-02
6.886051502078771591e-03
-3.749397769570350647e-02
3.793591633439064026e-02
-1.467733830213546753e-02
-4.389458149671554565e-02
-3.623644262552261353e-02
-9.533988311886787415e-03
2.872839383780956268e-02
-5.532810091972351074e-02
1.212887559086084366e-02
-1.142727024853229523e-02
5.096182599663734436e-02
-1.030601859092712402e-01
-2.547333016991615295e-02
-4.900863021612167358e-02
3.880162537097930908e-02
1.760970428586006165e-02
2.081635035574436188e-02
-7.789165526628494263e-02
5.585668608546257019e-03
-8.218915015459060669e-02
-3.340677544474601746e-02
6.683202087879180908e-02
-1.904090866446495056e-02
-5.182153359055519104e-02
4.169652238488197327e-02
-4.800781607627868652e-02
2.161785261705517769e-03
-4.067634418606758118e-02
-8.029774762690067291e-03
3.305891156196594238e-02
7.383849151665344834e-05
1.004033610224723816e-01
-5.623047426342964172e-02
6.233887001872062683e-02
-2.294016629457473755e-02
7.492223288863897324e-03
-1.054284870624542236e-01
-2.133851870894432068e-02
-2.215808816254138947e-02
4.048065748065710068e-03
-7.324299775063991547e-03
-1.485002320259809494e-02
3.459286410361528397e-03
1.438936963677406311e-02
1.925139129161834717e-02
1.021121349185705185e-02
6.122772768139839172e-02
-3.276502713561058044e-02
-1.392896752804517746e-02
-1.524527091532945633e-02
1.994571276009082794e-02
6.055572628974914551e-02
2.594203501939773560e-02
1.536848396062850952e-02
-6.766235083341598511e-02
-1.313152909278869629e-01
-7.795609999448060989e-03
-1.220602728426456451e-02
-2.469526603817939758e-02
-2.458512969315052032e-02
5.276010185480117798e-02
2.194312633946537971e-03
5.062753916718065739e-04
-1.709354668855667114e-02
6.368930637836456299e-02
7.036983221769332886e-02
-3.022606484591960907e-02
-3.138931468129158020e-02
7.415913790464401245e-02
-7.249058037996292114e-02
6.313737481832504272e-02
-6.092225201427936554e-03
4.962908849120140076e-02
-1.116426568478345871e-02
-2.258021384477615356e-02
-3.551644086837768555e-02
-1.687451638281345367e-02
-2.410452067852020264e-02
-1.088908873498439789e-03
1.237932778894901276e-02
6.025161594152450562e-03
-7.286618649959564209e-02
-4.640548303723335266e-02
4.209525138139724731e-02
1.675551012158393860e-02
-1.026596501469612122e-01
4.290047287940979004e-02
-2.146407403051853180e-02
-3.333311993628740311e-03
-2.145118638873100281e-02
-2.720810286700725555e-02
5.453202128410339355e-02
-7.702098041772842407e-02
-9.874115698039531708e-03
-3.902295604348182678e-02
-3.609795495867729187e-02
-1.411707513034343719e-02
2.671088278293609619e-02
7.336466014385223389e-02
3.901492804288864136e-02
7.790011167526245117e-02
5.161823239177465439e-03
-9.908653050661087036e-02
9.822016581892967224e-03
-1.464025862514972687e-02
2.502257470041513443e-03
-7.466036081314086914e-02
9.313761256635189056e-03
6.372407078742980957e-02
3.858424350619316101e-02
-2.005677297711372375e-02
8.503912389278411865e-02
-2.292345836758613586e-02
2.042733319103717804e-02
-1.074500475078821182e-02
-4.499847441911697388e-02
5.611842125654220581e-02
-5.916156340390443802e-03
-1.970412582159042358e-02
-1.438742782920598984e-02
3.882446140050888062e-02
7.323570549488067627e-02
-5.860740691423416138e-02
4.497321322560310364e-02
3.706356883049011230e-02
5.653936415910720825e-02
-5.641741305589675903e-02
-6.366531550884246826e-02
-1.922283880412578583e-02
1.072661112993955612e-02
4.246440529823303223e-02
4.047390073537826538e-02
-6.579779088497161865e-02
-6.822275370359420776e-02
2.844060584902763367e-02
5.836660414934158325e-02
-6.338761001825332642e-02
-2.438534609973430634e-02
-3.480022773146629333e-02
-2.186430059373378754e-02
-6.965462863445281982e-02
1.942858472466468811e-02
-9.395008534193038940e-02
-2.513647079467773438e-02
4.601545259356498718e-02
4.962371662259101868e-02
-5.971100181341171265e-02
-6.884410977363586426e-02
-4.358402639627456665e-02
9.336668066680431366e-03
-1.873009838163852692e-02
-3.811704739928245544e-02
-4.802930355072021484e-02
-1.576007716357707977e-02
-8.935245126485824585e-02
5.693875253200531006e-02
-1.098008602857589722e-01
-4.952026531100273132e-03
-2.839533612132072449e-02
5.519336555153131485e-03
-7.159093022346496582e-02
-5.133011192083358765e-02
2.274553850293159485e-02
-1.401985995471477509e-02
-3.045231103897094727e-02
1.594586181454360485e-03
-4.032782465219497681e-02
-3.598177433013916016e-02
4.544436559081077576e-02
-2.112431824207305908e-02
4.255627095699310303e-02
9.182152897119522095e-02
-7.177024614065885544e-03
5.049119144678115845e-02
4.719313234090805054e-02
-7.735419273376464844e-02
1.817188225686550140e-02
2.939314767718315125e-02
1.135814636945724487e-01
-1.469115633517503738e-02
3.041526861488819122e-02
6.751846522092819214e-02
6.865210086107254028e-02
7.558012008666992188e-02
3.625665977597236633e-02
2.499813959002494812e-02
4.115013405680656433e-02
-1.041300944052636623e-03
-2.838037349283695221e-02
1.204476505517959595e-02
6.725814193487167358e-02
4.225048422813415527e-02
-2.329343557357788086e-02
-3.304204344749450684e-02
-7.891979068517684937e-02
-1.667137071490287781e-02
-2.013872191309928894e-02
-9.551689773797988892e-02
1.721827499568462372e-02
1.962629519402980804e-02
2.607442438602447510e-02
-8.546179160475730896e-03
5.596367269754409790e-02
-4.324793443083763123e-02
2.515365555882453918e-02
-7.579583209007978439e-03
-8.753828704357147217e-03
-5.281176418066024780e-02
-9.981309995055198669e-03
2.791749872267246246e-02
1.375399231910705566e-01
-8.784723468124866486e-03
3.660858049988746643e-02
1.321929246187210083e-01
-5.832172557711601257e-02
3.774672746658325195e-02
7.995396852493286133e-02
7.036729948595166206e-04
-4.309350997209548950e-02
7.553242612630128860e-03
8.540024980902671814e-03
-7.492677122354507446e-02
4.711005836725234985e-03
-6.508136633783578873e-03
-2.408833615481853485e-02
-2.629515947774052620e-03
-2.519037947058677673e-02
-3.505613282322883606e-02
6.768753379583358765e-02
3.866685554385185242e-02
3.154177591204643250e-02
-8.803300559520721436e-02
-7.325230538845062256e-02
-3.879109863191843033e-03
4.373994097113609314e-02
1.671538315713405609e-02
1.645131222903728485e-02
-1.686378195881843567e-02
-9.438894689083099365e-03
-6.143643707036972046e-02
7.107403874397277832e-02
-1.034246012568473816e-02
3.466439992189407349e-02
3.448068350553512573e-02
-9.006853401660919189e-02
-2.986415848135948181e-02
-8.808038383722305298e-02
4.600375145673751831e-02
1.228135675191879272e-01
5.543754994869232178e-02
8.888883143663406372e-02
-2.548632211983203888e-02
4.768195375800132751e-02
-4.281278327107429504e-02
-7.355432957410812378e-02
7.986587285995483398e-02
-5.664338171482086182e-02
-2.147491276264190674e-02
7.346266508102416992e-02
1.122163794934749603e-02
3.941782750189304352e-03
1.346453931182622910e-02
-5.455132573843002319e-02
4.720970522612333298e-03
-5.408263765275478363e-03
-5.959553271532058716e-02
-1.024479866027832031e-01
-2.016598917543888092e-02
-1.248353049159049988e-01
-5.902000144124031067e-02
-3.185129165649414062e-02
-9.848982095718383789e-03
-2.724795415997505188e-02
-4.127640649676322937e-02
-3.308099880814552307e-02
-4.091344028711318970e-02
6.621408462524414062e-02
9.917837567627429962e-03
-4.589348286390304565e-02
3.993275016546249390e-02
-7.800684124231338501e-02
1.237398758530616760e-02
-1.495208474807441235e-03
-1.171362679451704025e-02
1.051615737378597260e-02
-1.540686748921871185e-02
5.630199238657951355e-02
1.663840934634208679e-02
-3.447029739618301392e-02
1.554949861019849777e-02
-7.964974641799926758e-02
-1.349507179111242294e-02
2.527890726923942566e-02
2.483776072040200233e-03
6.273289024829864502e-02
2.480131387710571289e-02
-4.104457795619964600e-02
5.934483185410499573e-02
1.751863397657871246e-03
-3.018744103610515594e-02
-2.546874620020389557e-02
-1.658033207058906555e-02
3.290450200438499451e-03
4.573543556034564972e-03
3.826619591563940048e-03
1.222820114344358444e-02
1.158279553055763245e-01
4.423267021775245667e-02
1.638106815516948700e-02
6.559922546148300171e-02
-4.864710196852684021e-02
-3.319570049643516541e-02
-3.729622438549995422e-02
-3.466840833425521851e-02
-4.936647042632102966e-02
-1.185743734240531921e-01
-7.235037162899971008e-03
2.910164184868335724e-02
-8.344759792089462280e-02
3.976101800799369812e-02
-1.509720832109451294e-02
-1.222335547208786011e-02
2.672064304351806641e-02
7.260773330926895142e-02
-5.545743554830551147e-02
4.660449177026748657e-02
5.289732292294502258e-02
2.456919476389884949e-02
-3.443754091858863831e-02
-5.671260133385658264e-02
5.579358898103237152e-03
-6.312212347984313965e-02
1.672067679464817047e-02
3.066235594451427460e-02
1.255467161536216736e-02
-4.178003221750259399e-02
-4.759580269455909729e-02
5.527403205633163452e-02
2.878754213452339172e-02
-5.624605182674713433e-05
-5.089904181659221649e-03
-3.063655644655227661e-02
1.912952587008476257e-02
1.738872006535530090e-02
-1.164658181369304657e-02
-5.713341012597084045e-02
2.724727801978588104e-02
-4.210048168897628784e-02
-1.961443386971950531e-02
1.631333306431770325e-02
3.908701986074447632e-02
3.933772072196006775e-02
1.269035786390304565e-02
3.051702864468097687e-02
-6.750494241714477539e-02
-7.029996067285537720e-02
-5.001199245452880859e-02
-2.663247473537921906e-02
-4.224513471126556396e-02
-3.668304905295372009e-02
2.429012442007660866e-03
-1.424751896411180496e-02
-2.771097607910633087e-02
-7.720732130110263824e-03
1.221370650455355644e-03
-4.124115034937858582e-02
-2.374264411628246307e-02
-3.305046353489160538e-03
-9.701745212078094482e-02
4.642336443066596985e-02
-4.048797115683555603e-02
-1.553338486701250076e-02
-9.760491549968719482e-03
-3.733384981751441956e-02
4.655299335718154907e-02
-2.799758454784750938e-03
-1.141774281859397888e-02
-7.627715356647968292e-03
1.726839132606983185e-02
8.127546310424804688e-02
5.254535470157861710e-03
5.778539460152387619e-03
7.288417313247919083e-03
-3.569900989532470703e-02
7.144745439291000366e-02
-5.548057146370410919e-03
-1.929314807057380676e-02
-3.075476549565792084e-02
1.544148009270429611e-02
3.025121800601482391e-02
1.648433320224285126e-02
-6.246454641222953796e-02
8.926563709974288940e-02
1.632675714790821075e-02
-2.026718668639659882e-02
9.603767842054367065e-02
-7.957704365253448486e-03
2.570926956832408905e-02
6.776171922683715820e-02
-1.474477816373109818e-03
-3.596575185656547546e-02
-4.353288561105728149e-02
5.823842436075210571e-02
-3.884484618902206421e-02
-5.214145407080650330e-02
-2.539829118177294731e-03
-3.682406991720199585e-02
-3.163212910294532776e-02
6.618095189332962036e-02
5.002439022064208984e-02
2.735110186040401459e-02
-5.776394903659820557e-02
3.075571730732917786e-02
3.986582159996032715e-02
4.623617976903915405e-02
4.465325549244880676e-02
-7.065179757773876190e-03
2.872359193861484528e-02
1.028833165764808655e-02
1.032684650272130966e-02
1.897354610264301300e-02
-4.362675547599792480e-02
2.183793671429157257e-02
-6.325121223926544189e-02
-2.186881005764007568e-02
-2.750227227807044983e-02
-7.801710814237594604e-02
-3.205487271770834923e-03
-4.146785661578178406e-02
8.821611851453781128e-02
3.872388973832130432e-02
3.777058795094490051e-02
4.525902867317199707e-02
4.639821127057075500e-02
-7.796473056077957153e-02
1.146793290972709656e-01
1.756825111806392670e-02
1.716381125152111053e-02
-5.616521462798118591e-02
6.862033158540725708e-02
2.621055394411087036e-02
4.472667723894119263e-02
-8.844207972288131714e-02
-7.570859976112842560e-03
2.405143529176712036e-02
-8.276732265949249268e-02
-3.150806576013565063e-02
3.151205554604530334e-02
-4.273394495248794556e-02
6.083864718675613403e-02
-6.127917394042015076e-02
-4.637440294027328491e-02
3.182464838027954102e-02
9.615363925695419312e-02
2.238022163510322571e-02
-6.480336934328079224e-02
-1.313820108771324158e-02
9.601725265383720398e-03
-1.980711333453655243e-02
2.318337000906467438e-02
-8.089012652635574341e-02
9.525185078382492065e-02
2.530995570123195648e-02
2.904311940073966980e-02
-3.531969152390956879e-03
7.389796897768974304e-03
-4.124877229332923889e-02
-6.566601246595382690e-02
-7.012577354907989502e-02
-7.891365885734558105e-02
4.313968122005462646e-02
3.003645502030849457e-02
2.645401749759912491e-03
1.050833612680435181e-02
2.398172952234745026e-02
2.613930031657218933e-02
3.145846351981163025e-02
4.281067103147506714e-02
-6.884673144668340683e-03
7.390335202217102051e-02
-6.059397384524345398e-02
-2.483354508876800537e-02
1.128092333674430847e-01
3.034061379730701447e-02
-2.956247888505458832e-02
-1.050180941820144653e-01
-3.222537040710449219e-02
4.226770251989364624e-03
4.121942445635795593e-02
1.688090525567531586e-02
-3.666932880878448486e-02
3.323811292648315430e-02
-7.670223712921142578e-03
6.393808126449584961e-02
-6.446211040019989014e-02
2.993548102676868439e-02
-1.542133092880249023e-02
5.958090536296367645e-03
2.795479260385036469e-02
-2.621180564165115356e-02
-6.379426270723342896e-02
1.667422242462635040e-02
5.098163709044456482e-02
6.892393529415130615e-02
-2.886362606659531593e-03
4.845568537712097168e-02
6.256366521120071411e-02
4.718672111630439758e-02
9.649939835071563721e-02
-1.296374108642339706e-02
3.143191337585449219e-02
2.236878126859664917e-02
1.439671148546040058e-03
-4.842703416943550110e-02
-3.908850997686386108e-02
-1.792328432202339172e-02
-5.399877205491065979e-02
-3.499326854944229126e-02
5.714460089802742004e-02
3.361126035451889038e-02
-5.150556564331054688e-02
5.204043164849281311e-02
4.373856633901596069e-02
8.213137835264205933e-02
3.118111193180084229e-02
1.762626133859157562e-02
-4.628083109855651855e-02
3.974107280373573303e-02
6.370765715837478638e-02
6.165672838687896729e-02
2.731835283339023590e-02
2.724099345505237579e-02
-4.369571432471275330e-02
6.005370989441871643e-02
4.576776176691055298e-02
3.658850118517875671e-02
6.979495286941528320e-02
-7.811871916055679321e-02
3.042282722890377045e-02
-9.169482439756393433e-02
-2.672852948307991028e-03
5.498325452208518982e-02
-3.767830878496170044e-02
-3.062201663851737976e-02
9.490916132926940918e-02
-5.770913511514663696e-02
-1.784765534102916718e-02
-2.912481501698493958e-02
4.921074584126472473e-02
-1.585591584444046021e-02
1.523629482835531235e-02
-9.352184832096099854e-03
-2.392058819532394409e-02
-3.492986317723989487e-03
-2.945961616933345795e-02
-9.080918878316879272e-02
-2.393715828657150269e-02
8.922224864363670349e-03
-1.982196979224681854e-02
1.084143519401550293e-01
-6.294785439968109131e-02
3.620427474379539490e-02
3.679620102047920227e-02
1.435202453285455704e-02
-1.824666629545390606e-03
5.200084415264427662e-04
2.698114141821861267e-02
-3.025144524872303009e-02
5.871544592082500458e-03
-1.169961690902709961e-02
-3.931346908211708069e-02
-1.146490406244993210e-02
3.553284332156181335e-02
-4.700202867388725281e-02
-8.628508448600769043e-02
-4.299070686101913452e-02
6.249709799885749817e-02
7.694033533334732056e-02
2.665104530751705170e-02
-2.232629805803298950e-02
-4.467487335205078125e-02
1.575068890815600753e-04
-3.192327171564102173e-02
-2.296140417456626892e-02
-4.783989116549491882e-02
2.176345512270927429e-02
4.576383216772228479e-04
4.746715072542428970e-03
-2.996728010475635529e-02
5.267132073640823364e-03
-2.552093379199504852e-02
-1.276021264493465424e-02
3.213516622781753540e-02
-2.826857753098011017e-02
1.748719625174999237e-02
-6.049909815192222595e-02
1.029324531555175781e-02
-5.444487184286117554e-02
1.520872861146926880e-02
-3.325141966342926025e-02
6.279767304658889771e-02
-3.312759473919868469e-02
-3.253504633903503418e-02
-1.120994915254414082e-03
9.401808679103851318e-02
2.930144593119621277e-02
6.981913745403289795e-02
-2.837489731609821320e-02
7.600822299718856812e-02
-3.068907652050256729e-03
-6.988248974084854126e-02
4.219336435198783875e-03
-5.470006540417671204e-02
-2.392976731061935425e-02
-6.293898820877075195e-02
3.332645446062088013e-02
1.682638563215732574e-02
-6.751619279384613037e-02
5.505460128188133240e-02
5.713245272636413574e-02
-3.300061821937561035e-02
-2.314755879342556000e-02
1.662486232817173004e-03
4.437385126948356628e-03
-1.252828445285558701e-02
-7.877697236835956573e-03
-1.548612490296363831e-02
-7.308045774698257446e-02
-4.381831735372543335e-02
-4.570077173411846161e-03
-3.845513984560966492e-02
-5.210140347480773926e-02
-5.719736218452453613e-02
-5.917913094162940979e-02
1.972529478371143341e-02
-8.651919662952423096e-02
-8.138996548950672150e-03
-6.591402739286422729e-02
2.158259414136409760e-02
4.237473476678133011e-03
-1.198267564177513123e-02
-6.562776397913694382e-03
-2.402683533728122711e-02
-5.991325154900550842e-02
-1.141299866139888763e-02
5.461743101477622986e-02
-1.570251211524009705e-02
-3.285668790340423584e-02
-1.292321532964706421e-01
2.925948007032275200e-03
-2.252247557044029236e-02
1.219333987683057785e-02
1.782786566764116287e-03
-4.810927063226699829e-02
-2.294866368174552917e-03
9.147005528211593628e-02
3.024471364915370941e-02
-6.125419959425926208e-02
7.684702519327402115e-03
-1.589119806885719299e-02
5.820738151669502258e-02
8.423955738544464111e-02
4.659013077616691589e-02
-3.903700038790702820e-03
-2.152187749743461609e-02
5.530192703008651733e-02
5.408255010843276978e-02
-9.020722471177577972e-03
-2.200051024556159973e-02
1.459057349711656570e-02
2.686663344502449036e-02
-9.677615016698837280e-02
-5.369524471461772919e-03
1.419611368328332901e-02
5.261106044054031372e-02
3.367508947849273682e-02
3.985259216278791428e-03
3.010849282145500183e-02
-9.104278683662414551e-02
3.098573908209800720e-02
2.636117488145828247e-02
2.305601164698600769e-02
3.743921592831611633e-02
-3.483935073018074036e-02
-8.673742413520812988e-02
1.056531295180320740e-01
2.040759287774562836e-02
2.446159534156322479e-02
2.848367393016815186e-02
1.831603422760963440e-02
8.011914044618606567e-02
-2.403049170970916748e-02
-1.608683355152606964e-02
-9.275590628385543823e-02
-7.306400686502456665e-03
-2.522391267120838165e-02
5.319236591458320618e-02
6.111174076795578003e-02
3.882137686014175415e-02
5.237347260117530823e-02
-3.670441731810569763e-02
4.045385494828224182e-02
1.081690564751625061e-01
1.800311380065977573e-03
5.885856598615646362e-02
-3.382464929018169641e-04
5.896708369255065918e-02
-1.635482907295227051e-02
3.279290348291397095e-02
1.370272133499383926e-02
1.034961789846420288e-01
-5.191098316572606564e-04
-4.443433508276939392e-02
1.018491480499505997e-02
-2.881774120032787323e-02
7.336915936321020126e-03
-2.930106781423091888e-02
-1.735626533627510071e-02
-2.900912798941135406e-02
8.984793908894062042e-03
2.450522594153881073e-02
-3.100832179188728333e-02
-7.714041043072938919e-03
8.339511603116989136e-02
5.330834537744522095e-03
-7.764673326164484024e-03
-6.663296371698379517e-02
1.369180856272578239e-03
8.413615077733993530e-02
5.978838354349136353e-02
-6.866958457976579666e-03
-2.463642694056034088e-02
-1.224903538823127747e-01
-8.986346423625946045e-03
3.813611343502998352e-02
-1.074107922613620758e-02
4.703100398182868958e-02
-3.278959169983863831e-02
5.991695076227188110e-02
-5.374998599290847778e-02
-3.171332413330674171e-03
4.733645915985107422e-02
-1.780249178409576416e-02
-1.089779194444417953e-02
8.452002704143524170e-02
3.219796717166900635e-02
2.267454750835895538e-02
-5.695519223809242249e-02
2.227023802697658539e-02
-9.050606749951839447e-03
4.198839142918586731e-02
7.676411420106887817e-02
-6.614009849727153778e-03
-3.753881156444549561e-02
4.812708124518394470e-02
1.323733758181333542e-02
-3.736198320984840393e-02
-4.880096018314361572e-02
7.951673120260238647e-02
4.020178690552711487e-02
-4.014034941792488098e-02
-3.656307235360145569e-02
6.838907487690448761e-03
-3.418906778097152710e-02
-5.629503284581005573e-04
-4.522668942809104919e-02
7.198715209960937500e-02
4.362287744879722595e-02
-1.235896628350019455e-02
6.546063721179962158e-02
3.088531270623207092e-02
-4.023233428597450256e-02
5.120854824781417847e-03
7.577247917652130127e-02
3.389716520905494690e-02
7.440971583127975464e-02
5.482137203216552734e-02
1.515930332243442535e-02
9.988863766193389893e-02
9.852042049169540405e-02
1.420810818672180176e-02
1.247614528983831406e-02
-9.391357749700546265e-02
1.308277621865272522e-02
-4.428553581237792969e-02
-1.050363183021545410e-01
6.569296866655349731e-02
-5.583582818508148193e-02
2.660084888339042664e-02
-4.494524002075195312e-02
2.779091894626617432e-02
-4.497579857707023621e-02
-3.457951545715332031e-02
