-2.170217782258987427e-02
1.563834771513938904e-02
1.190731115639209747e-02
4.186877980828285217e-02
-3.185616806149482727e-02
-3.979988023638725281e-02
1.543705072253942490e-02
-1.713981479406356812e-02
-6.263846531510353088e-03
3.706486523151397705e-02
-4.317995905876159668e-02
-4.089071974158287048e-02
5.093297734856605530e-02
5.775168165564537048e-02
-1.071682106703519821e-02
-3.777696192264556885e-02
6.917785853147506714e-02
5.358201637864112854e-02
2.882742881774902344e-02
-2.424971200525760651e-02
-9.840123355388641357e-03
7.144455332309007645e-03
8.743927627801895142e-02
1.602944545447826385e-02
8.293214254081249237e-03
4.707366228103637695e-02
-4.415300488471984863e-02
-1.179922372102737427e-02
3.850102424621582031e-02
-1.002100855112075806e-02
1.718203350901603699e-02
7.418044656515121460e-02
-4.701638594269752502e-02
3.763618692755699158e-02
5.477408319711685181e-02
-5.564144626259803772e-02
-5.175964906811714172e-02
1.751239597797393799e-02
1.034851465374231339e-02
9.345059096813201904e-02
-1.362380851060152054e-02
2.753691002726554871e-02
4.285471513867378235e-02
7.438056170940399170e-02
-3.632730990648269653e-02
-1.647168025374412537e-02
-3.692565718665719032e-03
4.175999760627746582e-02
-3.638184629380702972e-03
1.477622799575328827e-02
-3.329593315720558167e-02
1.104279235005378723e-02
3.596345335245132446e-02
3.897381946444511414e-02
1.482302602380514145e-02
3.243551403284072876e-02
3.501739725470542908e-02
8.115071803331375122e-03
-6.817608606070280075e-03
-6.079076975584030151e-02
-4.310844466090202332e-02
-4.287383705377578735e-02
1.743786269798874855e-03
-4.884382337331771851e-02
-6.674953550100326538e-02
2.177024260163307190e-02
5.841956287622451782e-02
6.663344800472259521e-02
7.159446924924850464e-02
-6.338565796613693237e-02
-5.329293385148048401e-02
3.085189498960971832e-02
6.426918506622314453e-02
-1.077848207205533981e-02
-2.978876605629920959e-02
-4.555909428745508194e-03
-2.609507367014884949e-02
7.625739276409149170e-02
4.934095963835716248e-02
-1.764399166859220713e-05
1.476100739091634750e-02
1.137557346373796463e-02
2.703091129660606384e-02
4.866135772317647934e-03
-8.177128620445728302e-03
1.793229021131992340e-02
2.110292389988899231e-02
1.547412364743649960e-03
-2.300710789859294891e-02
-8.570569753646850586e-02
-6.334543228149414062e-02
-5.687168333679437637e-03
-3.556460514664649963e-02
-1.013243943452835083e-02
-3.027663007378578186e-02
2.180496044456958771e-02
5.678648874163627625e-02
2.089994587004184723e-02
5.170163884758949280e-02
1.385274436324834824e-02
4.736038669943809509e-02
4.447467997670173645e-02
6.458286195993423462e-02
8.765271306037902832e-02
3.327968344092369080e-02
-3.117360919713973999e-02
2.915285713970661163e-02
-6.929749250411987305e-02
-8.073110366240143776e-04
8.496718853712081909e-02
-2.176357898861169815e-03
-2.816352620720863342e-02
-3.002020716667175293e-02
5.442543700337409973e-02
-4.331776499748229980e-02
-5.572108551859855652e-02
1.822836493374779820e-04
7.576585561037063599e-02
1.203408930450677872e-02
-6.859474629163742065e-02
4.285200685262680054e-02
-1.507137622684240341e-02
1.199440211057662964e-01
1.066243126988410950e-01
-3.551471978425979614e-02
4.070173017680644989e-03
-3.363245725631713867e-02
-2.316583693027496338e-02
-2.008878998458385468e-02
-4.329494759440422058e-02
1.165044121444225311e-02
-7.405360229313373566e-03
4.127810895442962646e-02
3.659051284193992615e-02
1.900800270959734917e-03
9.561796672642230988e-03
-3.600887581706047058e-02
8.145049959421157837e-02
6.372074782848358154e-02
1.287864055484533310e-02
-6.380712985992431641e-02
-5.160680040717124939e-02
5.958585813641548157e-02
3.953607811126857996e-04
9.222130174748599529e-04
-1.943206298165023327e-04
-1.655649021267890930e-02
4.249874129891395569e-02
1.648467220366001129e-02
-2.954338304698467255e-02
-1.170601812191307545e-03
2.202937565743923187e-02
1.203069556504487991e-02
-4.202002286911010742e-02
4.921738430857658386e-02
-5.899270996451377869e-02
-3.039200045168399811e-02
-2.929207496345043182e-02
-3.878806903958320618e-02
-3.722265735268592834e-02
-4.647408053278923035e-02
2.118823304772377014e-02
4.848562180995941162e-03
-2.587750367820262909e-02
-8.159425854682922363e-02
-1.085313502699136734e-02
-7.353021204471588135e-02
-5.075197294354438782e-02
-4.186064004898071289e-02
5.597919225692749023e-02
-3.042921423912048340e-02
-3.571933833882212639e-03
4.420079290866851807e-02
-1.990916207432746887e-02
-3.147358447313308716e-02
-6.039701029658317566e-02
8.323919959366321564e-03
1.156729832291603088e-02
-5.398460663855075836e-03
-5.291046691127121449e-04
4.689950123429298401e-02
-9.942942112684249878e-02
-5.397847294807434082e-02
2.353062853217124939e-02
2.295949868857860565e-02
-1.697411574423313141e-02
4.434686526656150818e-02
3.767305240035057068e-02
2.412929758429527283e-02
2.404480986297130585e-02
-1.293375343084335327e-02
6.037317682057619095e-03
4.875361919403076172e-02
-5.230136215686798096e-02
4.890558775514364243e-04
5.760758742690086365e-02
4.058894515037536621e-02
-7.747860252857208252e-02
3.451121598482131958e-02
-1.431037113070487976e-02
2.479811199009418488e-02
-3.099138848483562469e-02
1.370182167738676071e-02
-6.008021906018257141e-02
8.028718642890453339e-03
-1.499750558286905289e-02
1.839325949549674988e-02
1.470265444368124008e-02
-1.734109595417976379e-02
-5.202485993504524231e-02
-3.102834708988666534e-02
-5.170570313930511475e-02
-2.138050273060798645e-02
-3.839214146137237549e-02
7.144247740507125854e-02
5.526182055473327637e-02
-5.642559751868247986e-02
1.441753469407558441e-02
2.966993860900402069e-02
-2.647545188665390015e-02
-5.988476797938346863e-02
1.089953035116195679e-01
1.335642859339714050e-02
-1.269438676536083221e-02
-4.877005890011787415e-02
7.273031026124954224e-02
2.121674641966819763e-02
1.390197221189737320e-02
-3.076857887208461761e-02
-6.164544261991977692e-03
6.860695779323577881e-02
-2.334853867068886757e-03
5.149764195084571838e-02
8.422087132930755615e-02
-5.102244392037391663e-02
2.316066622734069824e-02
2.794948033988475800e-02
2.633769623935222626e-02
-5.496095493435859680e-02
4.532513266894966364e-04
6.310436129570007324e-02
2.745116129517555237e-02
-5.683543533086776733e-02
-3.748638555407524109e-02
-5.489191506057977676e-03
-4.807828459888696671e-03
1.459093019366264343e-02
-1.550209894776344299e-02
6.475166231393814087e-02
1.238289847970008850e-02
2.502763830125331879e-02
-4.007686674594879150e-02
-8.311471343040466309e-02
4.556817188858985901e-02
-1.139228604733943939e-02
1.323786526918411255e-01
-1.094513908028602600e-01
-9.623745083808898926e-02
4.182308912277221680e-04
1.844647713005542755e-02
9.682951867580413818e-02
-6.429746747016906738e-02
-7.772306352853775024e-02
2.580658346414566040e-02
7.861406356096267700e-02
-2.152655273675918579e-02
-3.707635030150413513e-02
-6.851206999272108078e-03
3.114526905119419098e-02
-5.416871979832649231e-02
3.962298855185508728e-02
-3.053124062716960907e-02
-7.380892336368560791e-02
-4.614380747079849243e-02
6.024316884577274323e-03
4.492443054914474487e-03
6.370122078806161880e-03
3.233793750405311584e-02
4.364853724837303162e-02
4.711873456835746765e-02
4.927451163530349731e-02
3.486343100666999817e-02
5.504227429628372192e-02
1.890522800385951996e-02
3.224594146013259888e-02
1.599355973303318024e-02
2.733224816620349884e-02
2.243419736623764038e-02
2.606343291699886322e-02
6.017861142754554749e-02
-1.969095133244991302e-02
-9.166742861270904541e-02
1.602879352867603302e-02
5.366520956158638000e-02
-2.194611914455890656e-02
5.028291791677474976e-02
-2.651715651154518127e-02
1.025713607668876648e-01
2.480802685022354126e-02
4.741399362683296204e-02
6.312240380793809891e-03
-2.213130891323089600e-02
-4.661025479435920715e-03
-6.189596280455589294e-02
5.151108279824256897e-02
5.195550620555877686e-03
2.634447813034057617e-02
9.787675924599170685e-03
3.891691938042640686e-02
5.511432141065597534e-02
-3.438049554824829102e-02
-2.088956302031874657e-03
-2.932767756283283234e-02
-7.763648033142089844e-02
-2.828192710876464844e-02
1.119052618741989136e-02
2.627012692391872406e-02
9.668352082371711731e-03
2.575430460274219513e-02
-4.658054932951927185e-02
-9.505975991487503052e-02
-1.679564081132411957e-02
-4.515779018402099609e-02
-4.617194645106792450e-03
-1.865460723638534546e-02
-3.130289167165756226e-02
-2.506897412240505219e-02
2.366770245134830475e-02
-8.129939436912536621e-03
5.882653221487998962e-02
-1.026276778429746628e-02
2.898354828357696533e-02
-3.973161056637763977e-02
-1.938089355826377869e-02
4.245996475219726562e-03
-1.048717554658651352e-02
-1.162775047123432159e-02
2.269569039344787598e-02
-4.965429380536079407e-02
2.707975357770919800e-02
-4.496233910322189331e-02
-2.293013967573642731e-02
-3.441517939791083336e-03
-4.627797461580485106e-04
-5.407573282718658447e-02
5.118398740887641907e-02
-2.191243320703506470e-02
-2.407363429665565491e-02
-1.988463662564754486e-02
-2.324231341481208801e-02
1.212765462696552277e-03
2.467169240117073059e-02
-4.526409506797790527e-02
-5.608708597719669342e-03
-4.161540418863296509e-03
-4.663031920790672302e-02
-1.099010836333036423e-02
8.662789314985275269e-02
-1.661800965666770935e-02
4.841796308755874634e-02
-1.849340833723545074e-02
-2.542055211961269379e-02
-1.180620491504669189e-01
-5.026206746697425842e-02
-2.145048975944519043e-02
-4.505885392427444458e-02
1.031472161412239075e-01
-1.839421503245830536e-02
-2.693718485534191132e-02
3.409034013748168945e-02
-3.904596343636512756e-02
6.478811055421829224e-02
-5.015677213668823242e-02
2.160752564668655396e-02
5.841364152729511261e-03
-2.133718132972717285e-02
8.761085569858551025e-02
6.334148347377777100e-02
2.208327874541282654e-02
-1.881877519190311432e-02
-3.827553242444992065e-02
6.410629302263259888e-02
-5.268787499517202377e-03
6.818667054176330566e-02
3.418277204036712646e-02
-3.309266641736030579e-03
1.644000783562660217e-02
1.225545816123485565e-02
5.920334905385971069e-02
2.808270230889320374e-02
-8.303052932024002075e-02
6.456699222326278687e-02
-1.400947663933038712e-02
-5.833248049020767212e-02
-3.886746615171432495e-02
-9.797490201890468597e-03
-6.330622732639312744e-02
1.058241631835699081e-02
-6.843821704387664795e-02
-1.056010946631431580e-01
-1.397295296192169189e-02
7.952903211116790771e-02
1.528357714414596558e-02
-3.671654686331748962e-02
2.936210250481963158e-03
2.723652496933937073e-02
-1.840468123555183411e-02
-9.607817977666854858e-03
5.219875276088714600e-02
1.208544708788394928e-02
5.344883352518081665e-02
1.151587627828121185e-02
1.090557686984539032e-02
-2.982879988849163055e-02
-4.561189562082290649e-02
-5.400009825825691223e-02
1.697076112031936646e-02
-3.830158710479736328e-02
2.351233363151550293e-02
8.803938329219818115e-02
-7.612525485455989838e-03
-1.782356528565287590e-03
2.441342361271381378e-02
2.977619878947734833e-02
-9.445869363844394684e-03
-4.542089253664016724e-02
-1.661939173936843872e-02
4.002549126744270325e-02
9.081613272428512573e-03
-5.748074874281883240e-02
-4.041628539562225342e-02
8.354516699910163879e-03
-1.464629080146551132e-02
-3.914754837751388550e-02
2.259431406855583191e-02
-1.103992387652397156e-01
5.106919445097446442e-03
-8.012640476226806641e-02
-1.009987965226173401e-01
4.345671832561492920e-02
-4.126366972923278809e-02
2.964918874204158783e-02
-1.286261994391679764e-02
1.526960823684930801e-02
-1.014973223209381104e-02
-7.618910074234008789e-02
4.997901618480682373e-02
-3.843448311090469360e-02
-3.043264709413051605e-02
4.565145447850227356e-02
-4.021209850907325745e-02
5.478511005640029907e-02
-4.059115052223205566e-02
3.549653291702270508e-02
2.234942466020584106e-02
-8.347146213054656982e-02
-3.685914725065231323e-02
-1.132278796285390854e-02
4.079289361834526062e-02
1.112475153058767319e-02
5.264484137296676636e-02
-2.020270936191082001e-02
9.428365156054496765e-03
3.167124465107917786e-03
1.572484709322452545e-02
6.680550053715705872e-03
2.071954077109694481e-03
-3.519257530570030212e-02
-4.523319005966186523e-02
-2.524461224675178528e-02
-2.821971848607063293e-02
-8.495897985994815826e-03
7.814529538154602051e-02
-4.786395467817783356e-03
8.451742120087146759e-03
-1.225211750715970993e-02
-1.278716139495372772e-02
-6.303957104682922363e-02
-2.424851246178150177e-02
-1.893911510705947876e-02
1.107188090682029724e-01
-9.155097603797912598e-02
-1.623862981796264648e-02
1.757071353495121002e-02
3.603407740592956543e-02
-1.573966816067695618e-02
6.298171728849411011e-02
1.631195843219757080e-02
-1.988802477717399597e-02
2.290667779743671417e-02
-4.034420475363731384e-02
-5.339308083057403564e-02
1.526766456663608551e-02
3.670987440273165703e-03
-6.264636665582656860e-02
7.996418513357639313e-03
5.968736484646797180e-02
-2.094090357422828674e-02
1.764265238307416439e-03
3.569922968745231628e-02
-1.041603088378906250e-02
1.885106414556503296e-02
2.124718949198722839e-02
1.116450596600770950e-02
-9.613773971796035767e-02
-3.778116777539253235e-03
-3.505254164338111877e-02
2.001375518739223480e-02
7.527257781475782394e-03
7.446192204952239990e-02
6.775711476802825928e-02
3.332189843058586121e-02
5.878358334302902222e-02
2.919125184416770935e-02
-3.377243410795927048e-03
2.462409064173698425e-02
3.525811806321144104e-02
-2.512486092746257782e-02
2.511218190193176270e-02
2.316174097359180450e-03
-6.399261951446533203e-02
5.132068321108818054e-02
-3.089886717498302460e-02
-1.128168497234582901e-02
6.251040101051330566e-02
-4.162403568625450134e-02
-2.983292564749717712e-02
-5.066861212253570557e-02
2.044444717466831207e-02
-2.974026836454868317e-02
8.849949575960636139e-03
1.589128747582435608e-02
-6.778485327959060669e-02
-2.922393940389156342e-02
-6.079883128404617310e-02
-1.983293890953063965e-02
4.251038655638694763e-02
6.909445673227310181e-02
5.319478362798690796e-02
-2.982085198163986206e-02
4.842320084571838379e-02
1.103292778134346008e-02
2.697616815567016602e-02
-3.204409405589103699e-02
2.687241882085800171e-02
9.310665540397167206e-03
3.360843285918235779e-02
-8.261743932962417603e-03
6.761056184768676758e-02
7.051435112953186035e-02
-1.593227498233318329e-02
-6.074901670217514038e-02
1.590985246002674103e-02
-4.722244292497634888e-02
-1.100446563214063644e-02
-2.925609238445758820e-02
2.896793372929096222e-02
-1.854473911225795746e-02
8.566123247146606445e-02
1.252653449773788452e-02
-2.021698094904422760e-02
2.657566592097282410e-02
1.423605717718601227e-02
3.574004396796226501e-02
1.901546120643615723e-02
-1.781515590846538544e-02
-9.835572913289070129e-03
7.637918926775455475e-03
-4.758272692561149597e-02
-4.730412736535072327e-02
1.040791510604321957e-03
4.978268221020698547e-02
4.802559316158294678e-02
6.632068008184432983e-02
-4.175205156207084656e-02
2.173207700252532959e-02
5.059007927775382996e-02
6.695595383644104004e-02
3.961861133575439453e-02
-3.910773620009422302e-02
-4.033772274851799011e-02
-6.289730221033096313e-02
-1.614739448996260762e-04
8.032271638512611389e-03
-4.636955913156270981e-03
2.765233814716339111e-02
-5.692122504115104675e-02
1.146297249943017960e-02
2.343786880373954773e-02
2.599416300654411316e-02
5.541797727346420288e-02
8.662321418523788452e-02
3.818392008543014526e-02
-3.007439710199832916e-02
-6.450700014829635620e-02
7.940208911895751953e-02
-2.710759080946445465e-02
-1.927444711327552795e-02
1.953576691448688507e-02
-1.944988965988159180e-03
2.944175526499748230e-02
5.534689500927925110e-02
-7.714565843343734741e-03
4.628403484821319580e-02
6.507636606693267822e-02
-3.442544117569923401e-02
-6.790529005229473114e-03
-2.901557087898254395e-02
2.317377924919128418e-02
4.160038381814956665e-02
2.296550385653972626e-02
-1.970878802239894867e-02
-1.816523820161819458e-02
3.754804143682122231e-03
-6.615366786718368530e-02
-1.953636528924107552e-03
2.744684368371963501e-02
-4.367531463503837585e-02
6.658829003572463989e-02
7.824705541133880615e-02
-1.619004830718040466e-02
-2.607628144323825836e-02
-6.261292099952697754e-02
-2.083571627736091614e-02
-3.037988394498825073e-02
5.005293339490890503e-02
3.960790485143661499e-02
6.214791536331176758e-02
-7.478526793420314789e-03
5.243457108736038208e-02
5.939233303070068359e-02
-5.636709555983543396e-02
-5.604902748018503189e-03
2.503236196935176849e-02
-4.475334193557500839e-03
5.407282710075378418e-02
5.532512068748474121e-02
8.129197359085083008e-02
5.863462761044502258e-02
1.015009284019470215e-01
-6.962662190198898315e-02
4.546588286757469177e-02
2.840739861130714417e-02
4.418144747614860535e-02
-7.720462977886199951e-03
1.417980249971151352e-02
-1.489167567342519760e-02
8.435337804257869720e-03
-4.874739050865173340e-02
7.936516404151916504e-02
6.141158286482095718e-03
7.656615972518920898e-02
-5.494945123791694641e-02
2.995160408318042755e-02
-1.219358481466770172e-02
-4.077943041920661926e-02
-3.512695059180259705e-02
-2.841193787753582001e-02
1.543446443974971771e-03
5.490802973508834839e-02
-4.161346703767776489e-02
7.667562365531921387e-02
-3.225625306367874146e-02
-1.742011494934558868e-02
-1.828606473281979561e-03
3.018811717629432678e-02
-2.580948546528816223e-02
1.955337263643741608e-02
-6.198702380061149597e-02
1.555057521909475327e-02
2.058453671634197235e-02
9.738941676914691925e-03
-9.298098832368850708e-02
-5.298712477087974548e-02
1.051353663206100464e-01
2.779856324195861816e-02
5.577873811125755310e-02
-5.974477529525756836e-02
1.587051339447498322e-02
-2.158490009605884552e-02
5.296705663204193115e-02
-1.664222963154315948e-02
-7.166055589914321899e-02
-5.606840550899505615e-02
-6.020339950919151306e-02
-6.230777129530906677e-02
1.686432585120201111e-02
2.167958766222000122e-02
-6.650315225124359131e-02
7.378496229648590088e-02
-1.737799122929573059e-02
-7.921861857175827026e-02
2.847322821617126465e-02
7.185500115156173706e-02
-2.201143652200698853e-03
4.846362024545669556e-02
3.185962513089179993e-02
-1.921967230737209320e-02
4.090904444456100464e-02
-1.958472467958927155e-02
-1.378804538398981094e-02
-6.826230883598327637e-02
-4.221065342426300049e-02
6.188124418258666992e-02
-5.496390629559755325e-03
3.095345757901668549e-02
-4.475432448089122772e-03
1.749456673860549927e-02
1.102134305983781815e-02
1.097448319196701050e-01
6.746437400579452515e-03
3.327964991331100464e-02
-1.533240079879760742e-02
-9.172087907791137695e-02
3.331422805786132812e-02
8.244986645877361298e-03
-2.877049706876277924e-02
-4.039563704282045364e-03
2.662366442382335663e-02
-2.572802128270268440e-03
-5.799476057291030884e-03
-1.184001713991165161e-01
3.027930110692977905e-02
-2.717541903257369995e-02
-1.081916224211454391e-02
5.917230993509292603e-02
2.876823209226131439e-02
-2.221875637769699097e-02
-6.515268702059984207e-03
2.992033492773771286e-03
2.190216071903705597e-02
-2.086513675749301910e-02
5.915946513414382935e-02
1.137297134846448898e-02
6.959988921880722046e-02
-2.941210754215717316e-02
-9.247528761625289917e-02
-1.470363978296518326e-02
-3.776624053716659546e-02
3.326909989118576050e-02
5.336161702871322632e-02
-5.457613989710807800e-02
-4.285380244255065918e-02
-5.202369391918182373e-02
-2.354002790525555611e-03
-2.975121326744556427e-02
-1.521345973014831543e-01
1.575646251440048218e-01
2.923783659934997559e-02
3.283043578267097473e-02
-4.193781688809394836e-02
4.258924722671508789e-02
8.213602751493453979e-02
3.708475455641746521e-02
-7.696013431996107101e-03
-7.620830833911895752e-02
5.275851488113403320e-02
9.817887097597122192e-03
6.388815492391586304e-02
-8.465555496513843536e-03
-2.911738492548465729e-02
-7.843089848756790161e-02
-5.695538595318794250e-02
-2.455147169530391693e-02
9.399193525314331055e-02
-5.111197754740715027e-02
-2.469121944159269333e-03
1.312224566936492920e-02
-4.570382833480834961e-02
3.113116323947906494e-02
4.617065936326980591e-02
9.108092635869979858e-02
3.413122519850730896e-02
-2.734954655170440674e-02
2.689507417380809784e-02
-1.729686930775642395e-02
-2.251172438263893127e-02
1.625588396564126015e-03
5.039009079337120056e-02
-4.239374399185180664e-02
-4.629905149340629578e-02
-4.802328348159790039e-02
2.045807056128978729e-02
-9.175451472401618958e-03
-5.035896971821784973e-02
-7.100377976894378662e-02
6.114576011896133423e-02
-2.215423993766307831e-02
9.766501188278198242e-02
-6.626830250024795532e-02
1.501894649118185043e-02
-1.012450456619262695e-01
3.502517938613891602e-02
-2.648460678756237030e-02
-4.737960919737815857e-02
1.181386224925518036e-02
-7.201254367828369141e-02
-1.847243122756481171e-02
-2.059944160282611847e-02
7.492505013942718506e-02
1.448022015392780304e-02
6.171306595206260681e-02
4.106809571385383606e-02
7.156014442443847656e-03
-6.252928823232650757e-02
3.631173074245452881e-02
7.042494416236877441e-02
-7.639992516487836838e-03
5.367214232683181763e-02
-4.326814785599708557e-02
-5.124009214341640472e-03
-3.654823079705238342e-02
-5.372582934796810150e-03
-4.307489842176437378e-02
1.291010994464159012e-02
2.554291673004627228e-02
-1.092478185892105103e-01
3.621767833828926086e-02
-7.886230945587158203e-02
-5.577294528484344482e-02
-5.808997899293899536e-02
-1.064196079969406128e-01
9.448299184441566467e-03
2.361001633107662201e-02
7.896430790424346924e-02
-2.859770506620407104e-02
-3.030346333980560303e-02
-1.772523112595081329e-02
-5.050807073712348938e-02
6.165213137865066528e-02
6.015222053974866867e-03
6.226063705980777740e-03
2.019926533102989197e-02
-6.343275308609008789e-02
-1.282401531934738159e-01
-2.625991031527519226e-02
-8.734383620321750641e-03
-2.368113398551940918e-02
-5.716061219573020935e-03
6.242312118411064148e-02
6.101718917489051819e-02
-4.176700487732887268e-02
-8.501063100993633270e-03
1.786765083670616150e-02
7.247847970575094223e-03
-6.676020473241806030e-02
3.515182435512542725e-02
-9.288796037435531616e-02
-4.212580621242523193e-03
1.038022898137569427e-02
4.508905485272407532e-02
-4.542876780033111572e-02
1.561434008181095123e-02
2.804389223456382751e-02
-3.919680044054985046e-02
7.290804386138916016e-02
-4.652827233076095581e-02
3.648407384753227234e-02
8.658566325902938843e-02
3.419826179742813110e-02
9.560490399599075317e-02
1.166680594906210899e-03
-1.688238978385925293e-02
-4.514564573764801025e-02
4.417315125465393066e-02
-3.288568987045437098e-04
4.364885389804840088e-03
3.532851487398147583e-02
-1.236024964600801468e-02
-1.616914756596088409e-02
-6.369218975305557251e-02
-1.925133541226387024e-02
-2.446552552282810211e-02
-3.985364735126495361e-02
6.028670445084571838e-02
5.442538857460021973e-02
-6.811834871768951416e-02
-1.716237748041749001e-03
-2.614805288612842560e-02
-2.058009244501590729e-02
-1.812008768320083618e-02
2.625843882560729980e-02
-8.267131634056568146e-03
-2.519712597131729126e-02
3.363988548517227173e-02
-4.983461461961269379e-03
4.518828541040420532e-02
-2.256086654961109161e-02
5.869905278086662292e-02
-6.724089384078979492e-02
-2.114125713706016541e-02
1.933475397527217865e-02
6.138031557202339172e-02
-5.347945541143417358e-02
3.857732226606458426e-04
5.390005931258201599e-02
-8.683333545923233032e-02
9.185091406106948853e-02
-1.034114230424165726e-02
1.655667461454868317e-02
1.747326366603374481e-02
-1.409925892949104309e-02
-7.052337378263473511e-02
-3.699959814548492432e-02
7.851771661080420017e-04
-1.901178620755672455e-03
-8.689934015274047852e-02
-1.492276787757873535e-02
1.498271129094064236e-03
-3.014107234776020050e-02
4.606114234775304794e-03
-4.500300623476505280e-03
-3.824879974126815796e-02
-3.152502328157424927e-02
-6.973952054977416992e-02
2.356173470616340637e-02
4.232344403862953186e-02
-7.785010337829589844e-02
-1.228543464094400406e-02
9.998406283557415009e-03
6.653273850679397583e-02
4.086374305188655853e-03
5.270258337259292603e-02
6.374395638704299927e-02
2.009986154735088348e-02
-8.039472997188568115e-02
3.982157260179519653e-02
-1.547885185573250055e-04
2.036822587251663208e-02
5.788616091012954712e-02
-2.039944054558873177e-03
1.611445844173431396e-02
7.639268785715103149e-02
2.005143277347087860e-02
-1.956745982170104980e-02
-7.699176669120788574e-02
5.972690507769584656e-02
-1.129281520843505859e-02
2.342438139021396637e-02
3.229412063956260681e-02
3.620665147900581360e-02
1.700619794428348541e-02
2.547046169638633728e-02
-1.622640341520309448e-02
-4.970011860132217407e-02
9.073866903781890869e-02
-5.672060325741767883e-02
-4.195893555879592896e-02
4.708812758326530457e-02
-3.416248038411140442e-02
-5.563241243362426758e-02
2.941343933343887329e-02
9.143749624490737915e-02
-2.095361053943634033e-02
1.033251881599426270e-01
5.162435770034790039e-02
3.140250220894813538e-02
-3.099545650184154510e-02
-3.477964550256729126e-02
4.117786884307861328e-02
-1.115669030696153641e-02
-7.413658499717712402e-02
3.582730889320373535e-02
-2.181248553097248077e-02
5.530166625976562500e-02
-1.521514641353860497e-04
1.007397100329399109e-01
2.273685298860073090e-02
2.831587754189968109e-02
-1.359235681593418121e-02
-4.656302928924560547e-02
-1.774238049983978271e-02
-2.001205272972583771e-02
4.031421244144439697e-02
-1.968152262270450592e-02
1.015163660049438477e-01
9.411934763193130493e-02
1.989564672112464905e-02
3.530336171388626099e-02
2.870765700936317444e-02
1.302651781588792801e-02
2.876994945108890533e-02
-1.009339839220046997e-02
9.290838614106178284e-03
-8.023742586374282837e-02
-4.300162196159362793e-02
4.703979194164276123e-02
-1.398619171231985092e-02
-2.548837661743164062e-02
-8.505811542272567749e-02
-3.473456203937530518e-02
5.608564615249633789e-02
5.001244135200977325e-03
8.763128891587257385e-03
-1.202887948602437973e-02
-2.121825702488422394e-02
-1.967420103028416634e-03
2.857199637219309807e-03
-2.248061448335647583e-02
2.220298722386360168e-02
2.595982700586318970e-02
-8.122360706329345703e-02
3.272966295480728149e-02
5.020203534513711929e-03
2.676610834896564484e-02
7.720801979303359985e-02
-3.566769137978553772e-02
-1.337852235883474350e-02
-9.177014231681823730e-03
-4.988478496670722961e-02
-1.554324012249708176e-02
6.341928988695144653e-02
-6.425754725933074951e-02
-3.147434070706367493e-02
2.613609656691551208e-02
8.223584294319152832e-02
-1.891907490789890289e-02
1.779999956488609314e-02
-8.753541857004165649e-02
-4.403178021311759949e-02
8.615028113126754761e-03
5.659526586532592773e-02
-4.299237392842769623e-03
-6.861750036478042603e-02
