-4.699002206325531006e-02
-6.403569877147674561e-02
-7.401681691408157349e-02
1.730037666857242584e-02
-4.254890233278274536e-02
3.348382562398910522e-02
7.532805902883410454e-04
2.290770038962364197e-02
7.773442566394805908e-02
4.918061196804046631e-03
3.740051062777638435e-03
1.034873258322477341e-02
-3.130967263132333755e-03
1.324548106640577316e-02
-6.864957045763731003e-03
1.356955897063016891e-02
-3.722219914197921753e-02
-7.387505471706390381e-02
-2.644435316324234009e-02
-6.058475002646446228e-02
3.565429896116256714e-02
-7.392290234565734863e-02
2.780647948384284973e-03
6.956987828016281128e-02
-4.630966484546661377e-02
1.709396764636039734e-02
-4.109456017613410950e-02
-2.534311637282371521e-02
5.604967847466468811e-02
5.118235014379024506e-03
-1.191747933626174927e-02
-5.858016759157180786e-02
9.168865159153938293e-03
3.216851875185966492e-02
-5.085382983088493347e-02
5.148619413375854492e-02
2.296635694801807404e-02
6.675533950328826904e-03
2.666853927075862885e-02
-4.693252593278884888e-02
-2.734129317104816437e-03
1.156632136553525925e-02
2.680161595344543457e-02
1.353000849485397339e-02
-5.406954884529113770e-02
4.802022129297256470e-02
-3.546423092484474182e-02
-2.403845079243183136e-03
1.774724014103412628e-02
7.042514532804489136e-02
6.764433812350034714e-03
-1.324536278843879700e-02
-2.502888813614845276e-02
6.098736543208360672e-03
-1.541640702635049820e-02
5.670635960996150970e-03
-3.067172504961490631e-02
2.931030467152595520e-02
-1.562546379864215851e-02
6.476599257439374924e-03
-2.028791420161724091e-02
-2.074680477380752563e-02
6.186477839946746826e-02
-5.777983367443084717e-02
-7.796165533363819122e-03
-4.888587631285190582e-03
-1.242976076900959015e-02
-2.781792171299457550e-02
-5.805687978863716125e-03
1.162665784358978271e-01
5.033068358898162842e-03
-1.461896952241659164e-02
5.236505344510078430e-02
-8.804569020867347717e-03
1.252027973532676697e-02
-2.279521711170673370e-02
-1.096647884696722031e-02
2.160513028502464294e-02
-1.347855385392904282e-02
-2.981238625943660736e-02
1.587904430925846100e-02
7.856484502553939819e-02
5.472588539123535156e-02
-7.832632400095462799e-03
4.125337675213813782e-02
-3.281741589307785034e-02
4.810826852917671204e-03
2.918121591210365295e-02
-6.874743103981018066e-02
-6.532192230224609375e-03
-1.536617614328861237e-02
4.513964429497718811e-02
2.467188239097595215e-02
-4.535872861742973328e-02
3.739118576049804688e-02
2.788032591342926025e-02
1.530367974191904068e-02
1.927190087735652924e-02
3.319764882326126099e-02
7.174417842179536819e-03
8.051570621319115162e-04
-2.576057426631450653e-02
7.134123146533966064e-02
-2.173859626054763794e-02
5.929167196154594421e-02
-3.933304548263549805e-02
9.809800237417221069e-02
-2.043876424431800842e-02
1.585397683084011078e-02
-7.988454774022102356e-03
-2.098165079951286316e-02
2.283568494021892548e-02
1.133031025528907776e-02
-2.258532680571079254e-02
1.663438603281974792e-02
-2.186999656260013580e-02
2.465196885168552399e-02
5.632975697517395020e-02
-4.308647662401199341e-02
-6.796144694089889526e-02
4.721145704388618469e-02
2.723143249750137329e-02
-3.820247575640678406e-02
5.232531949877738953e-02
3.704515472054481506e-02
2.781898155808448792e-02
-7.505766302347183228e-02
-3.291191533207893372e-02
-1.122563257813453674e-01
-6.616117060184478760e-02
-2.242027316242456436e-03
3.963154926896095276e-02
-2.498242072761058807e-03
8.046518079936504364e-03
-1.714671775698661804e-02
6.865343451499938965e-02
-2.855634689331054688e-02
-5.337578058242797852e-02
4.881966859102249146e-02
-3.456485271453857422e-02
7.996241003274917603e-02
1.140520442277193069e-02
4.277309402823448181e-02
-5.402806401252746582e-02
-5.961877759546041489e-03
-2.498235926032066345e-02
7.802519947290420532e-03
-4.485846310853958130e-02
1.573118381202220917e-02
1.814126269891858101e-03
-6.788001954555511475e-02
-2.671511378139257431e-03
6.921776104718446732e-03
-3.220343962311744690e-02
2.589934691786766052e-02
-5.386796966195106506e-02
5.270225927233695984e-02
-1.783776655793190002e-02
-2.796494588255882263e-02
-3.401227667927742004e-02
5.794116854667663574e-02
2.240962348878383636e-02
3.888982534408569336e-02
-1.989780552685260773e-02
-2.914244867861270905e-02
4.969400912523269653e-02
3.982715308666229248e-03
1.913261041045188904e-02
1.368877943605184555e-02
1.153837796300649643e-02
9.341784752905368805e-03
4.951168224215507507e-02
-7.870713598094880581e-04
-2.161635644733905792e-02
-9.486322291195392609e-03
-8.083758875727653503e-03
4.075908660888671875e-02
-1.637239195406436920e-02
1.069043204188346863e-02
-3.804247453808784485e-02
1.347059290856122971e-02
-2.561730891466140747e-02
-2.089167572557926178e-02
1.178677659481763840e-02
1.708051376044750214e-02
5.385236069560050964e-02
4.890472069382667542e-02
5.192745011299848557e-03
1.932491175830364227e-02
-9.363655000925064087e-02
1.374811213463544846e-02
-4.239263758063316345e-02
6.890378892421722412e-03
1.692157611250877380e-02
2.943614870309829712e-02
-4.973749443888664246e-02
-2.596449851989746094e-02
6.615943461656570435e-02
-4.421019181609153748e-02
-1.500553730875253677e-02
1.426979247480630875e-02
3.928185626864433289e-02
2.123898640275001526e-02
-4.216787219047546387e-02
2.256295830011367798e-02
-2.388700284063816071e-02
-2.342421747744083405e-02
7.761342078447341919e-02
-2.653076080605387688e-03
3.501672297716140747e-02
-4.460854828357696533e-02
-1.756140589714050293e-02
-5.187211558222770691e-02
4.483829066157341003e-02
-1.719324849545955658e-02
3.007107228040695190e-02
-5.578994750976562500e-02
-1.296158996410667896e-03
-4.194339737296104431e-02
-4.979011043906211853e-02
3.138742223381996155e-02
-3.798982128500938416e-02
-3.842091932892799377e-02
3.220058232545852661e-02
4.131237044930458069e-02
-3.891378641128540039e-02
-6.236993521451950073e-02
4.580995533615350723e-03
1.532015018165111542e-02
-3.017555689439177513e-03
-2.431116625666618347e-02
-4.083942249417304993e-02
5.144928768277168274e-02
2.406332083046436310e-02
1.867494545876979828e-02
7.366133388131856918e-03
1.359957037493586540e-03
4.062048718333244324e-02
-5.845377966761589050e-02
-2.680560201406478882e-02
3.100387006998062134e-02
-1.035706792026758194e-02
9.805892407894134521e-02
-2.848266856744885445e-03
2.336164750158786774e-02
1.323186606168746948e-02
9.141257032752037048e-03
-8.101744949817657471e-02
1.500690262764692307e-02
4.304628074169158936e-02
3.040599403902888298e-03
-1.805118471384048462e-02
6.229066848754882812e-02
2.498071454465389252e-02
2.637916617095470428e-02
-1.452007051557302475e-02
2.280862070620059967e-02
-3.807902336120605469e-03
-6.947743147611618042e-02
1.365660503506660461e-02
-1.493379659950733185e-02
1.244913041591644287e-02
-3.366144606843590736e-03
5.374671425670385361e-03
5.187975708395242691e-03
6.380785722285509109e-03
4.265832155942916870e-02
3.207353875041007996e-02
-1.849577575922012329e-02
-1.209961995482444763e-02
3.815915435552597046e-03
-5.176079645752906799e-02
-3.916428610682487488e-02
-3.351996466517448425e-02
-4.606092721223831177e-02
-1.521226391196250916e-02
5.244034156203269958e-02
-2.261611074209213257e-02
4.432752355933189392e-02
5.472582206130027771e-02
-8.995701372623443604e-02
7.237502187490463257e-02
-1.544640399515628815e-02
-7.885754853487014771e-02
-4.314689338207244873e-02
-4.933413583785295486e-03
-4.283652082085609436e-02
1.135013625025749207e-02
5.683229118585586548e-02
-9.418739378452301025e-02
2.166678011417388916e-02
4.108310863375663757e-02
7.625853177160024643e-03
1.345143839716911316e-02
-2.438729442656040192e-02
7.220679894089698792e-03
-4.217297956347465515e-02
-8.806730620563030243e-03
-1.443305239081382751e-02
3.425155580043792725e-02
-8.161056041717529297e-02
2.278957254020497203e-04
4.086033627390861511e-02
-5.130198784172534943e-03
-8.522091805934906006e-02
-4.129633679986000061e-02
-5.607388447970151901e-03
-4.644533991813659668e-02
1.002015396952629089e-01
2.004603855311870575e-02
-2.232562378048896790e-02
1.010488905012607574e-02
-1.118155568838119507e-02
-2.904447726905345917e-02
3.205870045349001884e-03
2.570776268839836121e-02
8.027191273868083954e-03
-4.573102667927742004e-02
1.050313860177993774e-01
7.772062718868255615e-02
1.957636512815952301e-02
-3.312890185043215752e-03
6.847457587718963623e-02
5.685869231820106506e-02
-1.328986696898937225e-02
3.645538166165351868e-02
5.412749573588371277e-02
1.568633597344160080e-03
-4.079047217965126038e-02
-1.141768507659435272e-02
-3.775547957047820091e-03
-6.470419466495513916e-02
-3.852061461657285690e-03
-5.460525304079055786e-02
-1.833278872072696686e-02
1.589553989470005035e-02
-5.028901621699333191e-02
2.722115628421306610e-02
-2.716471813619136810e-02
2.449886687099933624e-02
-2.028446644544601440e-02
8.912014216184616089e-02
5.125406756997108459e-02
1.593792065978050232e-02
-6.700494885444641113e-02
4.558290913701057434e-02
-2.178160101175308228e-02
-4.255724698305130005e-02
-4.914794489741325378e-02
1.452747173607349396e-02
-2.176495641469955444e-02
-6.059487350285053253e-03
4.645066335797309875e-03
5.695226788520812988e-02
6.036918237805366516e-02
-3.241472179070115089e-03
3.643599525094032288e-02
5.754961073398590088e-02
4.814730584621429443e-02
-1.752084866166114807e-02
-4.069218039512634277e-02
1.013885345309972763e-02
-2.512004040181636810e-02
-3.696735203266143799e-02
-2.535860054194927216e-02
-2.956115268170833588e-02
-2.314599044620990753e-02
-3.782056644558906555e-02
-2.205150760710239410e-02
-4.314522724598646164e-03
-3.801260516047477722e-02
3.028522245585918427e-02
4.247525706887245178e-02
-7.264571730047464371e-03
1.104657724499702454e-02
-3.068823553621768951e-02
-5.202081799507141113e-02
-1.255805138498544693e-02
3.101183660328388214e-02
2.551285549998283386e-02
2.503531426191329956e-02
-1.320179644972085953e-02
-3.060183860361576080e-02
-3.816557303071022034e-02
5.576924979686737061e-02
-1.202066093683242798e-01
2.808578079566359520e-03
-2.510019391775131226e-02
-2.874491363763809204e-02
-9.150516986846923828e-02
-1.469460036605596542e-02
1.227230019867420197e-02
-1.564804650843143463e-02
5.633390042930841446e-03
2.494778856635093689e-02
6.145757064223289490e-02
-2.302200719714164734e-02
3.151920065283775330e-02
-6.689427793025970459e-02
-8.375643193721771240e-02
-5.333110690116882324e-02
2.309744060039520264e-02
-5.974847078323364258e-02
-1.735422760248184204e-02
-7.650136947631835938e-02
1.017045974731445312e-02
8.765657432377338409e-03
-5.604790523648262024e-02
4.765854682773351669e-03
-5.541469529271125793e-02
-7.813713513314723969e-03
-3.790160268545150757e-02
-2.853654697537422180e-02
-3.333109989762306213e-02
2.523578144609928131e-02
4.019931331276893616e-02
-1.180516704916954041e-01
-8.487419225275516510e-03
1.035639345645904541e-01
3.092437237501144409e-02
3.602287918329238892e-02
1.944767311215400696e-03
-1.519846636801958084e-02
-1.037967205047607422e-02
4.931230098009109497e-02
2.902313508093357086e-02
-7.243745028972625732e-02
-3.190210461616516113e-02
6.292840093374252319e-02
-2.453078888356685638e-02
-4.896328598260879517e-02
-5.126800015568733215e-02
-4.070554394274950027e-03
8.315408229827880859e-02
-8.598394691944122314e-03
-3.390707448124885559e-02
-6.240809708833694458e-02
2.873178571462631226e-02
-2.780951559543609619e-02
-1.257785316556692123e-02
-2.397097088396549225e-02
3.912303969264030457e-02
1.917573250830173492e-02
1.206408813595771790e-02
-4.072185605764389038e-02
4.092568904161453247e-02
4.710349068045616150e-02
1.757816225290298462e-02
-6.447748839855194092e-02
-4.634378477931022644e-02
-1.294911187142133713e-02
6.350559648126363754e-03
1.096543710445985198e-04
2.201836742460727692e-02
-6.102406606078147888e-02
-1.153350621461868286e-02
-1.683577895164489746e-02
7.227079570293426514e-02
-1.885766629129648209e-03
-2.456506341695785522e-02
-8.650512248277664185e-02
-1.021450618281960487e-03
-2.340486459434032440e-02
-4.901748895645141602e-02
4.790155217051506042e-02
3.470412641763687134e-02
1.878635026514530182e-02
2.772195730358362198e-03
8.366056531667709351e-02
8.314901031553745270e-03
-5.146119743585586548e-03
-3.318514674901962280e-02
7.881090044975280762e-03
9.023585356771945953e-03
5.916125699877738953e-02
1.457407698035240173e-02
3.118676692247390747e-02
3.527861833572387695e-02
-1.215297821909189224e-02
-1.807169173844158649e-03
-2.206423878669738770e-02
-3.824868425726890564e-02
6.716243177652359009e-02
-1.922918297350406647e-02
-4.706501215696334839e-02
3.260004520416259766e-02
2.841564593836665154e-03
-2.511478960514068604e-02
2.938158251345157623e-02
3.189614415168762207e-02
6.179147213697433472e-02
1.015426777303218842e-02
1.738389022648334503e-02
-1.193206477910280228e-02
9.175424464046955109e-03
4.950783401727676392e-02
-3.958431538194417953e-03
1.512993872165679932e-02
-3.790664300322532654e-02
6.878740340471267700e-02
6.671389192342758179e-02
1.851721550337970257e-03
-3.177834302186965942e-02
1.030420139431953430e-02
1.225694082677364349e-02
5.430618673563003540e-02
3.407309064641594887e-03
1.560390461236238480e-02
1.966667547821998596e-02
2.683109417557716370e-02
-2.765686251223087311e-02
-9.235545247793197632e-02
1.551809068769216537e-02
2.236664481461048126e-02
7.119499891996383667e-02
4.377931356430053711e-02
-4.965284839272499084e-02
8.505243808031082153e-03
7.402722258120775223e-03
-3.811934948316775262e-05
-4.143944755196571350e-02
-1.343742664903402328e-02
1.021231990307569504e-02
-1.081751659512519836e-02
-4.994662851095199585e-02
8.914299309253692627e-03
9.708623401820659637e-03
8.225869387388229370e-03
-2.526874653995037079e-02
1.894612796604633331e-02
-1.880482025444507599e-02
-2.627431415021419525e-02
5.036192480474710464e-03
-7.683011144399642944e-02
-1.060638390481472015e-02
5.992716178297996521e-02
-9.999388828873634338e-03
1.846064813435077667e-02
7.674662861973047256e-03
-6.068169698119163513e-02
-7.110681384801864624e-02
-2.995295077562332153e-02
-1.250054221600294113e-02
-1.007861830294132233e-02
4.996420815587043762e-02
-2.504841238260269165e-02
1.022372860461473465e-02
1.506718061864376068e-02
4.977606609463691711e-02
-3.474628785625100136e-03
-3.652576357126235962e-02
-1.924858242273330688e-02
4.360868479125201702e-04
-1.672895066440105438e-02
-3.128534555435180664e-02
-9.026836603879928589e-02
-4.112316295504570007e-03
-1.481732260435819626e-02
-2.099768072366714478e-02
1.760869845747947693e-02
3.602837026119232178e-02
3.678817674517631531e-02
3.039774298667907715e-02
-2.244674041867256165e-02
-4.510011151432991028e-02
3.519820421934127808e-02
-1.951729319989681244e-02
5.800926312804222107e-02
3.675363212823867798e-02
2.672881074249744415e-02
-1.296912599354982376e-02
6.220622360706329346e-02
2.144541591405868530e-02
-3.550941124558448792e-02
3.079888969659805298e-02
2.569612301886081696e-02
2.350953221321105957e-02
1.968139410018920898e-02
-1.686990819871425629e-02
9.638573043048381805e-03
7.368123531341552734e-02
-2.016858011484146118e-02
2.567628026008605957e-02
3.388777375221252441e-02
1.379053760319948196e-02
6.401097029447555542e-02
-2.255603298544883728e-02
2.785681560635566711e-02
-3.014810755848884583e-02
4.603619873523712158e-02
-8.853024989366531372e-02
-5.922902841120958328e-03
-7.832202315330505371e-02
-1.384252496063709259e-02
5.196552723646163940e-02
-5.554181709885597229e-02
1.141207572072744370e-02
-3.315692022442817688e-02
3.605892509222030640e-02
2.641216386109590530e-03
2.374833077192306519e-02
5.999838933348655701e-02
-2.960086241364479065e-02
-1.676822267472743988e-02
-2.571134362369775772e-03
-7.418757304549217224e-03
-6.095548346638679504e-02
-1.258263643831014633e-02
-2.322126366198062897e-02
4.077149927616119385e-02
-3.086467832326889038e-02
-6.325376778841018677e-02
4.997868090867996216e-02
-2.735411562025547028e-02
5.596680939197540283e-02
3.622016683220863342e-02
-1.551372557878494263e-02
1.973900012671947479e-02
1.492849364876747131e-02
7.862367201596498489e-04
-6.278477143496274948e-03
2.122862450778484344e-02
3.550138697028160095e-02
-2.824848517775535583e-02
-5.327403172850608826e-02
-2.386981621384620667e-02
-1.527433283627033234e-02
3.857479244470596313e-02
-6.115803029388189316e-03
1.522037852555513382e-02
1.081500854343175888e-02
-4.524214565753936768e-02
-4.183612018823623657e-02
-9.016888216137886047e-03
-3.152168169617652893e-02
-3.940948471426963806e-02
1.610119082033634186e-02
1.883498579263687134e-02
7.916785776615142822e-02
-6.509805098176002502e-03
-2.122531644999980927e-02
-5.215290561318397522e-02
-3.906008228659629822e-02
-2.588908560574054718e-02
-3.065921552479267120e-02
4.149321839213371277e-02
2.707596309483051300e-02
-6.467499583959579468e-02
-3.879036009311676025e-02
-1.050311326980590820e-02
-4.092875868082046509e-02
-3.686963766813278198e-02
-1.333940867334604263e-02
-4.924736544489860535e-02
1.644161157310009003e-02
-1.715571992099285126e-02
7.373649626970291138e-02
-1.369144581258296967e-02
-5.210404098033905029e-02
-2.529205940663814545e-02
4.231045395135879517e-02
5.281819030642509460e-03
1.161002088338136673e-02
6.790342926979064941e-02
3.589203581213951111e-02
-7.145628798753023148e-03
-3.072321042418479919e-02
4.035384394228458405e-03
1.727410405874252319e-02
2.783104777336120605e-02
-1.478355284780263901e-02
4.290413856506347656e-02
6.256997585296630859e-02
-8.120077103376388550e-02
2.387882955372333527e-02
1.633977890014648438e-02
6.232019886374473572e-02
-6.253437697887420654e-02
3.519974276423454285e-02
3.363637253642082214e-02
6.209964398294687271e-03
-2.892240695655345917e-02
2.082065679132938385e-02
-6.300948094576597214e-03
-3.569743037223815918e-02
-4.420369118452072144e-02
-1.809621229767799377e-02
-6.110445037484169006e-02
9.080583602190017700e-02
-6.200531125068664551e-02
-4.520904272794723511e-02
-1.346710789948701859e-02
-1.480161100625991821e-01
-2.337858080863952637e-02
-3.243073076009750366e-02
-6.545497477054595947e-02
2.722595073282718658e-02
-1.223018974997103214e-03
1.013396866619586945e-02
7.871047593653202057e-03
1.341274846345186234e-02
-6.345476955175399780e-02
-9.518127772025763988e-04
-5.494209751486778259e-02
1.855714060366153717e-02
4.702229425311088562e-02
-1.092738099396228790e-02
-1.090576872229576111e-02
-1.941624842584133148e-02
-2.827583812177181244e-02
1.806656830012798309e-02
2.041261270642280579e-02
-2.725197561085224152e-02
-1.371070276945829391e-02
2.725827321410179138e-02
-2.000659704208374023e-02
8.688799105584621429e-03
2.201683260500431061e-02
-1.306397188454866409e-02
-9.256642311811447144e-03
4.984477534890174866e-02
-3.670761361718177795e-02
1.181439869105815887e-02
-1.397658884525299072e-02
6.466115266084671021e-02
-4.275716841220855713e-02
5.705768987536430359e-02
5.649429932236671448e-02
-2.791428007185459137e-02
3.324264287948608398e-02
-2.319189161062240601e-02
-5.109003186225891113e-02
4.335137829184532166e-02
-2.252873964607715607e-03
-2.459632419049739838e-02
-5.758607760071754456e-02
-1.407992560416460037e-02
-3.550129756331443787e-02
-2.886687219142913818e-02
-2.279572933912277222e-02
-2.953520044684410095e-02
-1.977925747632980347e-02
7.168749719858169556e-02
-4.185875505208969116e-02
1.867308281362056732e-02
2.049661055207252502e-02
8.369362354278564453e-02
-5.487960204482078552e-02
3.655983880162239075e-02
2.903607487678527832e-02
-5.792802572250366211e-02
-3.209515940397977829e-03
-5.814446508884429932e-02
-3.680282831192016602e-02
6.547018140554428101e-02
-2.719498239457607269e-02
7.242919504642486572e-02
-6.334041059017181396e-02
-1.811743155121803284e-02
-9.844464249908924103e-03
6.339927762746810913e-02
-1.311311032623052597e-02
-3.736585751175880432e-02
-2.592175267636775970e-02
-1.442948170006275177e-02
-1.010361611843109131e-01
1.841657981276512146e-02
-3.026350587606430054e-02
-2.830497687682509422e-03
6.371947377920150757e-02
1.949519617483019829e-03
3.210527077317237854e-02
-1.203111372888088226e-03
-1.416394580155611038e-02
-1.531444396823644638e-02
-1.068535633385181427e-02
5.225823260843753815e-03
5.078730173408985138e-03
-4.026884213089942932e-03
-1.181481499224901199e-02
2.645842544734477997e-02
-3.131277626380324364e-03
-1.970558427274227142e-02
2.962182275950908661e-02
3.797833621501922607e-02
2.208937704563140869e-02
2.671650378033518791e-03
2.588110975921154022e-02
-3.287098556756973267e-02
6.960169970989227295e-02
-4.924767091870307922e-02
-3.794347867369651794e-02
-2.178851328790187836e-02
-2.217030897736549377e-02
-8.976222947239875793e-03
-1.644456945359706879e-02
1.150839263573288918e-03
8.740214630961418152e-03
-3.994984552264213562e-03
2.133947983384132385e-02
-3.834966197609901428e-02
7.969732396304607391e-03
-9.130247868597507477e-03
2.576826326549053192e-02
-1.766348443925380707e-02
5.110586062073707581e-03
-1.113258674740791321e-02
4.608300328254699707e-02
-5.149496346712112427e-02
-2.547604776918888092e-02
3.331384388729929924e-03
-3.454195708036422729e-02
5.462346132844686508e-03
3.982275724411010742e-02
3.440235182642936707e-02
-2.298713102936744690e-02
-8.716645650565624237e-03
-4.003863036632537842e-02
2.494734339416027069e-02
-1.567497849464416504e-02
6.745965033769607544e-02
-3.829425200819969177e-02
1.161502674221992493e-03
-5.079578608274459839e-02
2.576500363647937775e-02
-1.052591484040021896e-02
-1.824666187167167664e-02
4.720052704215049744e-03
-1.454336568713188171e-02
-2.468495629727840424e-02
4.563304036855697632e-02
8.212771266698837280e-03
7.708807289600372314e-02
-6.200892385095357895e-03
-1.476147957146167755e-02
7.811510562896728516e-02
5.273806303739547729e-02
5.580779537558555603e-02
3.964332118630409241e-02
9.924476034939289093e-03
2.231492428109049797e-03
-6.876121461391448975e-02
-1.503175217658281326e-02
-3.149063093587756157e-03
-8.613628149032592773e-02
3.215007856488227844e-02
4.837347939610481262e-02
5.398110672831535339e-02
2.195151709020137787e-02
4.457270260900259018e-03
1.908967830240726471e-02
-6.139482138678431511e-04
-6.286526564508676529e-03
-2.050860226154327393e-02
-2.077624946832656860e-02
7.595749199390411377e-02
2.448141947388648987e-02
7.613328844308853149e-02
-3.890644758939743042e-02
1.470014546066522598e-02
1.103770881891250610e-01
5.473257228732109070e-02
-4.826104268431663513e-02
2.174632064998149872e-02
2.779708616435527802e-02
-4.838727414608001709e-02
-2.880426682531833649e-02
7.723949104547500610e-02
-1.146987546235322952e-02
4.084107279777526855e-02
-2.826908230781555176e-02
-1.572361774742603302e-02
7.251518312841653824e-03
3.220482612960040569e-04
6.574967876076698303e-03
-8.778362721204757690e-02
1.078508887439966202e-02
1.406087074428796768e-02
6.565873324871063232e-02
-2.697255834937095642e-02
-3.792029991745948792e-02
3.449210152029991150e-02
9.231135994195938110e-02
4.934438690543174744e-02
-9.071918576955795288e-02
-3.177050501108169556e-02
-5.840753763914108276e-02
5.604529753327369690e-03
-3.514422476291656494e-02
-7.587761618196964264e-03
-2.248317748308181763e-02
2.826774260029196739e-03
-8.232413232326507568e-02
-4.336583986878395081e-02
-3.369882702827453613e-02
1.694136671721935272e-02
-1.129951886832714081e-02
2.728228829801082611e-02
7.827958464622497559e-02
7.507774978876113892e-02
-2.237555198371410370e-02
3.725604340434074402e-02
-3.716255351901054382e-02
-1.061791274696588516e-02
7.515355944633483887e-02
-8.029095828533172607e-02
-5.819942429661750793e-02
3.379711508750915527e-02
-3.924002885469235480e-05
1.794717460870742798e-02
4.312020912766456604e-02
-3.612244874238967896e-02
-6.415607780218124390e-02
6.447213143110275269e-02
-2.106094732880592346e-02
2.711210027337074280e-02
6.690756231546401978e-02
7.939022034406661987e-03
-2.167917229235172272e-02
-1.089859195053577423e-02
-3.360233677085489035e-04
-5.650006979703903198e-02
1.870886050164699554e-02
6.320353597402572632e-02
1.420394424349069595e-02
1.496881246566772461e-03
-2.037522755563259125e-02
-1.947188191115856171e-02
-1.880568079650402069e-02
1.591160893440246582e-02
-3.821468353271484375e-02
-3.441582433879375458e-03
-3.297107294201850891e-02
-6.969288736581802368e-02
-1.381116081029176712e-02
6.703682988882064819e-02
-2.434379793703556061e-02
-1.384177431464195251e-02
-4.660682752728462219e-02
3.566541895270347595e-02
-4.517394583672285080e-03
1.399069838225841522e-02
2.226058766245841980e-02
5.289255082607269287e-02
5.080099776387214661e-02
-1.056377589702606201e-01
2.866428811103105545e-03
6.491624563932418823e-02
-7.786064594984054565e-02
-6.300909817218780518e-02
7.147952914237976074e-02
-3.255864605307579041e-02
3.766274312511086464e-03
2.348090708255767822e-02
5.157605186104774475e-02
-3.557852236554026604e-03
-2.693481184542179108e-02
-5.889964755624532700e-03
-2.187870629131793976e-02
-7.430885452777147293e-04
2.633397467434406281e-02
5.032380670309066772e-02
3.029608353972434998e-02
3.848885651677846909e-03
1.052094623446464539e-03
6.492055952548980713e-02
-2.129716426134109497e-02
-8.694203570485115051e-03
-3.677360340952873230e-02
-2.673391625285148621e-02
2.985057653859257698e-03
3.876842930912971497e-02
1.985416561365127563e-02
2.196049690246582031e-02
2.512207487598061562e-03
-6.938940286636352539e-02
-2.569421380758285522e-02
-2.544953115284442902e-02
4.637664929032325745e-02
2.039455436170101166e-02
-1.540321670472621918e-02
-5.554011464118957520e-02
6.246808171272277832e-02
3.196423873305320740e-02
-4.228312522172927856e-02
3.218824788928031921e-02
3.706774488091468811e-02
2.677182666957378387e-02
3.457142156548798084e-05
4.298763722181320190e-02
-3.920185193419456482e-02
-4.008557647466659546e-03
4.984870925545692444e-02
1.417421735823154449e-02
7.695727050304412842e-03
2.424716763198375702e-02
4.411773756146430969e-02
2.324294671416282654e-02
5.191571637988090515e-02
-5.696328729391098022e-02
3.918951004743576050e-02
8.038002997636795044e-02
4.442629590630531311e-02
3.005732037127017975e-02
-1.588034629821777344e-02
-2.154402434825897217e-02
5.710340291261672974e-02
2.448983723297715187e-03
-1.740389503538608551e-02
-1.318654883652925491e-02
-1.424337923526763916e-02
4.655315354466438293e-02
7.554796990007162094e-03
-6.358574330806732178e-02
-2.941797487437725067e-03
7.916971296072006226e-02
6.110006943345069885e-03
-1.060010772198438644e-02
9.120873175561428070e-03
1.542903110384941101e-02
-8.391100913286209106e-03
-6.468658894300460815e-02
-6.077524647116661072e-02
-2.582634054124355316e-02
