-3.666969761252403259e-02
-4.658620432019233704e-02
6.113266199827194214e-02
8.356948196887969971e-02
2.270526252686977386e-02
-3.631894290447235107e-02
-1.018721982836723328e-02
7.063595950603485107e-02
1.379483612254261971e-03
7.500459998846054077e-02
6.886591017246246338e-02
-2.010548673570156097e-02
4.420686513185501099e-02
-6.297089904546737671e-02
-1.819052360951900482e-02
-3.885183855891227722e-02
3.104674443602561951e-02
5.107339005917310715e-03
-1.515854615718126297e-02
-2.843620814383029938e-02
-7.927265018224716187e-03
-1.823947578668594360e-02
-2.173710986971855164e-02
3.234442323446273804e-02
-2.703615464270114899e-02
-6.086434004828333855e-04
-5.304181575775146484e-02
5.855566635727882385e-02
-2.228923141956329346e-02
5.214006453752517700e-02
-8.561001718044281006e-02
-4.495397210121154785e-02
6.098123732954263687e-03
4.373681172728538513e-02
-1.399580109864473343e-02
1.595696434378623962e-02
-4.910377040505409241e-02
-4.158454015851020813e-02
1.547910622321069241e-03
8.827370405197143555e-02
8.886161260306835175e-03
3.253811970353126526e-02
5.357239395380020142e-03
2.381557226181030273e-02
7.325729355216026306e-03
-2.583047375082969666e-02
2.871036157011985779e-02
4.995388537645339966e-02
1.482939999550580978e-02
5.173165351152420044e-02
-3.246278688311576843e-02
-6.041514687240123749e-03
2.153292996808886528e-03
2.235285378992557526e-02
-7.608067244291305542e-03
-2.685864455997943878e-03
5.535140633583068848e-02
-2.837097086012363434e-02
-3.242466226220130920e-02
-1.427189633250236511e-02
2.640969865024089813e-02
-3.855271637439727783e-02
1.848571409936994314e-04
5.325344949960708618e-02
4.764390736818313599e-02
-5.697248037904500961e-03
4.248764738440513611e-02
-2.075108140707015991e-02
-7.464128732681274414e-02
8.317099884152412415e-03
-3.675002232193946838e-02
-1.880783215165138245e-02
-3.672910388559103012e-03
3.080056793987751007e-02
-8.659674786031246185e-03
-4.876316338777542114e-02
-5.394773185253143311e-02
5.158330872654914856e-02
8.078669756650924683e-02
6.383981555700302124e-02
-1.827026531100273132e-02
-4.014455154538154602e-02
-3.763807564973831177e-02
7.914609462022781372e-02
4.921836405992507935e-02
-1.112897414714097977e-02
1.045245095156133175e-03
-6.453337520360946655e-02
1.158657670021057129e-01
-3.263361752033233643e-02
1.763631589710712433e-02
-8.831758052110671997e-02
-1.504421979188919067e-02
1.719737425446510315e-02
-2.226630598306655884e-02
-2.399199642241001129e-03
-1.594064384698867798e-02
-2.859613858163356781e-02
-1.032764185220003128e-02
-8.944803476333618164e-02
4.388337489217519760e-03
3.880879282951354980e-02
7.289905846118927002e-02
7.843045517802238464e-03
6.043547019362449646e-02
2.061359770596027374e-02
7.279552984982728958e-03
7.961329072713851929e-02
-9.128593653440475464e-02
-2.779262699186801910e-02
-2.813529968261718750e-02
-3.331862017512321472e-02
5.551919341087341309e-02
-6.770139187574386597e-02
3.129518032073974609e-02
6.089390441775321960e-02
-8.786901086568832397e-02
4.754828289151191711e-02
-3.419419378042221069e-02
9.176667034626007080e-02
-5.588723346590995789e-02
-1.721549779176712036e-02
-6.541688740253448486e-02
2.032826095819473267e-02
-6.103602796792984009e-02
1.783103309571743011e-02
-5.554560571908950806e-03
-3.304160386323928833e-02
6.746590137481689453e-02
-5.959002766758203506e-03
-4.124706238508224487e-02
2.227129787206649780e-02
9.691801853477954865e-03
-2.473984844982624054e-02
-2.823336422443389893e-02
-1.940141245722770691e-02
3.630824014544487000e-02
-3.407165408134460449e-02
2.415092429146170616e-03
1.316759642213582993e-02
-6.128896400332450867e-02
-4.130990430712699890e-02
-3.719809278845787048e-02
-4.662884399294853210e-02
2.308148145675659180e-02
-8.823792450129985809e-03
-6.546868942677974701e-03
-1.140700280666351318e-02
1.619176380336284637e-02
-5.564950779080390930e-02
-4.934670403599739075e-02
3.616049885749816895e-02
-1.316196937114000320e-02
4.749616235494613647e-02
3.791522176470607519e-04
1.583720184862613678e-02
-1.717757806181907654e-02
-2.531340345740318298e-03
-2.710586786270141602e-02
2.263539470732212067e-02
3.043138422071933746e-02
-5.103430524468421936e-02
-6.391420029103755951e-04
2.137821540236473083e-02
2.448660694062709808e-02
-1.604739017784595490e-02
1.559283584356307983e-02
2.836413495242595673e-02
2.520849741995334625e-02
-4.105691984295845032e-02
-8.365798741579055786e-03
-4.813975188881158829e-03
-1.429634690284729004e-01
-4.270192608237266541e-02
3.993357717990875244e-02
-2.970748580992221832e-02
-6.345526129007339478e-02
-9.324014186859130859e-02
8.833687752485275269e-02
3.494077548384666443e-02
3.244051337242126465e-02
-3.871681168675422668e-02
2.105461433529853821e-03
-4.863189533352851868e-02
-2.723593451082706451e-02
3.110787086188793182e-02
1.045502722263336182e-01
1.475601736456155777e-02
8.593726158142089844e-02
1.049498654901981354e-02
1.429565344005823135e-02
8.597411960363388062e-02
4.261769726872444153e-02
-4.584652557969093323e-02
3.337910398840904236e-03
2.291527576744556427e-02
7.240357249975204468e-02
1.809495687484741211e-02
7.315462827682495117e-02
-3.965466096997261047e-02
4.112234711647033691e-02
5.664724484086036682e-02
-6.632202770560979843e-03
1.809173449873924255e-02
1.000724062323570251e-01
-8.727803826332092285e-02
-5.991071090102195740e-02
4.799765348434448242e-02
-1.668986864387989044e-02
2.191067300736904144e-02
1.070789620280265808e-02
-2.416094951331615448e-02
1.444233395159244537e-02
2.168466709554195404e-02
1.210105884820222855e-02
2.782957255840301514e-02
4.529776517301797867e-03
-7.055745273828506470e-02
-1.786375790834426880e-02
1.446759421378374100e-02
-3.006676957011222839e-02
9.353747591376304626e-03
2.874189242720603943e-02
1.376089267432689667e-02
-3.188389539718627930e-02
-7.511509209871292114e-02
2.426695264875888824e-02
-4.889983683824539185e-03
7.607361767441034317e-03
-1.975331269204616547e-02
1.081255686585791409e-04
-5.210993066430091858e-02
5.391356721520423889e-02
-7.120520621538162231e-02
1.681773923337459564e-02
-4.452921450138092041e-02
1.045322883874177933e-02
-4.161810968071222305e-03
2.139580808579921722e-02
-4.277669638395309448e-02
-6.430935114622116089e-02
4.301566164940595627e-03
-7.800238579511642456e-02
-3.099961020052433014e-02
6.874039769172668457e-02
-2.672625519335269928e-02
-3.223937004804611206e-02
1.541292015463113785e-02
-3.942768275737762451e-02
-1.838608761318027973e-03
3.071672096848487854e-02
3.549965471029281616e-02
6.893894821405410767e-02
3.112523118034005165e-03
7.600311934947967529e-02
-2.566295303404331207e-02
-3.039425984025001526e-02
1.024832110852003098e-02
-4.980219155550003052e-02
-2.856785058975219727e-02
4.962357133626937866e-02
8.547297120094299316e-02
-2.657816931605339050e-02
-2.626271918416023254e-02
5.834165494889020920e-04
2.367107756435871124e-02
3.399463370442390442e-02
-8.972657844424247742e-03
2.280730940401554108e-02
3.204179927706718445e-02
2.101377211511135101e-02
1.785721816122531891e-02
-6.056283786892890930e-02
-7.324973121285438538e-03
1.394891738891601562e-02
-3.773167729377746582e-02
6.699290126562118530e-02
-3.587653860449790955e-02
-4.375995602458715439e-03
3.827136009931564331e-02
4.744872450828552246e-02
4.388256464153528214e-03
-3.055365756154060364e-02
3.406333923339843750e-02
-1.836062781512737274e-02
-2.798596210777759552e-02
2.710667438805103302e-02
-7.975316606462001801e-03
5.973332747817039490e-02
1.101270094513893127e-01
1.586848311126232147e-02
5.735002830624580383e-02
-3.113819984719157219e-03
-5.023748427629470825e-02
9.591333568096160889e-03
-2.237235940992832184e-02
6.659740954637527466e-02
-3.268567100167274475e-02
-3.628656640648841858e-02
7.863183505833148956e-03
3.065164759755134583e-02
-7.529666647315025330e-03
-5.342943966388702393e-02
-5.142261460423469543e-02
-1.072533726692199707e-01
-4.105223715305328369e-02
-1.093557476997375488e-02
6.951715052127838135e-02
-1.137492526322603226e-02
-4.006803035736083984e-02
-8.338502049446105957e-02
4.687463864684104919e-02
6.620998680591583252e-02
-1.391475647687911987e-02
-1.160689666867256165e-01
7.479917258024215698e-03
-7.221770286560058594e-02
4.502415657043457031e-02
2.067707106471061707e-02
-6.923411041498184204e-02
-2.875722013413906097e-02
2.601213753223419189e-02
1.320298761129379272e-02
-1.131126563996076584e-02
1.543927844613790512e-02
-3.229114785790443420e-02
-1.204375177621841431e-02
-6.537072360515594482e-02
1.267174351960420609e-02
-6.443927995860576630e-03
-2.748334407806396484e-02
-4.211257398128509521e-02
2.968753874301910400e-02
2.090767584741115570e-02
3.309776261448860168e-02
-1.712376950308680534e-03
-5.308158323168754578e-02
6.824213266372680664e-02
-4.415472969412803650e-02
2.099305205047130585e-02
4.703393578529357910e-02
3.501631692051887512e-02
6.319761276245117188e-02
-4.346369300037622452e-03
3.907860442996025085e-02
-2.126389369368553162e-02
1.115726679563522339e-01
-2.054967172443866730e-02
-1.328690722584724426e-02
-3.720767796039581299e-02
2.814986743032932281e-02
3.981020301580429077e-02
-3.100753761827945709e-02
-1.294538099318742752e-02
1.012688037008047104e-03
-5.747489631175994873e-02
4.863135144114494324e-02
2.530004456639289856e-02
-1.762873493134975433e-02
-6.570564210414886475e-02
1.448075287044048309e-03
-3.597267437726259232e-03
-3.921686112880706787e-02
7.956042885780334473e-03
-2.569937519729137421e-02
-4.137757420539855957e-02
-9.532555122859776020e-04
-2.851399034261703491e-02
-8.039417862892150879e-02
7.132512982934713364e-03
4.233204200863838196e-02
2.945566549897193909e-02
-7.436719257384538651e-03
-4.619385115802288055e-03
-1.947838254272937775e-02
-7.338859140872955322e-02
-2.322676032781600952e-02
-2.469960041344165802e-02
3.646537661552429199e-02
2.623309195041656494e-02
-8.314346196129918098e-04
1.022276282310485840e-01
2.291352674365043640e-02
-1.062213629484176636e-02
-3.967761248350143433e-02
-5.203360691666603088e-03
-2.428379096090793610e-02
-1.441472023725509644e-02
-5.158901214599609375e-03
4.983405396342277527e-02
-2.573890145868062973e-03
-6.387120485305786133e-02
3.511726483702659607e-02
-2.404827997088432312e-02
8.975178748369216919e-02
1.610481180250644684e-02
3.683322295546531677e-02
3.111158497631549835e-02
1.411749795079231262e-02
-2.320604957640171051e-02
-1.732108369469642639e-02
-3.366035595536231995e-02
-4.721785709261894226e-02
2.182335779070854187e-02
-2.400269545614719391e-02
8.515433222055435181e-02
3.778972476720809937e-02
-3.743244335055351257e-02
-1.607440970838069916e-02
-3.078434430062770844e-02
3.807006031274795532e-02
1.784753985702991486e-02
9.424874559044837952e-03
3.430560231208801270e-02
-6.747236102819442749e-02
3.612796217203140259e-02
3.934695571660995483e-02
5.745635554194450378e-02
2.920346893370151520e-02
3.605263307690620422e-02
-2.342380955815315247e-02
3.840903565287590027e-02
8.992993272840976715e-03
2.186480350792407990e-02
-5.618229508399963379e-02
5.107970908284187317e-03
-4.811520501971244812e-02
5.347313359379768372e-02
-6.311486661434173584e-02
-7.849824614822864532e-03
-6.807000935077667236e-02
1.022129040211439133e-02
-2.989485673606395721e-02
5.939405411481857300e-03
-6.910642981529235840e-02
1.589726470410823822e-02
1.580228656530380249e-02
-2.870970591902732849e-02
-2.578490599989891052e-02
1.096277460455894470e-01
-5.222005303949117661e-03
-2.381763607263565063e-02
1.547834090888500214e-02
-6.205530464649200439e-02
-5.061252415180206299e-02
4.564264789223670959e-03
7.192931324243545532e-02
3.831157088279724121e-02
-3.925028070807456970e-02
-5.673792678862810135e-03
3.427977673709392548e-03
4.075772687792778015e-02
3.152835369110107422e-02
-2.126229368150234222e-02
4.664305597543716431e-02
6.287437677383422852e-02
6.638290733098983765e-02
2.443448826670646667e-02
-5.319629237055778503e-02
5.056541040539741516e-02
-5.837477371096611023e-02
1.694451831281185150e-02
-2.888472191989421844e-02
1.451406814157962799e-02
-4.825048521161079407e-02
2.875935100018978119e-02
2.503070607781410217e-02
-3.532527014613151550e-02
-3.660098835825920105e-02
4.063805937767028809e-02
-3.552543744444847107e-02
3.325206413865089417e-02
-6.075712293386459351e-02
-3.862446174025535583e-02
4.542527720332145691e-02
5.537937954068183899e-02
4.116157535463571548e-03
-9.997899644076824188e-03
1.970225013792514801e-02
-3.950083255767822266e-02
2.762474492192268372e-02
-2.757154870778322220e-03
-1.266855373978614807e-02
-2.338802814483642578e-02
3.333436697721481323e-02
6.097598373889923096e-02
2.572665177285671234e-02
3.689634054899215698e-02
-1.250192224979400635e-01
-3.207413107156753540e-02
-9.956742823123931885e-02
1.434778422117233276e-02
-3.997781500220298767e-02
1.138257235288619995e-02
-3.416715189814567566e-02
-4.596085473895072937e-02
5.392573439166881144e-05
-5.848026368767023087e-03
-2.407276071608066559e-02
9.074774384498596191e-02
1.550518255680799484e-02
-1.947856694459915161e-02
-1.691516302525997162e-02
2.703248523175716400e-02
-4.452365636825561523e-02
-2.006412483751773834e-02
-4.790509864687919617e-02
1.061881077475845814e-03
1.757965050637722015e-02
-2.786587364971637726e-02
-7.288245111703872681e-02
-4.066671058535575867e-02
8.492079563438892365e-03
-7.328306324779987335e-03
-1.351289171725511551e-02
-1.294871699064970016e-02
-2.762480080127716064e-02
1.035874430090188980e-02
8.177294582128524780e-02
-1.080585134332068264e-04
1.390926446765661240e-02
-1.740014180541038513e-02
-2.966980449855327606e-03
-4.839890077710151672e-02
-8.234014362096786499e-02
-2.553309500217437744e-02
7.968129357323050499e-04
8.478783816099166870e-02
3.261323319748044014e-03
3.840948268771171570e-02
-1.619939692318439484e-03
9.566992521286010742e-03
-1.026925310725346208e-04
6.985684856772422791e-03
-6.969701964408159256e-03
-3.959750011563301086e-02
6.996240932494401932e-03
2.713328972458839417e-02
2.648816071450710297e-02
1.077076271176338196e-01
3.843580558896064758e-02
2.444351837038993835e-02
-1.755018532276153564e-02
7.729871571063995361e-02
2.900280803442001343e-02
-1.795795187354087830e-02
-3.002848103642463684e-02
-1.397073119878768921e-01
-7.218022830784320831e-03
-5.240819230675697327e-02
-8.210306055843830109e-03
5.374607164412736893e-03
5.039969459176063538e-03
5.530300736427307129e-02
5.862377211451530457e-02
1.504606753587722778e-02
-5.655199661850929260e-02
-1.616648025810718536e-02
-2.050933800637722015e-02
5.444418266415596008e-02
1.610598713159561157e-02
3.845721110701560974e-02
-1.466602273285388947e-02
1.934658922255039215e-02
3.930610790848731995e-02
4.405650123953819275e-02
-2.039877697825431824e-02
-6.717118620872497559e-02
-3.438817709684371948e-02
-4.982506856322288513e-02
1.867651939392089844e-02
-2.662892080843448639e-02
6.432137638330459595e-02
-7.114813476800918579e-02
-4.554710164666175842e-02
-5.454231984913349152e-03
-3.537743911147117615e-02
8.516012132167816162e-02
6.660879589617252350e-03
4.203735664486885071e-02
-3.681346075609326363e-03
-3.145257756114006042e-02
-8.809846825897693634e-03
5.301577225327491760e-02
2.209724299609661102e-02
7.715369760990142822e-02
2.531797252595424652e-02
-4.268820211291313171e-02
2.413119934499263763e-02
1.501436159014701843e-02
-2.107265777885913849e-02
-2.349131740629673004e-02
-3.102563507854938507e-02
1.183268707245588303e-02
-4.294146969914436340e-02
1.050045993179082870e-02
-2.142438106238842010e-02
-5.598379299044609070e-02
2.820213139057159424e-02
3.724288567900657654e-02
-3.278353810310363770e-02
5.555567517876625061e-02
-3.154000639915466309e-02
-4.699303954839706421e-02
2.351015340536832809e-03
1.044947188347578049e-02
1.027839258313179016e-02
4.693090170621871948e-02
-1.097455434501171112e-02
7.845246046781539917e-02
4.407861828804016113e-02
3.504787012934684753e-02
9.086211211979389191e-03
6.074832752346992493e-02
7.445129007101058960e-02
9.539729356765747070e-02
5.392315983772277832e-02
4.928324371576309204e-02
-2.131216228008270264e-02
-1.574523746967315674e-02
-5.979999899864196777e-02
1.783236116170883179e-02
-1.622110605239868164e-02
4.090489819645881653e-02
1.734982593916356564e-03
-9.051930904388427734e-02
-7.499323692172765732e-03
1.063321158289909363e-01
-1.189734414219856262e-02
-6.696629524230957031e-02
4.328384250402450562e-02
4.325322806835174561e-02
-2.849383652210235596e-02
5.345415323972702026e-02
-6.415610760450363159e-02
1.086884923279285431e-02
-2.929831109941005707e-02
-5.384391639381647110e-03
-8.237401396036148071e-02
-1.732345297932624817e-02
9.843919426202774048e-02
2.231439761817455292e-02
-4.002806544303894043e-02
1.776919327676296234e-02
5.695267021656036377e-02
-4.048763308674097061e-03
-3.933909162878990173e-02
-1.094144303351640701e-02
3.052266314625740051e-02
-1.368150860071182251e-02
-1.428392529487609863e-02
-1.462994888424873352e-02
-3.265878185629844666e-02
1.618757657706737518e-02
6.142945960164070129e-03
4.387509822845458984e-02
2.850243262946605682e-02
4.722211044281721115e-03
-3.840915858745574951e-02
4.413370916154235601e-04
4.565784707665443420e-02
4.778157919645309448e-02
-6.935930252075195312e-02
-6.186937540769577026e-02
-3.536060452461242676e-02
-4.054405167698860168e-02
2.817948348820209503e-03
-6.480965763330459595e-02
2.181923761963844299e-02
-8.915385231375694275e-03
2.076384425163269043e-02
2.568947151303291321e-02
1.541100558824837208e-03
4.754084721207618713e-02
3.301713243126869202e-02
6.340128183364868164e-02
1.801750250160694122e-02
1.584577374160289764e-02
-1.153139397501945496e-02
5.707422643899917603e-02
-1.876928657293319702e-02
-5.935952067375183105e-03
1.539071928709745407e-02
-2.144704945385456085e-02
4.508347436785697937e-02
-3.659824654459953308e-02
7.138478104025125504e-03
1.878855749964714050e-02
-8.370456285774707794e-03
1.820521242916584015e-02
1.822323724627494812e-02
2.373498119413852692e-02
-6.594732403755187988e-03
-3.684164583683013916e-02
1.138861291110515594e-02
-5.770135670900344849e-03
2.316499361768364906e-03
1.422173902392387390e-02
5.262589547783136368e-03
8.953129872679710388e-03
-2.018303982913494110e-02
-4.099396988749504089e-02
2.702014334499835968e-02
4.703135415911674500e-02
-1.477059442549943924e-02
3.112724050879478455e-03
-5.377190187573432922e-02
3.340629860758781433e-03
3.165612742304801941e-02
5.925907287746667862e-03
-1.000591646879911423e-02
6.314976513385772705e-02
5.166829749941825867e-02
-3.672483563423156738e-02
-9.582293569110333920e-04
9.489233605563640594e-03
3.600923717021942139e-02
-5.371631309390068054e-02
1.974298059940338135e-02
-4.023091495037078857e-02
1.712071709334850311e-03
-3.404210880398750305e-02
6.094104424118995667e-02
4.679792374372482300e-02
2.500427328050136566e-02
-2.408166602253913879e-02
-3.748704120516777039e-02
1.510241627693176270e-02
-5.066093802452087402e-02
-4.399634525179862976e-02
3.116288222372531891e-02
-3.373726457357406616e-02
-4.374983906745910645e-02
-1.090181618928909302e-02
3.461793763563036919e-03
6.696532666683197021e-02
-8.007149212062358856e-03
7.503661513328552246e-02
3.856150060892105103e-02
2.584752999246120453e-02
-6.011971831321716309e-02
1.496475283056497574e-02
-4.910242184996604919e-02
-7.950413972139358521e-03
3.783034160733222961e-02
2.689604647457599640e-02
-4.395997151732444763e-03
3.437453135848045349e-02
-1.813241746276617050e-03
5.064817517995834351e-02
2.332253754138946533e-02
-7.466021925210952759e-02
4.600294679403305054e-02
2.585940528661012650e-03
-1.710194349288940430e-02
2.185402065515518188e-02
-3.909229487180709839e-02
-2.532000653445720673e-02
-1.927474699914455414e-02
5.978739261627197266e-02
-2.801400981843471527e-02
-1.760710589587688446e-02
-2.268111892044544220e-02
1.140743270516395569e-01
-3.030717931687831879e-02
-2.820435725152492523e-02
3.413819149136543274e-02
-3.212955966591835022e-02
5.392198637127876282e-02
-4.666264355182647705e-02
1.367974327877163887e-03
1.668524742126464844e-02
3.076905943453311920e-02
-1.222736481577157974e-02
-4.792653024196624756e-02
4.566505551338195801e-02
7.367148250341415405e-02
7.905818521976470947e-03
-8.613650500774383545e-02
7.555165886878967285e-02
4.111921042203903198e-02
3.264928981661796570e-02
4.107910208404064178e-03
-4.517918080091476440e-02
2.141457423567771912e-02
-5.605102330446243286e-02
2.097861468791961670e-02
-1.868124678730964661e-02
-2.157429233193397522e-02
-4.107309505343437195e-02
-6.256291270256042480e-02
-3.123758360743522644e-02
1.053425390273332596e-02
4.790877923369407654e-03
1.219416968524456024e-03
3.748945426195859909e-03
-1.863509975373744965e-02
-2.280743326991796494e-03
7.139834016561508179e-02
6.137159094214439392e-02
-3.782295063138008118e-02
2.656559832394123077e-02
6.959842890501022339e-02
-7.502736058086156845e-03
-1.238428521901369095e-02
-7.992389798164367676e-02
-7.795771956443786621e-02
2.507066354155540466e-02
-4.599105566740036011e-03
-4.544784501194953918e-02
5.208745133131742477e-04
-4.963982850313186646e-02
1.147973351180553436e-02
5.820714682340621948e-02
-2.407650649547576904e-02
-1.108008623123168945e-02
-8.678844198584556580e-03
2.715400978922843933e-02
3.602418676018714905e-02
-7.051257789134979248e-02
-5.720555782318115234e-03
-7.836887985467910767e-02
2.994667924940586090e-02
4.053792357444763184e-02
-7.975220680236816406e-02
-4.141810163855552673e-02
1.432050205767154694e-02
-8.056410402059555054e-02
3.534107655286788940e-02
5.005586147308349609e-02
-7.190929353237152100e-02
3.917094785720109940e-03
5.559528945013880730e-04
-4.676276352256536484e-03
3.220507176592946053e-03
-3.696518484503030777e-03
2.258532680571079254e-02
-3.031671047210693359e-02
2.063749171793460846e-02
1.109070796519517899e-02
-6.245745345950126648e-02
4.837274551391601562e-02
-9.406226687133312225e-03
1.086385268718004227e-02
-1.007627975195646286e-02
5.901017412543296814e-02
-6.386833637952804565e-02
-3.149552270770072937e-02
3.100174292922019958e-02
7.082188129425048828e-02
1.866796053946018219e-02
1.006373316049575806e-01
-2.487974613904953003e-02
7.243630825541913509e-04
4.376773536205291748e-02
-2.423279546201229095e-02
-4.466724582016468048e-03
7.594999670982360840e-02
1.116148009896278381e-02
5.999067798256874084e-03
-8.399835228919982910e-02
5.302259325981140137e-02
-3.023327700793743134e-02
-2.621811069548130035e-02
-3.124407120048999786e-02
6.457889080047607422e-02
-5.696972459554672241e-02
-6.002794951200485229e-02
5.510764196515083313e-02
5.672355741262435913e-02
5.922918394207954407e-02
4.749722778797149658e-02
-3.266172111034393311e-02
-9.160310029983520508e-02
-1.100515201687812805e-02
-3.711378574371337891e-02
-5.537979677319526672e-02
-1.261229664087295532e-01
-4.821020364761352539e-02
4.694498609751462936e-03
5.861901491880416870e-02
-1.637498289346694946e-02
-1.983170770108699799e-02
4.029615782201290131e-03
-6.310021877288818359e-02
-1.671597920358181000e-02
-1.550286542624235153e-02
-2.005998603999614716e-02
-9.709211997687816620e-03
-1.339421793818473816e-02
1.116629391908645630e-01
-5.320389568805694580e-02
3.112643584609031677e-02
3.937986120581626892e-02
3.299809247255325317e-02
5.444030836224555969e-02
-2.004289254546165466e-02
-1.423975545912981033e-02
-4.285622388124465942e-03
-3.135860664770007133e-03
6.422153115272521973e-02
2.564070746302604675e-02
-2.717427909374237061e-02
-6.299813091754913330e-02
2.159571275115013123e-02
4.866430163383483887e-02
5.198375787585973740e-03
5.450166389346122742e-02
-2.422627061605453491e-02
2.088149264454841614e-02
-6.760328263044357300e-02
2.894786652177572250e-03
-2.125736325979232788e-02
8.841214701533317566e-03
-2.378934621810913086e-02
2.826210297644138336e-02
-8.634565025568008423e-02
2.559494460001587868e-03
-2.809784375131130219e-02
-2.493473701179027557e-02
-2.087960205972194672e-02
-1.769018732011318207e-02
-4.799333959817886353e-02
4.546019434928894043e-02
1.980360393645241857e-04
4.893688857555389404e-02
3.499617800116539001e-02
-2.057022973895072937e-02
6.892014294862747192e-02
4.293026402592658997e-02
5.066015943884849548e-02
-4.640116356313228607e-03
-5.154287442564964294e-02
5.339410528540611267e-02
-2.653840743005275726e-02
-5.879921838641166687e-03
4.597222805023193359e-02
5.363322328776121140e-03
-6.484425975941121578e-04
1.711801253259181976e-02
4.045178741216659546e-02
-2.829309552907943726e-02
-3.437370061874389648e-02
4.842023923993110657e-02
-1.127198617905378342e-02
-1.509261131286621094e-02
-2.773225866258144379e-02
-7.691846042871475220e-02
-8.535984903573989868e-02
4.034047946333885193e-02
-4.660504683852195740e-02
2.836872637271881104e-02
-7.214190810918807983e-02
-3.844464942812919617e-02
4.220221191644668579e-02
7.400397211313247681e-02
-6.107103824615478516e-02
4.377522692084312439e-02
5.255966261029243469e-02
-4.414235427975654602e-02
-9.005553089082241058e-03
3.145001456141471863e-02
-5.955735594034194946e-02
6.983852479606866837e-03
6.020141765475273132e-02
1.697650551795959473e-02
-1.690608263015747070e-02
-7.236124482005834579e-03
-4.031381104141473770e-03
-6.182378157973289490e-02
-2.073865570127964020e-02
4.172684997320175171e-02
-6.091165542602539062e-02
3.221465274691581726e-02
-1.365247531794011593e-03
6.962873786687850952e-02
8.907269686460494995e-03
-5.391270294785499573e-02
2.455436438322067261e-02
3.878698125481605530e-02
4.945436492562294006e-03
-1.929049380123615265e-02
1.511656120419502258e-02
8.450765162706375122e-03
-7.161059230566024780e-02
2.737203612923622131e-03
4.114269092679023743e-02
-5.061102285981178284e-02
-2.405248209834098816e-02
3.815551847219467163e-02
-1.443349383771419525e-02
-3.402284160256385803e-02
7.850599475204944611e-03
4.327385500073432922e-02
-6.800764799118041992e-02
2.727098762989044189e-02
-2.298932708799839020e-02
-2.232427336275577545e-02
-6.229500751942396164e-03
-3.335486352443695068e-02
6.778651382774114609e-03
4.702249541878700256e-03
1.448965398594737053e-03
2.451496385037899017e-02
8.754597045481204987e-03
-3.703324496746063232e-02
-4.550291225314140320e-02
5.324568599462509155e-03
3.397443145513534546e-02
2.532374113798141479e-02
-1.853016577661037445e-02
-3.078141994774341583e-02
-1.918543479405343533e-03
5.130776017904281616e-02
7.188801653683185577e-03
-6.599879264831542969e-02
1.204003021121025085e-02
-3.528648987412452698e-02
9.336913004517555237e-03
8.048313111066818237e-02
3.874855861067771912e-02
2.594760805368423462e-02
-1.083728484809398651e-02
3.045760793611407280e-03
