-2.282829023897647858e-02
-1.445487048476934433e-02
-4.975482076406478882e-02
3.080550115555524826e-03
-7.126675453037023544e-03
-6.555113475769758224e-03
-4.960651695728302002e-02
1.476288866251707077e-02
-2.131557994289323688e-04
4.802149906754493713e-02
-3.553931415081024170e-02
7.550366222858428955e-03
2.768300240859389305e-03
4.210838582366704941e-03
-3.075501322746276855e-02
-2.959571406245231628e-02
1.054590009152889252e-02
1.728663966059684753e-02
8.709484338760375977e-02
4.261459223926067352e-03
7.414401322603225708e-02
2.508241496980190277e-02
3.867937484756112099e-03
9.522273321636021137e-04
3.362225741147994995e-02
8.297698572278022766e-03
-9.712905623018741608e-03
4.323163256049156189e-02
5.304673314094543457e-02
7.475965190678834915e-03
-7.765321526676416397e-03
-1.691862568259239197e-02
-6.058857217431068420e-02
-4.479955136775970459e-02
6.488042324781417847e-02
-1.354446168988943100e-02
-8.356727659702301025e-03
-2.603057026863098145e-02
5.252616852521896362e-02
2.342980727553367615e-02
-1.138494350016117096e-02
8.299206383526325226e-03
-1.621189527213573456e-02
-5.198754742741584778e-02
7.473721634596586227e-03
1.050686580128967762e-03
-3.635279089212417603e-02
4.908197373151779175e-02
-6.624212837778031826e-04
5.299868527799844742e-03
2.995884232223033905e-02
3.745943680405616760e-02
-5.995423998683691025e-03
-2.983121201395988464e-03
-8.014078438282012939e-02
2.764894859865307808e-03
-8.971764147281646729e-02
-1.674030348658561707e-02
8.695503696799278259e-03
-3.704627603292465210e-02
1.408257405273616314e-03
7.707859389483928680e-03
1.415425259619951248e-02
-3.503941744565963745e-02
1.091414969414472580e-02
-1.360759488306939602e-03
4.114373773336410522e-02
-8.349352329969406128e-02
4.956660792231559753e-02
5.830615293234586716e-03
5.776225775480270386e-02
6.689890474081039429e-02
3.915039077401161194e-02
-2.992611192166805267e-02
2.184418961405754089e-02
-3.498799633234739304e-03
3.682917356491088867e-02
4.575907811522483826e-02
-3.436143696308135986e-02
5.950363725423812866e-02
-1.390251237899065018e-02
-2.697883872315287590e-03
2.657116204500198364e-02
6.743687670677900314e-03
-5.849673971533775330e-02
-7.644841098226606846e-04
-5.300986114889383316e-03
9.151048958301544189e-03
-8.648324757814407349e-03
-2.000564523041248322e-02
-1.930741220712661743e-02
1.656851917505264282e-02
-5.764266103506088257e-02
-1.621816307306289673e-02
3.709058463573455811e-02
-1.660485379397869110e-02
-1.988696865737438202e-02
-5.054423119872808456e-03
7.915597409009933472e-03
-7.601333316415548325e-03
-1.001295354217290878e-02
2.196175977587699890e-02
-6.549137178808450699e-03
2.571517415344715118e-02
1.719383522868156433e-02
-8.681254694238305092e-04
-6.545414216816425323e-03
-5.142054706811904907e-02
1.093003805726766586e-02
3.988277167081832886e-02
-1.964064873754978180e-02
-2.254767605336382985e-05
-1.433413289487361908e-02
-2.751832269132137299e-02
1.889490894973278046e-02
2.071193046867847443e-02
-4.345419630408287048e-02
-1.934015005826950073e-02
6.345345079898834229e-02
4.611691460013389587e-03
1.256360951811075211e-02
-2.351187914609909058e-02
7.415342330932617188e-02
2.626314992085099220e-03
1.613017544150352478e-02
8.654605597257614136e-02
-9.799353778362274170e-03
-5.340423062443733215e-02
-2.872768603265285492e-02
5.792627856135368347e-02
-8.081643842160701752e-03
-1.673767901957035065e-02
-4.554625228047370911e-02
-2.758713439106941223e-02
1.167621667264029384e-04
3.095816634595394135e-02
-4.064125195145606995e-02
-1.813086681067943573e-02
-1.948216371238231659e-02
-1.887200772762298584e-02
-4.322408139705657959e-02
1.366175245493650436e-02
2.653757296502590179e-02
3.193614305928349495e-03
-4.211383312940597534e-02
3.028899431228637695e-03
-2.841007895767688751e-02
5.440443009138107300e-02
-4.754646122455596924e-02
5.104569345712661743e-02
5.859295837581157684e-03
-1.386527437716722488e-02
-5.180844571441411972e-03
-6.911446899175643921e-02
-4.888789355754852295e-02
1.479909289628267288e-02
-2.569557726383209229e-02
3.487025573849678040e-02
4.766493290662765503e-02
2.265406213700771332e-02
3.117506392300128937e-02
5.349951237440109253e-02
-2.489434741437435150e-02
9.761059284210205078e-02
2.419671788811683655e-02
-1.806851360015571117e-04
-5.760766193270683289e-02
-8.293075487017631531e-03
5.551070347428321838e-02
1.064152643084526062e-02
4.355202242732048035e-02
5.026844143867492676e-02
1.685157418251037598e-02
4.263476282358169556e-02
4.631701391190290451e-03
1.048919279128313065e-02
3.985263779759407043e-02
1.189073361456394196e-02
1.365595962852239609e-02
6.122301891446113586e-02
-1.669662073254585266e-02
-3.950146585702896118e-02
-2.705704234540462494e-02
1.459843013435602188e-02
4.056092351675033569e-03
4.845132678747177124e-02
-6.102920975536108017e-03
4.358628764748573303e-03
-4.309486970305442810e-02
2.144078724086284637e-02
-4.333009570837020874e-02
2.355737425386905670e-02
4.174332600086927414e-03
7.055447995662689209e-02
-3.931749239563941956e-02
-7.269160449504852295e-02
-2.742667123675346375e-02
-2.256224490702152252e-02
6.199268624186515808e-02
-1.365565322339534760e-02
-2.153643220663070679e-02
4.899650812149047852e-02
4.850694909691810608e-03
-7.864252664148807526e-03
-2.662887051701545715e-02
-4.920189827680587769e-02
-3.913086839020252228e-03
1.953933387994766235e-02
-5.899814888834953308e-03
-4.627995193004608154e-02
-7.068219035863876343e-02
-1.639429293572902679e-02
-3.206405322998762131e-03
1.060653291642665863e-02
-3.063521906733512878e-02
-2.270422503352165222e-02
-6.480564177036285400e-02
3.435658663511276245e-02
-2.911863662302494049e-02
3.944174200296401978e-02
2.456798031926155090e-02
-5.199450254440307617e-02
-1.545304898172616959e-03
3.185133635997772217e-02
5.554553121328353882e-02
-6.371724605560302734e-02
4.297500103712081909e-02
2.688016556203365326e-02
-8.744186721742153168e-03
-1.832625945098698139e-03
-5.231849104166030884e-02
-1.578187383711338043e-02
-8.123891055583953857e-02
8.128999732434749603e-03
-3.248023986816406250e-02
-1.538063865154981613e-02
2.743258886039257050e-02
-4.428210202604532242e-03
-3.935618698596954346e-02
1.135282404720783234e-02
2.441129833459854126e-02
-7.226640731096267700e-02
-3.287387266755104065e-02
-3.807142004370689392e-02
-3.819668490905314684e-04
-6.600624322891235352e-02
-2.659396454691886902e-02
4.912250116467475891e-02
8.478388190269470215e-02
-2.221092581748962402e-02
2.053211815655231476e-02
-6.387624144554138184e-02
3.228468820452690125e-02
-2.431816793978214264e-02
3.640970215201377869e-02
-1.004209741950035095e-01
-7.798780687153339386e-03
-8.081566542387008667e-03
-2.879285812377929688e-02
3.761158511042594910e-02
-5.548245832324028015e-02
4.524775594472885132e-02
2.328261733055114746e-02
1.653320342302322388e-02
-8.753171190619468689e-03
4.046461079269647598e-03
-7.343230303376913071e-03
4.703847318887710571e-02
3.882053121924400330e-02
-2.508384920656681061e-02
-2.725241705775260925e-02
3.510996699333190918e-02
1.580107770860195160e-02
-5.730179697275161743e-02
3.411989286541938782e-02
-1.369604747742414474e-02
2.501482889056205750e-02
2.637952798977494240e-03
-2.438972878735512495e-04
6.890790164470672607e-02
3.493453562259674072e-02
2.414303086698055267e-02
3.620187938213348389e-02
-1.554994471371173859e-02
3.777590766549110413e-02
-4.499963670969009399e-02
1.012811288237571716e-01
-2.835792116820812225e-02
1.085947901010513306e-01
-2.003724221140146255e-03
-1.193510591983795166e-01
3.687771409749984741e-02
1.033782027661800385e-02
3.964432328939437866e-02
1.402856968343257904e-02
4.291613027453422546e-02
-6.875393539667129517e-02
-6.598161160945892334e-02
-1.403598114848136902e-02
5.767120048403739929e-02
2.300097048282623291e-02
7.544266525655984879e-03
-4.146742075681686401e-02
2.235176786780357361e-02
2.245700685307383537e-03
-1.293356902897357941e-02
4.592896904796361923e-03
-3.389835730195045471e-02
-5.303195118904113770e-02
3.761790692806243896e-02
3.874261863529682159e-03
4.866376891732215881e-02
2.543626911938190460e-02
5.388561636209487915e-03
-5.725525785237550735e-03
-2.560376375913619995e-02
-5.659258738160133362e-02
1.178318355232477188e-02
-4.820561036467552185e-02
-2.481291070580482483e-02
3.027939237654209137e-02
4.255105927586555481e-02
1.217796187847852707e-02
8.100429549813270569e-03
5.373025313019752502e-03
2.807963639497756958e-02
-1.052492186427116394e-01
-6.748766452074050903e-02
3.872651606798171997e-02
-3.418233618140220642e-02
2.937253448180854321e-04
2.274455688893795013e-02
2.390544395893812180e-03
-1.458768732845783234e-02
-4.870249889791011810e-03
-4.663697630167007446e-02
-2.948523126542568207e-02
-1.926731131970882416e-02
6.837666034698486328e-03
-1.074310275726020336e-03
8.269432000815868378e-03
-6.342124193906784058e-02
-4.331713542342185974e-02
-1.569499447941780090e-02
-7.541028410196304321e-02
-6.179162859916687012e-02
-7.197301834821701050e-02
-1.260104589164257050e-02
7.994856685400009155e-02
2.304357104003429413e-02
5.515110865235328674e-02
3.083708882331848145e-02
-1.482767635025084019e-03
-9.497459977865219116e-03
6.065467745065689087e-02
-2.556098997592926025e-02
8.393322117626667023e-03
-1.682686246931552887e-02
2.286055684089660645e-02
-4.746600519865751266e-03
-7.476364076137542725e-02
3.343412652611732483e-02
-2.044764719903469086e-02
6.702717859297990799e-03
3.656335547566413879e-02
-1.246643066406250000e-02
3.345049917697906494e-02
-3.128191165160387754e-04
-3.159921150654554367e-03
-2.627514302730560303e-02
-2.313306182622909546e-02
-1.893762126564979553e-02
-3.391402959823608398e-02
-5.346692353487014771e-02
-3.663524240255355835e-02
1.093880832195281982e-02
-4.851996432989835739e-03
8.478308469057083130e-02
4.846296459436416626e-02
-2.612076140940189362e-02
-6.258456408977508545e-02
3.829032927751541138e-02
3.342660516500473022e-02
8.311881124973297119e-02
3.324019163846969604e-02
2.615827135741710663e-02
6.802530586719512939e-02
5.458982661366462708e-03
-3.412546589970588684e-02
-3.754671663045883179e-02
-6.197339855134487152e-03
-1.330802123993635178e-02
-9.156066924333572388e-02
4.105130583047866821e-02
6.396665424108505249e-02
-2.362385205924510956e-02
-6.975072436034679413e-03
-4.364513978362083435e-02
1.958146877586841583e-02
-6.881804019212722778e-02
1.464419905096292496e-02
-2.448717318475246429e-02
-1.725319889374077320e-03
2.567891729995608330e-03
6.550722755491733551e-03
-4.262543842196464539e-02
7.665595039725303650e-03
8.222722262144088745e-02
5.110639333724975586e-02
8.717890828847885132e-03
-6.986580044031143188e-02
9.728153795003890991e-02
-8.455112576484680176e-03
9.527246654033660889e-02
6.725248415023088455e-03
-4.263116791844367981e-02
7.664137519896030426e-03
-1.695195026695728302e-02
-6.793784443289041519e-03
3.451427072286605835e-02
-4.421582911163568497e-03
-3.043007291853427887e-02
1.129108201712369919e-02
1.156610623002052307e-02
2.163025736808776855e-02
1.942439191043376923e-02
-2.038794010877609253e-02
2.305851876735687256e-02
-5.492670834064483643e-02
-5.146026238799095154e-02
-4.029752686619758606e-02
-1.438016165047883987e-02
6.616588681936264038e-03
1.794490590691566467e-02
2.629700116813182831e-02
-3.081621369346976280e-03
-5.363645777106285095e-02
2.243711054325103760e-02
-4.245394468307495117e-02
9.374449960887432098e-03
-2.548336051404476166e-02
-2.237550681456923485e-03
1.861774735152721405e-02
3.640974685549736023e-02
1.297474373131990433e-02
3.095774538815021515e-02
5.621010065078735352e-02
3.740095347166061401e-02
8.066702284850180149e-04
3.011807985603809357e-02
-1.236719824373722076e-02
-1.232313457876443863e-02
4.904655739665031433e-02
-3.979143127799034119e-02
-1.586557738482952118e-02
-3.763547539710998535e-02
4.406334832310676575e-03
3.342372551560401917e-02
2.175099775195121765e-02
6.455279886722564697e-02
-1.593001745641231537e-02
-1.302989106625318527e-02
1.797677017748355865e-02
8.251097798347473145e-02
-1.674695126712322235e-02
1.938007958233356476e-02
-6.087203696370124817e-02
3.466006368398666382e-02
-6.593009922653436661e-03
-5.813646595925092697e-03
5.221426114439964294e-02
1.158933434635400772e-02
-1.715097203850746155e-02
-6.793782114982604980e-02
2.070047706365585327e-02
1.034331321716308594e-02
-1.213910244405269623e-02
-3.990976139903068542e-03
9.052680805325508118e-03
-8.063808083534240723e-02
4.337155446410179138e-02
2.338369563221931458e-02
-5.412860587239265442e-02
-2.002750523388385773e-02
2.549855969846248627e-02
7.501047104597091675e-02
-2.695346437394618988e-02
-2.388879656791687012e-02
-2.764598838984966278e-02
-4.997187480330467224e-02
2.030960656702518463e-02
-1.520915515720844269e-02
-3.115746751427650452e-02
-5.246197432279586792e-02
9.072951972484588623e-03
-2.838978916406631470e-02
-1.842740550637245178e-02
1.332516595721244812e-02
7.399399764835834503e-04
-1.130838133394718170e-02
-4.604687914252281189e-02
-6.907556205987930298e-02
1.877965405583381653e-02
2.752694673836231232e-02
2.788547985255718231e-02
-9.823834989219903946e-04
4.239507764577865601e-02
5.280547775328159332e-03
5.161261558532714844e-02
2.189439907670021057e-02
-1.509159896522760391e-02
-7.020284421741962433e-03
6.149148568511009216e-02
-5.646264180541038513e-02
2.957869088277220726e-03
-2.583507262170314789e-02
4.065369814634323120e-02
-5.438832566142082214e-02
-1.136339455842971802e-02
4.118861164897680283e-03
-3.551172558218240738e-03
5.734616145491600037e-02
-3.505984693765640259e-02
7.477534469217061996e-03
2.690103650093078613e-02
7.515488658100366592e-03
-7.008013874292373657e-02
-2.127463184297084808e-02
-4.509583488106727600e-02
1.403109356760978699e-02
-3.066419856622815132e-03
2.810603706166148186e-03
-1.532425638288259506e-02
-5.915696173906326294e-02
2.818419784307479858e-02
-4.083363711833953857e-02
-2.956482768058776855e-02
3.452008962631225586e-02
1.526099536567926407e-02
-1.530978735536336899e-02
-2.807414857670664787e-03
2.674205973744392395e-02
-1.288009807467460632e-03
-2.061184495687484741e-02
-2.869808487594127655e-02
1.675554923713207245e-02
-2.318673394620418549e-02
9.660113602876663208e-03
-7.418780028820037842e-02
2.941634505987167358e-03
7.011940330266952515e-02
-6.963158957660198212e-03
2.805607952177524567e-02
-1.701054722070693970e-02
-6.996239535510540009e-03
6.225216784514486790e-04
2.323415596038103104e-03
8.661496639251708984e-02
-2.718569897115230560e-02
1.706584542989730835e-02
3.732395172119140625e-02
4.591854661703109741e-02
-6.386180967092514038e-02
-3.872617706656455994e-02
-7.185449451208114624e-02
-4.605866502970457077e-03
3.881935775279998779e-02
-7.213830202817916870e-02
-2.125764824450016022e-02
-8.307620882987976074e-03
-6.292033940553665161e-02
2.287552878260612488e-02
-1.495764963328838348e-02
1.876387186348438263e-02
8.636055514216423035e-03
-1.592533849179744720e-02
4.457212984561920166e-02
8.538235910236835480e-03
3.846834227442741394e-02
2.569031901657581329e-02
-4.154600668698549271e-03
-3.808722272515296936e-02
2.800182066857814789e-02
1.340596191585063934e-02
-4.117193073034286499e-02
-8.592638373374938965e-02
5.738568305969238281e-02
5.257099121809005737e-02
-2.054894156754016876e-02
-2.704280428588390350e-02
2.669207006692886353e-02
-5.845773592591285706e-02
7.581756263971328735e-02
-3.194909542798995972e-02
3.444335609674453735e-02
5.394516512751579285e-02
5.915385205298662186e-03
-2.260440029203891754e-02
-3.289104625582695007e-02
-3.605813905596733093e-02
6.075276806950569153e-02
-6.251104176044464111e-03
4.320392757654190063e-02
-1.752646639943122864e-02
-9.960848838090896606e-03
-2.184619009494781494e-02
-4.176816716790199280e-02
-3.352096676826477051e-02
1.622121431864798069e-03
-1.421459205448627472e-02
-5.870613828301429749e-02
2.620725892484188080e-02
-1.689413562417030334e-02
1.401089539285749197e-04
7.065600715577602386e-03
-3.791857883334159851e-02
2.208164427429437637e-03
-2.391281304880976677e-04
-1.374730141833424568e-03
-6.933888792991638184e-02
-5.439607053995132446e-02
-6.582324206829071045e-02
-2.376455627381801605e-02
1.953834481537342072e-02
1.564101129770278931e-02
2.790219150483608246e-02
7.030843198299407959e-02
3.383328020572662354e-02
-2.776683121919631958e-02
1.895226910710334778e-02
-4.599792009685188532e-04
5.328244343400001526e-02
-1.665279641747474670e-02
1.908531039953231812e-02
1.447752676904201508e-02
2.511427551507949829e-02
3.931690007448196411e-02
2.591210044920444489e-02
3.270446881651878357e-02
1.320173870772123337e-02
-8.240859955549240112e-02
1.814619451761245728e-02
-3.031070157885551453e-02
-4.017607122659683228e-02
-6.816549692302942276e-03
-5.240806378424167633e-03
-1.431369781494140625e-02
-3.704902529716491699e-02
2.726826258003711700e-02
1.599443145096302032e-02
-3.812820359598845243e-04
-5.773569643497467041e-02
-1.324134040623903275e-02
2.303045615553855896e-02
5.811232700943946838e-02
1.400719881057739258e-01
-5.306312814354896545e-02
-3.109205514192581177e-02
-1.999705098569393158e-02
-6.822726689279079437e-03
-2.633214928209781647e-02
4.575335606932640076e-02
1.807974465191364288e-02
3.779217600822448730e-02
3.749453276395797729e-02
-2.484684810042381287e-02
3.559926152229309082e-02
-1.070881821215152740e-02
-4.741081222891807556e-02
6.418285891413688660e-03
-3.392035514116287231e-02
-6.261166930198669434e-02
6.130246073007583618e-02
1.425837166607379913e-02
-1.760116219520568848e-02
2.293550223112106323e-02
-7.590340822935104370e-02
-5.305889993906021118e-03
2.156995795667171478e-02
-3.126573190093040466e-02
-1.186793949455022812e-02
3.244187310338020325e-02
-2.925863955169916153e-03
-4.788069054484367371e-02
6.508339941501617432e-02
-4.830921068787574768e-02
7.070202846080064774e-03
1.395771373063325882e-02
-9.521604515612125397e-03
7.513772696256637573e-02
-2.136316709220409393e-02
-1.108849328011274338e-02
-2.112624235451221466e-02
-8.651277050375938416e-03
2.161791920661926270e-02
1.704214722849428654e-03
-3.761789202690124512e-02
-1.089725061319768429e-03
1.665867678821086884e-02
-1.930262707173824310e-02
3.437003865838050842e-02
-1.759795658290386200e-02
9.537643939256668091e-02
5.534303933382034302e-02
-9.115067869424819946e-02
3.137726336717605591e-02
-7.213921844959259033e-02
-1.384864468127489090e-02
-5.435221269726753235e-02
-4.581977054476737976e-02
-6.153237074613571167e-02
-2.443404635414481163e-03
-2.306729182600975037e-02
-5.578202661126852036e-03
-1.022301800549030304e-02
3.632621839642524719e-02
5.131645593792200089e-03
4.662778973579406738e-02
1.539940387010574341e-02
-8.954423666000366211e-02
-2.211507409811019897e-03
-5.635340348817408085e-04
7.221042364835739136e-02
5.977402254939079285e-02
-3.517119586467742920e-02
2.863653376698493958e-02
1.936646178364753723e-03
2.269549295306205750e-02
5.637127161026000977e-02
1.541041303426027298e-02
4.087467677891254425e-03
5.999104585498571396e-03
5.382010713219642639e-02
4.648713767528533936e-02
-5.727228894829750061e-02
1.762743666768074036e-02
-3.094003535807132721e-03
-6.210509687662124634e-03
7.165626436471939087e-02
1.502645947039127350e-02
3.215571492910385132e-02
-9.079883806407451630e-03
1.267657615244388580e-02
2.691490389406681061e-02
-1.254026964306831360e-02
-5.954828578978776932e-03
-1.355628482997417450e-02
2.397312596440315247e-02
6.284357514232397079e-03
-2.877057157456874847e-02
6.316694617271423340e-02
-3.970111533999443054e-02
-1.262454036623239517e-02
8.350755088031291962e-03
-1.257856469601392746e-02
2.728844434022903442e-02
-6.381043791770935059e-02
1.595668122172355652e-02
-1.965072751045227051e-02
5.390933365561068058e-04
3.088936395943164825e-02
-5.256929621100425720e-02
-4.956457391381263733e-02
1.077582091093063354e-01
-4.817902296781539917e-02
1.328530721366405487e-03
1.284523168578743935e-03
-3.331142663955688477e-02
4.155561700463294983e-02
-4.103432223200798035e-02
1.255118171684443951e-03
2.980504184961318970e-02
-3.313937783241271973e-02
2.886540023609995842e-03
8.102752268314361572e-02
-3.431011363863945007e-02
-2.980043739080429077e-02
-2.506810612976551056e-02
-9.335470944643020630e-02
-5.909488722681999207e-02
9.838210418820381165e-03
4.106064140796661377e-02
-1.257375162094831467e-02
-5.155238881707191467e-02
3.071169182658195496e-02
-4.923433437943458557e-02
2.207363955676555634e-02
4.307668656110763550e-02
4.903234168887138367e-02
3.995474427938461304e-02
3.701497800648212433e-03
8.679634891450405121e-03
8.161285519599914551e-02
-5.120292678475379944e-02
-7.052716612815856934e-02
8.263587951660156250e-02
-4.456662107259035110e-03
-5.955906212329864502e-02
1.906565949320793152e-02
-3.756862366572022438e-03
2.292487025260925293e-02
-2.023221924901008606e-02
4.132166039198637009e-03
3.867380321025848389e-02
2.608329616487026215e-02
-5.195872858166694641e-02
2.727584168314933777e-02
2.417712099850177765e-02
-1.007835641503334045e-01
-2.075920626521110535e-02
-4.928575828671455383e-02
-1.890970580279827118e-02
-6.776095926761627197e-02
-1.433806866407394409e-02
5.352375283837318420e-02
-4.826199635863304138e-02
-3.214430436491966248e-02
2.516201511025428772e-02
2.248016744852066040e-02
5.189372226595878601e-02
-2.580885775387287140e-02
2.709274180233478546e-02
-2.437121048569679260e-02
-7.445450872182846069e-03
2.178820967674255371e-02
7.510001771152019501e-03
9.235342964529991150e-03
-9.508306160569190979e-03
3.648493811488151550e-02
-5.664219334721565247e-02
1.642012596130371094e-02
-4.567326395772397518e-04
6.866937875747680664e-02
-1.698703505098819733e-02
6.766550242900848389e-02
-5.893899127840995789e-02
-1.660998165607452393e-02
-5.808030813932418823e-02
-1.095861792564392090e-01
5.747780576348304749e-02
-5.467065796256065369e-02
-2.841800078749656677e-02
7.057743519544601440e-02
5.253136530518531799e-02
-1.672264188528060913e-02
4.645407572388648987e-02
-9.493064880371093750e-02
-3.885698970407247543e-03
9.613039903342723846e-03
3.332171216607093811e-02
-1.884501986205577850e-02
-4.440728574991226196e-02
4.179672524333000183e-02
1.884823851287364960e-02
-9.060153737664222717e-03
3.310323879122734070e-02
6.368444859981536865e-02
-5.872309580445289612e-02
8.464761078357696533e-03
-5.447966605424880981e-02
-9.295228868722915649e-03
-2.175521105527877808e-02
-2.776581235229969025e-02
-5.095553770661354065e-02
-4.103803634643554688e-02
-9.070422500371932983e-02
-9.480031207203865051e-03
-3.054631501436233521e-02
-9.280961006879806519e-03
-4.047743976116180420e-02
4.780752211809158325e-02
-8.068145066499710083e-02
3.408687561750411987e-02
1.301277149468660355e-02
-2.037945948541164398e-02
-3.735579177737236023e-02
-3.636751696467399597e-02
-3.747123293578624725e-03
5.449452251195907593e-02
-5.492442287504673004e-03
1.052129268646240234e-02
1.280664373189210892e-02
-2.560829930007457733e-02
1.200225111097097397e-02
-9.210022538900375366e-02
-3.488498926162719727e-02
-1.198628358542919159e-02
-7.855114527046680450e-03
-7.392839994281530380e-03
-3.311334922909736633e-02
-3.719968348741531372e-02
-6.895975675433874130e-03
-1.150263100862503052e-02
1.562898047268390656e-02
-4.048861935734748840e-02
-4.249542579054832458e-02
2.127465233206748962e-02
-4.785818234086036682e-02
-6.409291923046112061e-02
-1.095621287822723389e-02
2.245578914880752563e-02
7.272383570671081543e-02
-5.809517204761505127e-02
3.191479668021202087e-02
3.387936577200889587e-02
-5.939850583672523499e-03
4.070428386330604553e-02
-4.978767782449722290e-02
-1.842098869383335114e-02
-1.178969964385032654e-01
1.282533910125494003e-02
-3.885222971439361572e-02
5.402496550232172012e-03
8.703422546386718750e-02
-2.581117674708366394e-02
-3.084256872534751892e-02
-3.644390730187296867e-03
-1.277482043951749802e-02
-1.109167095273733139e-02
3.846682235598564148e-02
-3.976726904511451721e-02
-2.809590660035610199e-02
-1.558327581733465195e-02
-7.797092944383621216e-02
-1.803684979677200317e-02
3.267214074730873108e-02
4.920576885342597961e-02
-2.056493796408176422e-02
-3.395840758457779884e-03
1.733568497002124786e-02
2.637041360139846802e-02
6.642749998718500137e-03
-2.887603826820850372e-02
-6.805529817938804626e-03
-1.090125367045402527e-02
3.417318221181631088e-03
-9.172893129289150238e-03
-8.724475279450416565e-03
3.895641118288040161e-02
4.123235866427421570e-02
1.789278350770473480e-02
1.545673701912164688e-02
1.520072948187589645e-02
2.531595900654792786e-02
-3.525175852701067924e-03
-8.241911977529525757e-02
-1.392549555748701096e-02
4.365643486380577087e-02
-2.227551769465208054e-03
-9.525633417069911957e-03
5.162478983402252197e-02
-8.353096200153231621e-04
-9.005328640341758728e-03
3.180686011910438538e-02
-4.583870992064476013e-02
-6.351468712091445923e-02
6.862014997750520706e-03
-3.864420950412750244e-02
-9.948264807462692261e-02
-5.091255903244018555e-02
-2.395480498671531677e-02
-1.098569668829441071e-02
4.205531999468803406e-02
-2.500926516950130463e-02
4.188771918416023254e-02
-1.846407726407051086e-02
-2.076701930491253734e-04
-1.376988133415579796e-03
-4.065548256039619446e-02
2.660269476473331451e-02
-2.069550007581710815e-02
5.814180150628089905e-02
-2.041065320372581482e-02
1.750784553587436676e-02
-3.777983412146568298e-02
-2.171242143958806992e-03
-1.653237640857696533e-02
-8.760645054280757904e-03
9.487061947584152222e-02
4.588642343878746033e-02
4.308854788541793823e-02
5.182099062949419022e-03
-1.430796552449464798e-02
-6.264444440603256226e-02
2.950955368578433990e-02
2.246712148189544678e-02
-1.453808229416608810e-02
1.990152150392532349e-02
-2.823260053992271423e-02
-1.025880407541990280e-02
-7.164911925792694092e-02
-4.437630251049995422e-02
-3.034486249089241028e-02
2.117168717086315155e-02
-4.203556850552558899e-02
2.559250965714454651e-02
-1.429249625653028488e-02
5.114087089896202087e-02
6.963003426790237427e-02
-3.141902014613151550e-02
-1.088256761431694031e-02
-5.331839434802532196e-03
4.268387705087661743e-02
2.391691552475094795e-03
2.000671438872814178e-02
-5.050029233098030090e-02
5.655699409544467926e-03
7.676742225885391235e-02
-2.510278718546032906e-03
1.227534096688032150e-02
1.108928211033344269e-02
5.899704247713088989e-02
-4.101283848285675049e-02
-2.622794592753052711e-03
-1.542695052921772003e-02
7.117415219545364380e-02
6.179332267493009567e-03
1.833311840891838074e-02
-3.931668028235435486e-02
-1.332585327327251434e-02
-3.414005041122436523e-02
3.227528184652328491e-02
1.103898808360099792e-01
3.885720297694206238e-02
