5.395906791090965271e-02
9.669349342584609985e-02
1.466269046068191528e-02
-7.538474164903163910e-03
-1.128506939858198166e-02
-4.694129154086112976e-02
4.989685118198394775e-02
7.717306166887283325e-02
-4.332093149423599243e-02
2.552132681012153625e-02
3.010223433375358582e-02
-6.884235888719558716e-02
-3.958562854677438736e-03
-6.783157587051391602e-02
1.510788034647703171e-02
-3.462832886725664139e-03
9.589447872713208199e-04
1.267446111887693405e-02
1.062152907252311707e-01
-7.946857064962387085e-02
-2.573882788419723511e-02
-1.854726811870932579e-03
2.630016580224037170e-02
-6.497551500797271729e-02
-3.247482702136039734e-02
-1.343392580747604370e-02
1.406789384782314301e-02
-5.534439533948898315e-02
-2.116603218019008636e-02
-6.299513578414916992e-02
-6.584554910659790039e-02
-1.150025799870491028e-01
-4.152711108326911926e-02
-8.658239990472793579e-02
-5.283076316118240356e-02
-4.208204150199890137e-02
-4.100823774933815002e-02
5.462653562426567078e-02
-1.936370856128633022e-03
2.146897092461585999e-02
-2.149942331016063690e-02
-2.688669040799140930e-02
3.779781982302665710e-02
-3.560792282223701477e-02
1.959668472409248352e-03
-9.077650308609008789e-02
-1.369739300571382046e-03
2.821362018585205078e-02
-1.251824758946895599e-02
6.583628803491592407e-02
1.548277586698532104e-02
-2.218652050942182541e-03
-3.095551766455173492e-02
1.182197220623493195e-02
-6.429160386323928833e-02
4.411736875772476196e-02
5.314349755644798279e-02
4.162225872278213501e-02
1.407735329121351242e-02
-8.319041877985000610e-02
-7.255297154188156128e-02
7.236566394567489624e-02
4.961255006492137909e-03
-2.222261205315589905e-02
4.313597828149795532e-02
-1.913096942007541656e-02
-9.034336358308792114e-02
-5.954514443874359131e-02
3.638892248272895813e-02
-8.493572473526000977e-02
8.284986764192581177e-02
5.882906913757324219e-02
-3.364236280322074890e-02
7.486975938081741333e-02
1.588863879442214966e-02
-6.110836192965507507e-02
1.027266755700111389e-01
-2.332830987870693207e-02
-9.868704527616500854e-02
-8.755045384168624878e-02
-3.230875357985496521e-02
1.404713280498981476e-02
3.125045821070671082e-02
-2.943908981978893280e-02
-7.260238286107778549e-03
-2.881934307515621185e-02
8.046304434537887573e-02
2.297145873308181763e-02
-4.736116528511047363e-02
1.133758202195167542e-02
1.177322771400213242e-02
1.610124297440052032e-02
5.193687975406646729e-02
-3.172694891691207886e-02
5.860428139567375183e-02
5.710596218705177307e-02
-6.903380155563354492e-02
-5.030213296413421631e-02
-6.399974972009658813e-02
2.409782633185386658e-02
2.553408592939376831e-02
-4.148669168353080750e-02
5.725024733692407608e-03
1.041007786989212036e-01
3.527617081999778748e-02
1.195012554526329041e-01
1.056932937353849411e-02
3.469053655862808228e-02
4.152543097734451294e-02
-4.450023639947175980e-03
-4.273548722267150879e-02
9.092389605939388275e-03
2.147497236728668213e-02
-6.628506816923618317e-03
-2.137438580393791199e-02
2.121218666434288025e-02
-4.846503585577011108e-02
-7.313532382249832153e-02
-2.551355585455894470e-02
-7.033493369817733765e-03
5.036855582147836685e-03
3.514161333441734314e-02
3.402443230152130127e-02
-4.974497482180595398e-02
9.707874059677124023e-02
1.355482041835784912e-01
1.193006406538188457e-03
4.341524094343185425e-02
-6.760997697710990906e-03
-5.037079006433486938e-02
3.476758673787117004e-02
6.014819815754890442e-02
3.387050703167915344e-03
4.301637411117553711e-02
-2.500580623745918274e-02
5.546065047383308411e-02
3.191519994288682938e-03
-2.865740470588207245e-02
4.887444525957107544e-02
-5.446394532918930054e-02
4.687140136957168579e-02
-5.372487008571624756e-02
-7.818490266799926758e-02
-5.116248130798339844e-02
-3.879963606595993042e-02
-3.473257645964622498e-02
5.441464483737945557e-02
3.315187757834792137e-03
-3.076439257711172104e-03
-5.779113620519638062e-02
5.470320582389831543e-02
5.928798392415046692e-02
-5.000149831175804138e-02
-7.715650647878646851e-02
-4.684629291296005249e-02
9.169404208660125732e-02
-2.392044477164745331e-02
-2.010322175920009613e-03
3.260855330154299736e-03
3.349433466792106628e-02
-5.034664273262023926e-02
-2.556922100484371185e-02
3.090403974056243896e-02
-5.460070678964257240e-04
4.685852304100990295e-02
-6.036811321973800659e-02
-6.512957811355590820e-02
-4.387492686510086060e-02
-4.754085093736648560e-02
-2.491377666592597961e-02
-4.443089291453361511e-02
-3.753099590539932251e-02
8.632746525108814240e-03
4.527785629034042358e-02
-3.428753465414047241e-02
-6.248275190591812134e-02
-1.591477356851100922e-02
-2.837038598954677582e-02
-1.061314623802900314e-02
4.856036975979804993e-02
3.440459072589874268e-02
-2.901826752349734306e-03
-3.947637230157852173e-02
-5.729991476982831955e-03
4.072817042469978333e-02
3.381709754467010498e-02
3.395283222198486328e-02
-7.208029925823211670e-02
-4.210077598690986633e-02
6.878939457237720490e-04
7.632024586200714111e-02
-7.465410232543945312e-02
-4.002217575907707214e-02
-5.327581241726875305e-02
5.705613642930984497e-02
2.552028931677341461e-02
-5.362558644264936447e-03
4.564790800213813782e-02
-5.440136883407831192e-03
2.317515201866626740e-02
2.274097409099340439e-03
1.870202086865901947e-02
1.028131470084190369e-01
3.153022006154060364e-02
1.661886647343635559e-02
2.468367293477058411e-02
2.611920936033129692e-03
5.937919393181800842e-02
1.718674600124359131e-02
-1.821249350905418396e-02
1.078984048217535019e-02
8.767610415816307068e-03
-6.469721556641161442e-04
-8.709100075066089630e-03
1.337753329426050186e-02
-4.490543529391288757e-02
1.626895554363727570e-02
7.112160325050354004e-02
6.223890930414199829e-02
5.072772502899169922e-03
9.751960635185241699e-02
-1.518619433045387268e-02
3.560189902782440186e-02
-2.497025951743125916e-02
3.313753381371498108e-02
-1.160944811999797821e-02
6.356742233037948608e-02
3.845734521746635437e-03
-1.876170188188552856e-02
7.968904078006744385e-02
4.052750021219253540e-02
5.786584690213203430e-03
-8.855189383029937744e-02
-6.901893019676208496e-02
-5.558800697326660156e-02
-1.424923446029424667e-02
-6.013601645827293396e-02
-4.667542129755020142e-02
1.814954914152622223e-02
2.617764659225940704e-02
-3.001256100833415985e-02
-4.351084679365158081e-02
6.433854810893535614e-03
-4.475291818380355835e-02
-5.033509805798530579e-02
-3.499971702694892883e-02
-3.875675424933433533e-02
8.525442332029342651e-03
1.402219757437705994e-02
-3.828518465161323547e-02
-4.216642305254936218e-02
-3.860158845782279968e-02
-1.247063558548688889e-02
4.597273096442222595e-02
4.505776241421699524e-02
7.107609510421752930e-02
-1.846384629607200623e-02
-4.117336869239807129e-02
-1.465394394472241402e-03
-6.283073872327804565e-02
6.206066533923149109e-02
-2.127256430685520172e-02
-5.095760151743888855e-02
3.311831131577491760e-02
2.416941151022911072e-02
-6.449018418788909912e-02
-1.451781950891017914e-02
-8.000776916742324829e-02
3.084066882729530334e-02
-3.882311284542083740e-03
-5.165676400065422058e-02
1.207215525209903717e-02
-9.769089519977569580e-03
1.119588781148195267e-02
-1.108470559120178223e-01
1.027609128504991531e-02
9.113378822803497314e-02
3.444160148501396179e-02
2.765465341508388519e-02
-1.072423756122589111e-01
-3.297537937760353088e-02
-4.037873819470405579e-02
8.588489890098571777e-02
-1.038890983909368515e-02
4.858737811446189880e-02
5.942389741539955139e-02
-4.108591377735137939e-02
9.646812826395034790e-02
-3.463818132877349854e-02
-1.998549140989780426e-02
7.953085936605930328e-03
-8.370315283536911011e-02
-2.978836372494697571e-02
1.784892939031124115e-02
-2.226376347243785858e-02
-4.981644079089164734e-02
-5.977262556552886963e-02
-1.926186494529247284e-02
-1.070013269782066345e-01
-6.193803157657384872e-03
-1.029791384935379028e-01
4.286180809140205383e-02
-5.984759703278541565e-02
-7.955040782690048218e-02
-9.850617498159408569e-03
7.350355386734008789e-02
-1.188631984405219555e-03
7.260214537382125854e-02
8.878156542778015137e-02
6.178542226552963257e-02
-2.074076049029827118e-02
-3.175117075443267822e-02
3.697601333260536194e-02
3.752412647008895874e-02
4.615716263651847839e-02
9.834682196378707886e-02
-3.020651265978813171e-02
6.961984187364578247e-02
-1.602592132985591888e-02
-3.310552984476089478e-02
-2.115846611559391022e-02
-2.890863642096519470e-02
2.222635224461555481e-02
2.963323704898357391e-02
7.583702355623245239e-02
6.143823266029357910e-02
-2.316437428817152977e-03
-8.497289568185806274e-02
4.207726195454597473e-02
8.700454491190612316e-04
1.052072346210479736e-01
4.077793285250663757e-02
1.869004778563976288e-02
2.673322148621082306e-02
5.349031090736389160e-02
4.608740657567977905e-02
1.158065199851989746e-01
-1.529304403811693192e-02
-3.158204630017280579e-02
-3.529125079512596130e-02
-7.183127105236053467e-02
-6.019943207502365112e-02
8.909466117620468140e-02
5.902345851063728333e-02
-2.598820999264717102e-02
-4.587412998080253601e-02
-3.924769535660743713e-02
3.097804263234138489e-02
5.376365780830383301e-02
6.749495863914489746e-02
-1.166241429746150970e-02
-3.841128572821617126e-02
5.538634490221738815e-03
-2.189317904412746429e-02
-6.593441125005483627e-03
-8.642013184726238251e-03
7.586901541799306870e-03
-1.346052973531186581e-03
2.352611906826496124e-02
-1.928792893886566162e-02
1.491469703614711761e-02
4.699114710092544556e-02
-2.787821739912033081e-02
6.073245778679847717e-02
2.032076474279165268e-03
4.817053675651550293e-02
1.577412523329257965e-02
-1.078203022480010986e-01
1.787533238530158997e-02
2.497016265988349915e-02
-5.612976383417844772e-03
-3.191576525568962097e-02
-4.757527261972427368e-03
-2.383825369179248810e-02
2.270139381289482117e-02
3.535580262541770935e-02
1.256769173778593540e-03
3.399677574634552002e-02
-3.552892431616783142e-02
5.207688733935356140e-02
4.543730523437261581e-03
-8.288972079753875732e-02
1.026013642549514771e-01
-2.856731414794921875e-02
-2.116866782307624817e-02
-1.210917346179485321e-02
-8.535011857748031616e-02
2.740050666034221649e-02
-3.664438053965568542e-02
7.509014010429382324e-02
-8.627752959728240967e-02
5.599028617143630981e-02
-6.897681951522827148e-02
1.132496050558984280e-03
-1.899756118655204773e-02
-5.634621903300285339e-02
4.595318064093589783e-02
-1.517400518059730530e-02
-3.457594197243452072e-03
-3.553796187043190002e-02
3.197800740599632263e-02
8.796115219593048096e-02
5.773886293172836304e-02
-3.695927932858467102e-02
6.818420439958572388e-02
-4.023065045475959778e-02
-2.915400452911853790e-02
3.963382169604301453e-02
1.547846756875514984e-02
2.271786890923976898e-02
-2.814194187521934509e-02
6.390338297933340073e-03
1.611692830920219421e-02
1.765976659953594208e-02
-9.375406056642532349e-02
-1.149917673319578171e-02
1.017603930085897446e-02
-8.198653906583786011e-02
-3.400948643684387207e-02
-3.857144713401794434e-02
7.052670419216156006e-02
-2.033684030175209045e-02
-2.102451212704181671e-02
2.965824492275714874e-02
1.749997213482856750e-02
-7.231593877077102661e-02
-4.354055970907211304e-02
-6.803198903799057007e-02
2.099879086017608643e-02
-5.882070958614349365e-02
7.943651080131530762e-02
-1.916854269802570343e-02
1.502651255577802658e-02
-3.150828927755355835e-02
-4.128945991396903992e-02
3.754667565226554871e-02
-1.987397111952304840e-02
1.157523225992918015e-02
2.541954442858695984e-02
1.571197435259819031e-02
-3.501753881573677063e-02
8.868562430143356323e-02
4.722739756107330322e-02
-7.055690139532089233e-02
6.559370458126068115e-02
-1.858177222311496735e-02
-4.829937964677810669e-02
1.783717423677444458e-02
1.300350204110145569e-02
1.292525511234998703e-02
-4.558541625738143921e-02
6.653476506471633911e-02
7.387822959572076797e-03
-3.555393079295754433e-03
6.154288351535797119e-02
4.255110025405883789e-02
8.590697310864925385e-03
5.421697720885276794e-02
-9.519764780998229980e-02
-6.275291088968515396e-03
-2.375492826104164124e-02
-1.613819785416126251e-02
-2.913685515522956848e-02
1.939819753170013428e-02
2.947392128407955170e-02
-8.762867189943790436e-03
9.795943647623062134e-02
8.776152506470680237e-03
-3.706878982484340668e-03
-7.761244475841522217e-02
3.212406858801841736e-02
-8.083799481391906738e-02
8.734904229640960693e-02
-4.689465463161468506e-02
-1.839226298034191132e-02
-5.779266357421875000e-02
-3.181289182975888252e-03
-4.717463999986648560e-02
-3.283989802002906799e-02
-1.206112001091241837e-02
2.070252224802970886e-02
-9.191341698169708252e-03
1.314107887446880341e-02
3.011843934655189514e-02
-6.760112941265106201e-02
2.036060765385627747e-02
3.740180656313896179e-02
-9.837592951953411102e-04
-7.267779111862182617e-02
-3.450773656368255615e-02
1.807226613163948059e-02
8.989496156573295593e-03
6.471200380474328995e-03
-1.118729636073112488e-01
2.952973591163754463e-03
-7.161734253168106079e-02
3.106933645904064178e-02
-4.216032475233078003e-02
1.408907119184732437e-02
1.000574789941310883e-02
3.534100204706192017e-02
3.388832882046699524e-02
1.001416295766830444e-01
4.975029826164245605e-02
8.058776706457138062e-02
-2.206880599260330200e-02
2.495382726192474365e-02
-1.888498663902282715e-02
-3.038525767624378204e-02
5.009878054261207581e-02
1.176312938332557678e-01
-6.142342463135719299e-02
1.523456908762454987e-02
4.696038365364074707e-02
-1.596758887171745300e-02
-5.303051322698593140e-02
-1.267308741807937622e-01
3.177208453416824341e-02
2.834817627444863319e-03
-6.581837683916091919e-02
6.386181712150573730e-02
3.924159705638885498e-02
2.822239324450492859e-02
5.369581282138824463e-02
4.499129485338926315e-03
-4.774294793605804443e-02
1.097863167524337769e-02
-4.979249835014343262e-02
-2.412941120564937592e-02
1.504758931696414948e-02
-3.240438550710678101e-02
2.503303810954093933e-02
-3.986784070730209351e-02
1.166403293609619141e-03
-2.920423448085784912e-02
-1.196374092251062393e-02
5.413604900240898132e-03
8.838756382465362549e-02
3.896560519933700562e-02
8.144636452198028564e-02
2.950505120679736137e-03
2.285385690629482269e-02
-1.483330270275473595e-03
-4.961349815130233765e-02
3.930867835879325867e-02
-7.345469202846288681e-04
1.039033681154251099e-01
-5.945486575365066528e-02
-4.335016757249832153e-02
4.588620737195014954e-02
7.889240980148315430e-03
7.034026831388473511e-02
7.823628187179565430e-02
-4.659499973058700562e-03
-1.302293967455625534e-02
-1.915252394974231720e-02
6.472668796777725220e-02
-8.972124196588993073e-03
6.201819982379674911e-03
6.176727265119552612e-02
-1.556544750928878784e-02
-1.443471573293209076e-02
2.130161505192518234e-03
-6.983691453933715820e-02
5.983686074614524841e-02
-3.555076941847801208e-02
-2.763143554329872131e-02
-7.959008216857910156e-04
9.350695461034774780e-02
-3.863077610731124878e-02
3.493261709809303284e-02
5.359871312975883484e-02
6.492047756910324097e-02
-3.386994451284408569e-02
4.218399524688720703e-03
2.918838709592819214e-02
2.423641271889209747e-02
-2.101122960448265076e-02
-1.336880922317504883e-01
-1.067077927291393280e-02
-6.979413330554962158e-02
4.846735671162605286e-02
-3.090413473546504974e-02
-6.973524391651153564e-02
2.406032010912895203e-02
-3.507350757718086243e-02
-2.195752412080764771e-02
-4.050928726792335510e-02
-3.813862428069114685e-02
-5.929419770836830139e-02
-4.457009211182594299e-02
-5.216572061181068420e-02
3.901621699333190918e-02
-8.557788096368312836e-03
5.568819120526313782e-02
2.222365885972976685e-02
-8.741945959627628326e-03
6.772704422473907471e-02
-7.806836813688278198e-02
2.173282764852046967e-02
2.144369855523109436e-02
-3.683958202600479126e-02
-3.905466198921203613e-02
-2.996786730363965034e-03
3.139217570424079895e-02
-2.339593134820461273e-02
-2.531145513057708740e-02
-3.306688368320465088e-02
-3.886961564421653748e-02
1.797413080930709839e-02
9.548423439264297485e-02
-2.982365339994430542e-02
-1.859963499009609222e-02
-5.269733071327209473e-02
-8.306752890348434448e-03
-3.376814350485801697e-02
2.567690389696508646e-04
1.250934042036533356e-02
-1.841729506850242615e-02
1.465755328536033630e-02
1.506950799375772476e-02
-2.202568948268890381e-02
-2.829697914421558380e-02
-3.784098429605364799e-03
6.138721853494644165e-02
1.122580957598984241e-03
-3.567830426618456841e-04
1.083585899323225021e-02
-8.931772410869598389e-02
3.310837969183921814e-02
-3.150433674454689026e-02
6.380128860473632812e-02
-2.312762290239334106e-02
3.071932587772607803e-03
-1.839714683592319489e-02
-3.298143297433853149e-02
-4.812927450984716415e-03
-6.460932083427906036e-03
-8.106841892004013062e-02
-1.218383014202117920e-01
1.520631089806556702e-02
7.185425609350204468e-02
-7.939784787595272064e-03
-3.628234937787055969e-02
-1.333215180784463882e-02
-7.585943210870027542e-03
-1.591439172625541687e-02
4.100147634744644165e-02
-5.758959334343671799e-03
-3.577114269137382507e-02
5.394394043833017349e-03
-2.709552831947803497e-02
-2.052822336554527283e-02
7.165323197841644287e-02
-1.555722504854202271e-01
-1.207365375012159348e-02
-4.286189749836921692e-02
5.540115758776664734e-02
5.217744037508964539e-02
-5.577314272522926331e-02
8.974850922822952271e-02
1.922618970274925232e-02
7.506905496120452881e-02
-1.833503629313781857e-04
3.893404826521873474e-02
-3.427623957395553589e-02
-6.363207101821899414e-02
-2.215754706412553787e-03
8.650552481412887573e-02
-9.032704681158065796e-02
7.211160380393266678e-03
5.253145843744277954e-02
-1.472988817840814590e-02
-6.914878636598587036e-02
-6.259058415889739990e-02
2.724606543779373169e-02
-7.707163225859403610e-03
-4.733583424240350723e-03
-2.205283194780349731e-02
1.388682238757610321e-02
3.521496802568435669e-02
2.397492341697216034e-02
-2.496606670320034027e-03
-3.370533930137753487e-03
-5.479178857058286667e-03
-3.843286260962486267e-02
-2.105108648538589478e-02
5.938525870442390442e-02
6.610400974750518799e-02
-2.024216763675212860e-02
-3.067976236343383789e-02
3.459361940622329712e-02
-6.403256207704544067e-03
-2.414945885539054871e-02
-1.080135721713304520e-02
9.679280221462249756e-03
2.713386155664920807e-02
-1.832639053463935852e-02
-5.958903208374977112e-02
-1.107335090637207031e-03
1.010200232267379761e-01
2.327302657067775726e-02
5.479736998677253723e-02
-7.277648895978927612e-02
6.402157992124557495e-02
5.645932629704475403e-03
-3.584367455914616585e-03
-3.033310733735561371e-02
9.688624180853366852e-03
2.263038605451583862e-02
-3.000035509467124939e-02
-2.386187016963958740e-02
3.390815481543540955e-02
1.882848329842090607e-02
-1.132085397839546204e-01
6.457044929265975952e-02
-6.231624633073806763e-02
-1.209051311016082764e-01
1.672003534622490406e-03
5.377116799354553223e-02
4.942009598016738892e-02
-2.051308192312717438e-02
1.837149821221828461e-02
1.409845985472202301e-02
4.027871042490005493e-02
1.409731246531009674e-02
-2.793976804241538048e-03
-2.189366891980171204e-02
1.710470952093601227e-02
-3.669247031211853027e-02
1.153522636741399765e-02
-2.517769113183021545e-02
-8.721994608640670776e-02
3.697987273335456848e-02
4.702018573880195618e-02
-2.177085541188716888e-02
5.315101146697998047e-02
-2.674954012036323547e-03
5.396831315010786057e-03
-1.163160279393196106e-01
-5.389055609703063965e-02
1.243911869823932648e-02
1.990998163819313049e-02
2.313413098454475403e-02
-1.270457170903682709e-02
-9.872158616781234741e-02
3.588053584098815918e-02
4.285946488380432129e-02
2.232485264539718628e-02
-1.281019300222396851e-01
-1.750559173524379730e-02
-1.017037685960531235e-02
-2.588356286287307739e-02
1.556978002190589905e-02
-2.298072353005409241e-02
-4.877578094601631165e-02
-3.690988197922706604e-02
-3.538249060511589050e-02
-3.234379738569259644e-02
3.202716633677482605e-02
-1.315045915544033051e-02
6.241342518478631973e-03
1.617055758833885193e-02
-4.362971335649490356e-02
-5.421639606356620789e-02
-5.182743445038795471e-02
1.330492831766605377e-02
1.589628634974360466e-03
1.654047332704067230e-02
-4.258465394377708435e-02
4.263376072049140930e-02
1.119845081120729446e-02
-1.726111629977822304e-03
-5.015132203698158264e-02
-1.569231972098350525e-02
3.200823441147804260e-02
1.592687889933586121e-02
2.138712629675865173e-02
1.122600864619016647e-02
-3.854303155094385147e-03
5.342630669474601746e-02
-5.064520612359046936e-02
2.423575147986412048e-02
3.419427946209907532e-02
3.098483383655548096e-02
-2.678777091205120087e-02
-6.817502528429031372e-02
-2.364082448184490204e-02
-5.422025173902511597e-02
-2.456533350050449371e-02
2.695064991712570190e-02
-3.633269667625427246e-02
4.482851177453994751e-02
-6.203464791178703308e-02
-1.092506479471921921e-02
7.667511235922574997e-03
-4.869744926691055298e-02
-4.847338888794183731e-03
-3.195711225271224976e-02
6.496948003768920898e-02
1.473718322813510895e-03
3.979777172207832336e-02
4.211164079606533051e-03
1.922660879790782928e-02
-3.079859353601932526e-02
-3.630898147821426392e-02
-1.199137233197689056e-02
1.622404716908931732e-02
3.193246945738792419e-02
3.776267170906066895e-02
-7.361774798482656479e-03
1.912988349795341492e-02
-3.102500224485993385e-03
2.992613986134529114e-02
5.926058068871498108e-02
-8.264565467834472656e-02
-1.489043794572353363e-02
-1.806766260415315628e-03
4.814669024199247360e-03
7.727970927953720093e-02
4.578540474176406860e-02
1.324728783220052719e-02
4.579599946737289429e-02
2.558373846113681793e-02
-2.284335531294345856e-02
-1.079222466796636581e-02
-5.006261914968490601e-02
-2.127699553966522217e-02
1.529437862336635590e-02
-6.789545528590679169e-03
3.086503362283110619e-03
3.477438585832715034e-04
9.437785297632217407e-02
-6.290657818317413330e-02
2.067599073052406311e-02
-3.644395992159843445e-02
1.745995320379734039e-02
3.600638732314109802e-02
-4.242315143346786499e-02
1.043013483285903931e-02
-5.251913890242576599e-02
1.468350086361169815e-02
-5.345208197832107544e-02
-7.993865758180618286e-03
1.961746439337730408e-02
-1.332403509877622128e-03
-2.231988869607448578e-02
-2.497557364404201508e-02
1.940600015223026276e-02
1.001169998198747635e-02
-2.976956591010093689e-02
1.488895504735410213e-03
3.744423389434814453e-02
1.171689573675394058e-02
-3.026533685624599457e-02
-5.598540231585502625e-02
-3.262553364038467407e-02
-4.594032838940620422e-02
2.973262593150138855e-02
4.488934762775897980e-03
1.199497468769550323e-02
-1.176255717873573303e-01
-5.388635024428367615e-02
8.762254565954208374e-02
-4.911744594573974609e-02
-1.460063736885786057e-02
-7.602756470441818237e-02
-2.241953089833259583e-02
2.344903768971562386e-03
-2.883555367588996887e-02
6.623858958482742310e-02
-9.478992223739624023e-02
-5.229600518941879272e-02
1.362678740406408906e-04
-3.012030757963657379e-02
-6.565093249082565308e-02
8.512324839830398560e-02
7.230102270841598511e-02
-6.537590175867080688e-02
-1.533063594251871109e-02
5.940162576735019684e-03
6.147406529635190964e-03
-6.383019685745239258e-02
4.364090412855148315e-02
1.307896152138710022e-02
4.353862255811691284e-02
1.215708814561367035e-02
1.315933745354413986e-02
-3.397699445486068726e-02
-1.576453633606433868e-02
-1.406505610793828964e-02
-5.913414061069488525e-02
2.659860067069530487e-02
-5.726414173841476440e-02
-4.231085628271102905e-02
-6.102960929274559021e-02
-8.970199525356292725e-02
-1.119886408559978008e-03
-6.781930476427078247e-02
-6.868683546781539917e-02
-7.180590182542800903e-03
-1.602940261363983154e-02
2.184296399354934692e-02
1.616279594600200653e-02
6.679522246122360229e-02
3.364360891282558441e-03
4.432927072048187256e-02
4.549729451537132263e-02
-3.547753021121025085e-02
1.074650585651397705e-01
6.223088875412940979e-02
5.251329392194747925e-02
-6.003710627555847168e-02
-8.119034022092819214e-02
4.075105488300323486e-02
-4.822461679577827454e-02
4.028737172484397888e-02
8.825230598449707031e-02
-7.364701479673385620e-02
2.018702775239944458e-02
-1.814545504748821259e-02
5.951402336359024048e-02
6.134015042334794998e-03
-5.715063959360122681e-02
4.097073525190353394e-02
4.786147922277450562e-02
-4.121161252260208130e-02
-5.401620641350746155e-02
-2.562320977449417114e-02
1.131489314138889313e-02
4.044045880436897278e-02
-3.270676732063293457e-02
-5.118325818330049515e-03
-1.054381579160690308e-02
1.715211197733879089e-02
1.753054931759834290e-02
2.392275258898735046e-02
-1.221916973590850830e-01
-1.790842041373252869e-02
-3.133434802293777466e-02
-1.902222447097301483e-02
2.871531993150711060e-02
9.022177197039127350e-03
-2.918347157537937164e-02
6.343279033899307251e-02
3.049318678677082062e-02
-1.468528620898723602e-02
3.147071599960327148e-02
-1.398771628737449646e-02
-3.229466825723648071e-02
-4.616135731339454651e-02
-1.027161628007888794e-02
-7.697588298469781876e-03
3.696407377719879150e-02
-7.280694693326950073e-02
2.819399163126945496e-02
-3.351008053869009018e-03
-6.420777738094329834e-02
9.204131201840937138e-04
5.740542546845972538e-04
-5.790951848030090332e-02
8.406095206737518311e-02
1.170039875432848930e-03
9.468401223421096802e-02
6.496896594762802124e-02
2.874846383929252625e-02
6.769056618213653564e-02
-1.959280669689178467e-02
1.317033823579549789e-02
9.775535017251968384e-02
-7.881553471088409424e-02
9.727279096841812134e-02
1.596846617758274078e-02
-3.318183869123458862e-02
4.011724889278411865e-02
-3.739050030708312988e-02
4.840159043669700623e-02
6.733658723533153534e-03
2.762727066874504089e-02
3.900646418333053589e-02
-3.872432932257652283e-02
2.922467328608036041e-02
1.035513877868652344e-01
-1.033739652484655380e-02
-1.226177322678267956e-03
8.744420111179351807e-02
8.491288125514984131e-02
-4.352374747395515442e-02
3.690588474273681641e-02
-2.579366043210029602e-02
6.775904446840286255e-02
-5.483317188918590546e-03
2.933095581829547882e-02
-1.353891044855117798e-01
-2.438059309497475624e-03
7.350639998912811279e-02
-2.777494862675666809e-02
2.291454374790191650e-02
-3.010886162519454956e-02
-1.928628608584403992e-02
-8.546824008226394653e-02
-1.631077902857214212e-04
3.372382372617721558e-02
-7.824392616748809814e-02
8.800408244132995605e-02
5.116128921508789062e-02
-7.989482022821903229e-03
5.608637258410453796e-02
-8.029821328818798065e-04
5.647165700793266296e-03
-5.503197200596332550e-03
4.044253379106521606e-02
4.552154988050460815e-02
3.608806524425745010e-03
7.664804160594940186e-02
-1.715532504022121429e-02
5.166483577340841293e-03
8.262126147747039795e-02
-1.119734835810959339e-03
-1.498619373887777328e-02
2.497322857379913330e-02
-5.898794531822204590e-02
2.862074039876461029e-02
-8.052722550928592682e-03
