1.496790070086717606e-02
1.086516119539737701e-02
-6.467254366725683212e-03
-6.024228781461715698e-02
-4.421612620353698730e-02
1.247330103069543839e-02
2.849247306585311890e-02
2.124983631074428558e-02
-6.424172897823154926e-04
-4.101550579071044922e-02
3.897127881646156311e-02
2.061950601637363434e-02
-5.467700213193893433e-02
-5.503933876752853394e-03
3.632505238056182861e-02
6.875763088464736938e-02
-1.199463475495576859e-02
-6.286950409412384033e-02
1.003405302762985229e-01
3.117426484823226929e-02
9.101090580224990845e-02
1.052414081641472876e-04
-3.655610233545303345e-02
7.829231023788452148e-02
-3.187609091401100159e-02
-5.494131520390510559e-02
-1.113321408629417419e-01
-1.479590386152267456e-01
9.546667337417602539e-03
-2.199747972190380096e-02
-7.501385360956192017e-02
7.362779695540666580e-03
-4.645860940217971802e-02
8.630627393722534180e-02
-4.816606640815734863e-02
4.587230086326599121e-02
3.870869427919387817e-02
7.115784566849470139e-03
-6.619884818792343140e-02
4.831298440694808960e-02
-6.858011335134506226e-02
9.834958612918853760e-02
1.099223196506500244e-01
5.190249159932136536e-02
3.608005866408348083e-02
-2.282226644456386566e-02
3.499271348118782043e-02
-2.606227435171604156e-02
7.625596225261688232e-02
-1.460568513721227646e-02
3.067707177251577377e-03
2.884377352893352509e-02
-9.614285081624984741e-03
-1.303989291191101074e-01
-1.369049698114395142e-01
8.515833318233489990e-02
3.652426600456237793e-02
-1.117821857333183289e-01
1.036838442087173462e-02
-8.068390935659408569e-02
1.892006024718284607e-02
-4.484791308641433716e-02
-1.104797571897506714e-01
3.162508085370063782e-02
-4.925895854830741882e-02
9.776686131954193115e-02
-1.050266809761524200e-02
-2.749587967991828918e-02
-3.472872823476791382e-02
-1.695584692060947418e-02
-4.000709857791662216e-03
4.962350800633430481e-02
-3.945736959576606750e-02
2.610475942492485046e-02
-3.961757570505142212e-02
1.363351196050643921e-02
-3.122034855186939240e-02
-5.441293492913246155e-02
4.490952566266059875e-02
7.265841960906982422e-02
-1.002688053995370865e-02
8.742515742778778076e-02
1.296065095812082291e-02
-2.243667142465710640e-03
5.476460233330726624e-02
-8.106300979852676392e-02
6.497801095247268677e-02
4.576227068901062012e-02
5.426305159926414490e-02
-6.013875827193260193e-02
5.565848946571350098e-02
6.832247972488403320e-02
-5.052288249135017395e-02
2.539265900850296021e-02
-4.909542202949523926e-02
-1.008690148591995239e-02
6.542672216892242432e-02
-3.629884868860244751e-02
-3.895153850317001343e-02
1.089059934020042419e-02
-8.389867842197418213e-02
-5.170226097106933594e-02
-4.238753020763397217e-02
6.511065363883972168e-02
1.670879777520895004e-03
4.943819344043731689e-02
3.754528705030679703e-03
6.756958365440368652e-02
-9.454072266817092896e-02
-8.615900762379169464e-03
8.205249905586242676e-04
7.138951122760772705e-02
-7.869680970907211304e-02
7.357090711593627930e-03
2.053029835224151611e-02
-1.625447534024715424e-02
3.002202883362770081e-02
4.195665568113327026e-02
-3.681132197380065918e-02
1.035225391387939453e-02
-8.936461992561817169e-03
1.283486746251583099e-02
-5.815109610557556152e-02
-2.104680426418781281e-02
-3.864847868680953979e-02
-2.575708925724029541e-02
2.710459288209676743e-03
3.313523530960083008e-02
3.856821358203887939e-02
2.489051595330238342e-02
-2.422779239714145660e-02
-4.361389204859733582e-02
6.803746521472930908e-02
6.532838195562362671e-02
-5.430658161640167236e-02
-2.247156761586666107e-02
-1.586346141993999481e-02
3.054493665695190430e-02
2.280341833829879761e-02
-1.113027110695838928e-01
7.098275702446699142e-03
1.148092746734619141e-01
2.397518046200275421e-02
2.898296341300010681e-03
-1.260529607534408569e-01
2.561961300671100616e-02
3.731738403439521790e-02
-6.509321928024291992e-02
-5.320146214216947556e-03
4.199721664190292358e-02
-1.604819670319557190e-02
4.730325192213058472e-02
-1.883918792009353638e-02
-3.951966762542724609e-02
-4.815083369612693787e-02
-1.435932051390409470e-02
8.254667371511459351e-02
7.455303519964218140e-02
-8.169684559106826782e-02
-2.682126127183437347e-02
-1.351350219920277596e-03
5.214922130107879639e-02
-4.162117466330528259e-02
-3.459914773702621460e-02
-4.002905264496803284e-02
-3.179692104458808899e-02
-1.623639138415455818e-03
7.601264398545026779e-03
5.640846863389015198e-02
3.024046309292316437e-02
7.200143765658140182e-03
-3.116401843726634979e-02
-8.878004550933837891e-02
-4.280981421470642090e-02
-6.083049252629280090e-02
4.536405578255653381e-02
-4.744939040392637253e-03
4.740620777010917664e-02
-1.075056963600218296e-03
-8.207117021083831787e-02
1.033867802470922470e-02
1.968490518629550934e-02
4.639314021915197372e-03
3.239710256457328796e-02
-5.185050424188375473e-03
-9.142814576625823975e-02
3.037201799452304840e-02
-6.415337324142456055e-02
3.152706474065780640e-02
-8.404956199228763580e-03
-7.063035666942596436e-02
-2.063288725912570953e-02
-1.036385912448167801e-02
2.015014924108982086e-02
-1.508364267647266388e-02
-2.896734885871410370e-02
-4.811520874500274658e-02
-1.522905100136995316e-02
-2.852603793144226074e-03
2.263838984072208405e-02
4.874937608838081360e-02
-6.366869062185287476e-02
-1.409899443387985229e-02
5.583772063255310059e-02
6.911423057317733765e-02
-4.158494248986244202e-02
-4.324734210968017578e-02
-9.240827639587223530e-04
2.213444747030735016e-02
1.384197920560836792e-02
-6.225045025348663330e-02
-8.865974098443984985e-02
-2.211655676364898682e-02
-6.909755617380142212e-02
3.365368768572807312e-02
7.692588120698928833e-02
-2.207525074481964111e-02
-1.156759448349475861e-02
8.360144682228565216e-03
3.438856080174446106e-02
1.707432977855205536e-02
2.168784290552139282e-02
-9.391476958990097046e-02
-6.064030900597572327e-02
-4.607020691037178040e-02
7.679269462823867798e-02
3.311045467853546143e-02
9.186146408319473267e-02
-5.146911367774009705e-02
5.941829457879066467e-02
-1.361011806875467300e-02
5.977865308523178101e-02
-3.734460473060607910e-02
-6.275489181280136108e-02
-4.528651013970375061e-02
-3.259101510047912598e-02
2.827621996402740479e-02
1.783994399011135101e-02
-1.563766412436962128e-02
-6.088320910930633545e-02
-5.981823056936264038e-02
-4.719225689768791199e-02
-8.588213822804391384e-04
1.703144051134586334e-02
-4.832100868225097656e-02
-1.344899926334619522e-02
-2.151019498705863953e-02
-1.766207069158554077e-02
1.450802106410264969e-02
-5.282549560070037842e-02
6.171444058418273926e-02
-5.616838112473487854e-03
3.124123811721801758e-02
-2.450922690331935883e-02
7.129624485969543457e-02
-3.160223364830017090e-02
4.206030070781707764e-02
-6.133044511079788208e-02
-3.505292534828186035e-02
3.022961504757404327e-02
-3.614575788378715515e-02
3.104882501065731049e-02
-4.071781039237976074e-02
4.820269718766212463e-02
-1.419033203274011612e-02
1.579364575445652008e-02
-4.111878946423530579e-02
-1.585631072521209717e-02
-6.080853939056396484e-02
8.529093116521835327e-02
-6.350347399711608887e-02
-9.133218787610530853e-03
-2.610685070976614952e-03
4.111704602837562561e-02
2.397991716861724854e-02
-9.520780295133590698e-02
1.704570092260837555e-02
-9.736732317833229899e-05
-1.291452720761299133e-02
4.994891211390495300e-02
3.454229235649108887e-02
3.727975487709045410e-02
7.914309948682785034e-02
-3.471988067030906677e-02
-5.119829252362251282e-02
-6.943164765834808350e-02
-7.096798717975616455e-02
2.649854309856891632e-02
4.924210906028747559e-02
-4.865919798612594604e-02
1.796066015958786011e-02
5.473832041025161743e-02
-3.519804915413260460e-03
1.935365051031112671e-02
-1.817502640187740326e-02
-9.423696249723434448e-02
-5.765981040894985199e-03
-3.199564293026924133e-02
-7.538474351167678833e-02
2.490353584289550781e-02
2.697162888944149017e-02
5.240005906671285629e-03
-8.821266889572143555e-02
-3.014830872416496277e-02
2.250935137271881104e-02
-1.289016157388687134e-01
-3.983016684651374817e-02
6.102974340319633484e-02
-1.298741158097982407e-02
1.352413743734359741e-02
-3.671479597687721252e-02
5.158855393528938293e-02
4.919134080410003662e-02
9.901221096515655518e-02
-7.338745146989822388e-02
4.697218537330627441e-02
1.497706584632396698e-02
-2.700327197089791298e-03
-2.471064217388629913e-02
-1.157502736896276474e-02
8.638109080493450165e-03
2.305836603045463562e-02
-5.724036693572998047e-02
8.740581572055816650e-02
-1.867220364511013031e-02
-2.897105179727077484e-02
-4.019875079393386841e-02
5.275685805827379227e-03
-2.768234908580780029e-02
-4.336628597229719162e-03
8.268079161643981934e-02
-2.600738778710365295e-02
9.515246376395225525e-03
-6.566292047500610352e-02
-4.513164050877094269e-03
-9.191299788653850555e-03
1.443019974976778030e-02
-1.770325750112533569e-02
1.858175918459892273e-02
4.804738238453865051e-02
-6.832253932952880859e-02
-2.280434407293796539e-02
-4.520453140139579773e-02
-2.204989828169345856e-02
-6.774557288736104965e-03
1.641072519123554230e-02
6.356631964445114136e-02
-9.165329486131668091e-02
-4.920121654868125916e-02
3.278223425149917603e-02
2.097647823393344879e-02
1.964017748832702637e-02
-4.047881811857223511e-03
-8.120412938296794891e-03
-4.454047884792089462e-03
6.111877784132957458e-02
2.414257824420928955e-02
5.206147581338882446e-02
1.778098754584789276e-02
1.248158663511276245e-01
-4.329653084278106689e-02
-2.255975827574729919e-02
-1.756327599287033081e-02
7.255480438470840454e-02
-4.140371456742286682e-02
-1.825118437409400940e-02
-3.820070996880531311e-02
1.280118338763713837e-02
5.992414429783821106e-02
4.086197167634963989e-02
2.598145417869091034e-02
-4.797794297337532043e-02
-3.064680472016334534e-02
4.399631917476654053e-02
6.003016605973243713e-02
4.218211024999618530e-02
-5.545833334326744080e-02
2.514518797397613525e-02
-3.703397884964942932e-02
2.891719900071620941e-02
1.171417720615863800e-02
5.578484386205673218e-03
2.702993713319301605e-02
2.671527490019798279e-02
7.754570245742797852e-02
-8.633626997470855713e-02
-4.963935911655426025e-02
1.359002012759447098e-02
-2.662941114977002144e-03
-2.098618447780609131e-02
-4.099189117550849915e-02
1.492630690336227417e-02
7.877892255783081055e-02
-1.052965130656957626e-02
-2.099772170186042786e-02
-2.871199743822216988e-03
-1.700492016971111298e-02
8.313207328319549561e-02
-1.011903434991836548e-01
7.211974263191223145e-02
8.904897607862949371e-03
8.247570693492889404e-02
1.577881537377834320e-02
2.041464298963546753e-02
-2.452433854341506958e-02
7.680284325033426285e-03
-4.196677729487419128e-02
6.513321399688720703e-02
-7.831388711929321289e-02
-8.005108684301376343e-02
-6.461682170629501343e-02
1.962560415267944336e-02
-4.571488127112388611e-02
3.086831606924533844e-02
-1.365017611533403397e-02
-8.285977691411972046e-02
-4.735931754112243652e-02
1.006196141242980957e-01
2.083102241158485413e-03
-1.171597186475992203e-02
6.403263978427276015e-05
3.423631563782691956e-02
-8.392544835805892944e-02
6.550859659910202026e-02
-4.697413649410009384e-03
4.869047552347183228e-02
-7.839324325323104858e-02
-4.121656343340873718e-02
-3.227263689041137695e-02
2.398391254246234894e-02
-8.790415525436401367e-02
-1.114154700189828873e-02
7.631747424602508545e-02
-2.104091644287109375e-02
-6.644062232226133347e-03
4.306899011135101318e-02
-5.162168294191360474e-02
6.807249784469604492e-02
-2.136747539043426514e-02
8.906329050660133362e-03
4.162872582674026489e-02
-4.013344645500183105e-02
-5.246113985776901245e-03
8.996454626321792603e-02
-8.254280686378479004e-02
5.517027154564857483e-02
-3.968246281147003174e-02
2.876634895801544189e-02
-1.852301508188247681e-02
-2.090566419064998627e-02
3.347459062933921814e-02
1.128078997135162354e-01
-6.464457511901855469e-02
5.169502273201942444e-02
9.025098383426666260e-02
-5.542639642953872681e-02
4.360044747591018677e-02
-6.865485012531280518e-02
1.831778325140476227e-02
-7.007207721471786499e-02
6.251873075962066650e-02
-3.088936768472194672e-02
1.109100133180618286e-01
2.397543191909790039e-02
5.400897189974784851e-02
-6.243065744638442993e-02
-4.475696384906768799e-02
4.819327965378761292e-03
-6.904055923223495483e-02
1.300921547226607800e-03
-9.140097349882125854e-02
1.241621598601341248e-01
4.478142783045768738e-02
6.336244940757751465e-02
1.671770960092544556e-02
-9.522859007120132446e-02
3.620493039488792419e-02
-3.194404765963554382e-02
4.615607857704162598e-02
-4.920646920800209045e-02
1.926619373261928558e-02
-8.478764444589614868e-02
-3.415429219603538513e-02
-2.106701768934726715e-02
-3.546278551220893860e-02
-3.933628648519515991e-02
-6.169008556753396988e-03
1.051578372716903687e-01
-2.342705987393856049e-02
4.150544106960296631e-02
8.057947270572185516e-03
3.893497586250305176e-02
-5.356787890195846558e-02
2.245483547449111938e-02
-4.580981656908988953e-02
-3.540062904357910156e-02
-1.725560985505580902e-02
9.228039532899856567e-02
-2.625361084938049316e-02
1.899921335279941559e-02
5.910012125968933105e-02
-3.070130199193954468e-02
-1.867180131375789642e-02
8.090749382972717285e-02
4.181854019407182932e-04
8.040288463234901428e-03
2.314072288572788239e-02
-5.481935665011405945e-02
-3.248256817460060120e-02
-4.750921204686164856e-02
1.764876954257488251e-02
-2.309622475877404213e-03
-2.704512141644954681e-02
1.926818862557411194e-02
3.382327407598495483e-02
4.678339883685112000e-02
-3.798155486583709717e-02
-5.390141531825065613e-02
4.003564268350601196e-02
8.174227923154830933e-02
-6.454852875322103500e-03
4.265807941555976868e-02
-2.719217166304588318e-02
-1.164167746901512146e-02
8.709178306162357330e-03
2.660666406154632568e-02
-7.735621929168701172e-02
-3.503252053633332253e-03
9.619562327861785889e-02
-4.976989701390266418e-02
2.073847874999046326e-02
-5.842740833759307861e-02
-6.980419158935546875e-02
-1.067575905472040176e-02
4.801226779818534851e-02
1.005835309624671936e-01
7.033941894769668579e-02
-4.718786478042602539e-02
-1.066001579165458679e-01
-8.566287904977798462e-02
-2.433442510664463043e-02
-7.441914174705743790e-03
-3.962517529726028442e-02
-4.880423471331596375e-02
-6.571023166179656982e-02
-5.409390106797218323e-02
2.573532424867153168e-02
2.341816201806068420e-02
-2.622703462839126587e-02
-9.728776663541793823e-02
5.034033954143524170e-02
3.726187348365783691e-02
-8.595790714025497437e-02
-9.146757423877716064e-02
8.729217574000358582e-03
2.325701061636209488e-03
1.274191588163375854e-02
3.084139525890350342e-02
1.866647042334079742e-02
5.449170991778373718e-02
-3.763973712921142578e-02
9.370610117912292480e-02
-3.470835089683532715e-02
5.508402362465858459e-03
1.461905427277088165e-02
-1.068518385291099548e-01
-8.373446017503738403e-02
2.145794965326786041e-02
2.284567058086395264e-02
-1.335911080241203308e-02
-1.948968390934169292e-03
-1.108602583408355713e-01
3.268257156014442444e-02
-5.389734287746250629e-04
-4.689823463559150696e-02
-5.342594813555479050e-03
-5.040875077247619629e-02
7.119444757699966431e-02
-7.337925583124160767e-02
-3.983810544013977051e-02
-1.099462155252695084e-02
3.491734340786933899e-02
4.075957834720611572e-02
-1.165690794587135315e-01
4.468797147274017334e-02
2.244275249540805817e-02
-2.146023884415626526e-02
2.886689268052577972e-02
-6.381277740001678467e-02
-7.697866111993789673e-02
9.275734424591064453e-02
-1.121133845299482346e-02
-7.584209740161895752e-02
3.489332739263772964e-03
-1.412113849073648453e-02
1.569203683175146580e-03
-5.861214548349380493e-02
-4.305226728320121765e-02
3.433204442262649536e-02
-3.239420428872108459e-02
9.086875617504119873e-02
7.798414677381515503e-03
-7.491454482078552246e-02
4.580121114850044250e-02
-1.260073482990264893e-02
3.746940568089485168e-02
9.388377517461776733e-02
1.072533279657363892e-01
-4.172717779874801636e-02
-7.900703698396682739e-03
1.285246461629867554e-01
5.622251192107796669e-04
-1.396260261535644531e-01
1.856129989027976990e-02
1.943975128233432770e-02
3.123120218515396118e-02
-2.718126215040683746e-02
4.742955043911933899e-02
-4.594824090600013733e-02
2.092529647052288055e-02
-6.125288084149360657e-02
7.105637341737747192e-03
-2.339621633291244507e-02
-9.177849628031253815e-03
-6.641869246959686279e-02
-9.850849956274032593e-02
7.766015827655792236e-02
-4.364322125911712646e-02
2.606999501585960388e-02
-5.707689374685287476e-02
4.829886555671691895e-02
-2.733459882438182831e-02
3.976250812411308289e-02
3.057943284511566162e-02
3.746896609663963318e-02
2.606897987425327301e-02
7.690230384469032288e-03
6.774348765611648560e-02
-9.062299132347106934e-02
2.835365943610668182e-02
4.770301654934883118e-02
3.197164833545684814e-02
-6.785148382186889648e-02
4.349336773157119751e-02
5.859752744436264038e-02
-4.218214657157659531e-03
-1.348667195998132229e-03
-2.124246768653392792e-02
3.885346651077270508e-02
7.840087264776229858e-02
5.275133997201919556e-02
-5.700734257698059082e-02
1.662913151085376740e-02
9.432643651962280273e-02
-3.466073423624038696e-02
5.531797930598258972e-02
8.894453942775726318e-02
4.514872655272483826e-02
-5.414231121540069580e-02
1.162997540086507797e-02
6.114144250750541687e-02
-1.639311201870441437e-03
3.322585672140121460e-02
-3.642833605408668518e-02
-3.196094930171966553e-02
8.886221051216125488e-02
6.839726120233535767e-02
-4.032572358846664429e-02
2.358094044029712677e-02
7.072110474109649658e-02
-2.740875072777271271e-02
-1.120267785154283047e-03
6.725065410137176514e-02
6.172847747802734375e-02
-6.641641259193420410e-02
6.758415699005126953e-02
-3.770480677485466003e-02
-1.442402880638837814e-02
-7.480913307517766953e-03
2.555003762245178223e-02
1.149181649088859558e-02
-7.165839523077011108e-02
-3.306928277015686035e-02
2.208325080573558807e-02
-8.822327852249145508e-02
-4.396252706646919250e-02
-3.298642113804817200e-02
1.043512746691703796e-01
2.138364873826503754e-02
8.159921504557132721e-03
-7.824182510375976562e-03
-7.991959154605865479e-02
1.836381852626800537e-02
-4.829974099993705750e-02
-8.330874890089035034e-02
1.261842343956232071e-02
-6.237074732780456543e-02
-9.259349107742309570e-02
3.865296766161918640e-02
-4.505333304405212402e-02
5.164046585559844971e-02
-5.476174131035804749e-02
-1.616300642490386963e-02
9.155711159110069275e-03
-4.116351529955863953e-02
6.864617019891738892e-02
8.159810304641723633e-02
7.042781263589859009e-02
-2.531142719089984894e-02
-1.962749101221561432e-02
2.996485121548175812e-02
-3.457199782133102417e-02
-3.269828483462333679e-02
-2.323023229837417603e-02
4.633849486708641052e-02
-1.039048284292221069e-02
2.325219847261905670e-02
-2.362990780966356397e-04
6.031119823455810547e-02
-6.961300037801265717e-03
-1.181081831455230713e-01
7.093432545661926270e-02
1.437867879867553711e-01
4.680157825350761414e-02
1.648201420903205872e-02
-4.381373152136802673e-02
1.021108217537403107e-02
-6.752578914165496826e-02
5.514863878488540649e-02
-1.266854163259267807e-02
-2.616018243134021759e-02
-2.369935810565948486e-02
-1.396559178829193115e-01
-1.819862239062786102e-02
-6.716879457235336304e-02
6.607738137245178223e-02
-1.610441878437995911e-02
3.693405538797378540e-02
-6.946208328008651733e-02
-5.431630052044056356e-05
-1.619937457144260406e-02
-7.396682351827621460e-02
-1.126154977828264236e-02
2.054573222994804382e-02
-1.361172413453459740e-03
8.708099275827407837e-02
3.652086853981018066e-02
-4.959291592240333557e-02
4.640349652618169785e-03
1.447981782257556915e-02
6.603432446718215942e-02
5.861850082874298096e-02
-5.216655135154724121e-02
7.180911302566528320e-02
-5.045216530561447144e-02
1.002780795097351074e-01
5.976280570030212402e-02
8.472683280706405640e-02
5.007423087954521179e-02
-7.504925876855850220e-02
2.591362455859780312e-03
-3.645513206720352173e-02
-7.771358639001846313e-02
6.316946446895599365e-02
4.604179039597511292e-02
3.026710636913776398e-02
8.675619214773178101e-02
1.986448094248771667e-02
8.579721301794052124e-02
-3.194684162735939026e-02
2.126427739858627319e-02
-5.005876719951629639e-02
7.895964384078979492e-02
1.241575181484222412e-01
3.604586049914360046e-02
-2.233997173607349396e-02
-9.361299686133861542e-03
3.849994763731956482e-02
-3.449344262480735779e-02
-5.093022435903549194e-02
6.277070939540863037e-02
-2.253723517060279846e-02
5.350674502551555634e-03
4.786679521203041077e-03
8.065442740917205811e-02
1.795092038810253143e-02
-6.856676656752824783e-03
-3.057360090315341949e-02
-5.651295185089111328e-02
-2.518927492201328278e-02
-9.719461202621459961e-02
7.871828973293304443e-03
1.323796529322862625e-02
-3.837235737591981888e-03
-1.007482483983039856e-01
2.499128691852092743e-03
4.012295231223106384e-02
-9.180399030447006226e-02
4.891503974795341492e-02
-6.672966480255126953e-02
2.326627261936664581e-03
-7.368719577789306641e-02
-1.416058279573917389e-02
1.158484444022178650e-01
-4.097774624824523926e-02
4.245168715715408325e-02
-1.969481073319911957e-02
3.806518018245697021e-02
-3.638984635472297668e-02
-6.187719479203224182e-02
7.023368030786514282e-02
-3.020000085234642029e-02
1.367214601486921310e-02
-2.178023755550384521e-02
-2.085138857364654541e-02
-6.887172162532806396e-02
-8.700681477785110474e-02
-1.005669590085744858e-02
-2.115884982049465179e-02
5.859590694308280945e-02
4.869889840483665466e-02
-2.926775626838207245e-02
5.036750808358192444e-03
1.300633419305086136e-02
-5.268644541501998901e-03
2.460382878780364990e-02
-4.078121855854988098e-02
5.290654301643371582e-02
-8.837931789457798004e-03
6.454752385616302490e-02
-1.367649622261524200e-02
5.249310657382011414e-02
-5.209321901202201843e-02
4.327925667166709900e-02
-5.779838562011718750e-02
-7.659099530428647995e-03
7.728177309036254883e-02
-5.783867835998535156e-02
3.037554956972599030e-02
3.723882138729095459e-02
-5.401014536619186401e-02
5.572687461972236633e-02
2.491740509867668152e-02
-6.133182439953088760e-03
-8.091507479548454285e-03
1.687840744853019714e-02
5.164508521556854248e-02
3.288153186440467834e-02
1.044395146891474724e-03
9.883234451990574598e-05
-1.383191943168640137e-01
-6.470416486263275146e-02
4.219040274620056152e-02
3.508305549621582031e-02
3.163802251219749451e-02
-3.792776959016919136e-03
-1.158153545111417770e-02
-1.442399807274341583e-02
5.569318681955337524e-02
-8.002886548638343811e-03
6.527591496706008911e-02
-2.183348499238491058e-02
1.929374039173126221e-02
7.462834939360618591e-03
-3.398318588733673096e-02
2.411840297281742096e-02
-5.629595834761857986e-04
-2.897771447896957397e-02
-2.890139818191528320e-03
-4.203612729907035828e-02
-1.567614637315273285e-02
-5.158143118023872375e-02
3.457844257354736328e-02
-1.190270408987998962e-01
-7.750000059604644775e-02
2.398457145318388939e-03
-3.918535634875297546e-02
-9.369946271181106567e-02
5.747516080737113953e-02
-5.541338399052619934e-02
-8.309717476367950439e-02
3.787431493401527405e-02
-9.122890233993530273e-02
-6.116408854722976685e-03
5.309684202075004578e-02
-3.181115537881851196e-02
3.722365200519561768e-02
1.686983183026313782e-02
-8.461008965969085693e-02
-7.910143584012985229e-02
8.625394664704799652e-03
-4.217245057225227356e-02
-6.547979544848203659e-03
-1.457239966839551926e-02
1.598650589585304260e-02
1.454837340861558914e-02
6.699562072753906250e-04
1.079315617680549622e-01
-9.108571335673332214e-03
-7.592771202325820923e-03
6.630782783031463623e-02
-1.066673174500465393e-01
4.277788847684860229e-02
-3.082562051713466644e-02
5.939163640141487122e-02
6.267667748034000397e-03
-6.691318750381469727e-02
-8.198919892311096191e-02
5.391057580709457397e-02
9.457490593194961548e-02
-8.767960593104362488e-03
4.729065671563148499e-02
2.251110039651393890e-02
-3.724350407719612122e-02
-4.849952645599842072e-03
-7.429140806198120117e-02
-6.624641269445419312e-02
5.591698735952377319e-02
1.027585566043853760e-01
-3.252438269555568695e-03
-2.423639595508575439e-02
3.832061076536774635e-03
1.285922992974519730e-02
3.455677628517150879e-02
1.009647827595472336e-02
-7.613370567560195923e-02
-4.031786695122718811e-03
2.112684398889541626e-02
5.693786963820457458e-02
-3.107306919991970062e-02
-2.983118034899234772e-02
-7.720540463924407959e-02
2.607301576063036919e-03
1.021260768175125122e-01
-3.198507055640220642e-02
-3.389840945601463318e-02
1.126348320394754410e-02
4.854415729641914368e-02
5.207559466361999512e-02
6.589509546756744385e-02
-6.196844042278826237e-04
1.731956936419010162e-02
-4.781446978449821472e-02
-2.884304895997047424e-02
-9.656869806349277496e-03
-4.024638608098030090e-02
7.478445768356323242e-03
3.370550274848937988e-02
-8.086889982223510742e-02
-8.294837176799774170e-02
-6.794128566980361938e-02
-2.995137125253677368e-02
1.125322561711072922e-02
-8.667269721627235413e-03
5.344806239008903503e-02
3.678425401449203491e-02
3.249881789088249207e-02
1.364822126924991608e-02
1.093273535370826721e-01
-2.391623891890048981e-02
-1.009785830974578857e-01
-4.830388352274894714e-02
4.871458187699317932e-02
8.315434306859970093e-02
-1.140693109482526779e-02
-3.872717916965484619e-02
4.845084156841039658e-03
-4.316740110516548157e-02
-6.594303995370864868e-02
-1.661354862153530121e-02
-5.256059765815734863e-02
-1.047397311776876450e-02
2.667292766273021698e-02
-5.670956522226333618e-02
2.804828621447086334e-02
-1.102353539317846298e-02
6.214390322566032410e-02
1.260302662849426270e-01
8.890447206795215607e-03
-1.106710918247699738e-02
-2.004432678222656250e-02
1.507126819342374802e-02
5.237811803817749023e-02
-6.641105562448501587e-02
4.144883423577994108e-04
7.315750233829021454e-03
6.797114014625549316e-02
6.135779991745948792e-02
1.746498793363571167e-02
3.787527233362197876e-02
-3.256394341588020325e-02
-3.166461363434791565e-02
2.305829711258411407e-02
7.094886898994445801e-02
-3.132574632763862610e-02
5.177353695034980774e-02
4.775493592023849487e-02
9.847532957792282104e-02
-5.856247991323471069e-02
-9.669285267591476440e-02
-1.128110568970441818e-02
2.019792608916759491e-02
-9.166898205876350403e-03
1.685946621000766754e-02
1.451494824141263962e-02
-4.775012284517288208e-02
-3.632500022649765015e-02
-3.748709335923194885e-02
6.429126113653182983e-02
-2.817284688353538513e-02
-1.382347345352172852e-01
-5.923745036125183105e-02
-9.433115273714065552e-02
-5.592468008399009705e-02
6.297931075096130371e-02
2.185733988881111145e-03
-1.934550143778324127e-02
-2.018471993505954742e-02
2.556391991674900055e-02
6.412928551435470581e-02
5.703803151845932007e-02
4.715452436357736588e-03
-1.026349794119596481e-02
-2.223087102174758911e-02
