4.066858068108558655e-02
8.267723768949508667e-02
-2.710025198757648468e-02
7.263252139091491699e-02
2.528161182999610901e-02
-3.852877765893936157e-02
-3.141405433416366577e-02
-2.413799241185188293e-02
-2.510683797299861908e-02
5.048334971070289612e-02
4.812341649085283279e-03
-1.736130006611347198e-02
2.251735515892505646e-02
5.818895995616912842e-02
-5.007040128111839294e-02
-3.043131344020366669e-02
2.224358357489109039e-02
3.599871695041656494e-02
-5.827652662992477417e-02
-3.287763521075248718e-02
-6.086146458983421326e-02
5.925169214606285095e-02
4.476050660014152527e-02
3.247278928756713867e-02
-1.944374106824398041e-02
-2.624849043786525726e-02
-6.196837127208709717e-02
-5.530983582139015198e-02
-1.310577150434255600e-02
2.184509858489036560e-02
1.006560400128364563e-02
-2.702721767127513885e-02
-6.724541634321212769e-02
2.833523415029048920e-02
4.164950922131538391e-02
-3.685134649276733398e-02
-6.639594584703445435e-02
-8.505268953740596771e-03
-1.734439656138420105e-02
1.551489997655153275e-02
3.168461099267005920e-02
-2.777279354631900787e-02
-4.736929759383201599e-02
-7.842989265918731689e-02
-1.295290794223546982e-02
3.227938711643218994e-02
-3.610352799296379089e-02
5.789299029856920242e-03
9.346488118171691895e-02
-1.989573985338211060e-02
-2.021843940019607544e-02
-2.230525016784667969e-03
2.764083445072174072e-02
1.951812207698822021e-02
1.059961505234241486e-02
-2.061661891639232635e-02
-4.768263176083564758e-02
-4.352148156613111496e-03
-5.729824677109718323e-02
1.608106680214405060e-02
-6.274100393056869507e-02
6.795565783977508545e-02
1.571561954915523529e-02
3.712150454521179199e-02
6.393600255250930786e-02
-1.921776495873928070e-02
-1.153197232633829117e-02
-3.378044068813323975e-02
9.180006384849548340e-02
-4.834504425525665283e-02
-1.577197574079036713e-02
3.200413659214973450e-02
5.016137287020683289e-02
-8.506573736667633057e-03
1.120623480528593063e-02
3.413260728120803833e-02
2.365065552294254303e-02
6.890764832496643066e-02
-3.891154378652572632e-02
3.668377641588449478e-03
-3.305111452937126160e-02
-4.913536459207534790e-02
-1.239854842424392700e-02
1.359096355736255646e-02
-3.583758370950818062e-03
-7.702613715082406998e-03
6.738159572705626488e-05
3.276912122964859009e-02
1.976142264902591705e-02
-1.010085362941026688e-02
5.131605640053749084e-02
1.653658226132392883e-02
-1.920014806091785431e-02
-3.348741680383682251e-02
-2.979910373687744141e-02
6.842470727860927582e-03
3.349001705646514893e-02
2.003932371735572815e-02
-7.023131102323532104e-02
2.827486209571361542e-02
-4.071419686079025269e-02
-4.724586382508277893e-02
-4.806612059473991394e-02
2.579827792942523956e-03
-1.043156906962394714e-01
-3.002509288489818573e-02
6.892075389623641968e-02
2.010757848620414734e-02
4.423532634973526001e-02
-1.610440760850906372e-02
-3.175271674990653992e-02
-5.763469636440277100e-02
2.114423550665378571e-02
6.562844850122928619e-03
2.129053696990013123e-02
1.050193142145872116e-02
8.786530233919620514e-03
-2.230388112366199493e-02
-2.497711963951587677e-02
-1.596840471029281616e-02
-1.429561153054237366e-02
-1.428381819278001785e-02
7.275985926389694214e-02
9.403648786246776581e-03
7.678854465484619141e-02
2.306648064404726028e-03
-1.935171522200107574e-02
3.772522881627082825e-02
-6.022312119603157043e-02
-4.391118139028549194e-02
2.115995995700359344e-02
-4.684634506702423096e-03
4.129748791456222534e-02
-2.435401640832424164e-02
3.585208952426910400e-02
-4.733188822865486145e-02
1.440842449665069580e-02
-3.381353802978992462e-03
2.987026795744895935e-02
3.542087227106094360e-02
-4.737883806228637695e-02
-3.166906535625457764e-02
-5.350353196263313293e-03
1.416401471942663193e-02
6.505288183689117432e-02
-1.670803292654454708e-03
-1.596456579864025116e-02
-2.008194476366043091e-02
2.838815748691558838e-02
1.663852017372846603e-03
-5.299913138151168823e-02
6.100212782621383667e-02
-2.318208664655685425e-02
2.391791343688964844e-02
9.666871279478073120e-03
1.696112682111561298e-03
2.150623686611652374e-02
1.954189129173755646e-02
4.395835846662521362e-02
-7.585985213518142700e-02
-2.044490166008472443e-02
-4.843818768858909607e-02
-1.364934723824262619e-02
-1.545282267034053802e-02
2.283687144517898560e-02
-4.304319620132446289e-02
4.685966670513153076e-02
2.355617471039295197e-02
-5.332171916961669922e-03
-5.285369977355003357e-02
-7.955685257911682129e-03
2.516986429691314697e-02
-9.182577021420001984e-03
2.227316610515117645e-02
-1.519515272229909897e-02
-1.934245228767395020e-04
2.486301586031913757e-02
2.560049481689929962e-02
2.388303633779287338e-03
6.389738526195287704e-03
-2.921803481876850128e-02
9.792543947696685791e-02
-6.716569513082504272e-02
8.592554368078708649e-03
-1.486003678292036057e-02
3.434051061049103737e-03
1.981383189558982849e-02
7.529463618993759155e-02
7.997484505176544189e-02
-1.513723377138376236e-02
1.850305590778589249e-03
-1.384015195071697235e-02
3.576023504137992859e-02
-2.833613194525241852e-02
-2.786603197455406189e-02
4.636011645197868347e-02
3.672939538955688477e-02
-3.954294323921203613e-02
7.299357652664184570e-02
-5.394513532519340515e-02
9.258589707314968109e-03
3.678581118583679199e-02
-4.331738129258155823e-02
2.329864352941513062e-02
-4.302234947681427002e-02
7.324998080730438232e-02
-1.854667626321315765e-02
2.896580472588539124e-02
-4.100374877452850342e-02
-3.840769082307815552e-02
3.385461121797561646e-02
-3.432650817558169365e-03
5.648402869701385498e-02
1.438783761113882065e-02
4.638069495558738708e-02
9.478405117988586426e-03
-3.891845047473907471e-02
1.679028756916522980e-02
-1.696604862809181213e-02
-3.739692736417055130e-03
3.006963245570659637e-02
-5.726347491145133972e-02
-9.460139088332653046e-03
-2.185784280300140381e-02
-3.398210182785987854e-02
3.058349713683128357e-02
-4.632987827062606812e-02
-4.823681712150573730e-02
2.401242963969707489e-02
3.643476217985153198e-02
1.078451424837112427e-02
-6.565291434526443481e-02
1.239099446684122086e-02
-1.988887414336204529e-02
-9.720668196678161621e-03
4.317080974578857422e-02
7.288897875696420670e-03
-6.541587412357330322e-02
-2.386395819485187531e-02
1.922366023063659668e-02
-4.562185704708099365e-02
7.750067859888076782e-03
6.847928278148174286e-03
-4.314402490854263306e-02
-2.413101494312286377e-02
1.712427102029323578e-02
-6.773575674742460251e-03
2.265954948961734772e-02
2.514748089015483856e-02
-2.545800432562828064e-02
-2.892242930829524994e-02
-7.661836594343185425e-02
2.217467501759529114e-02
-1.576629281044006348e-02
9.542517364025115967e-03
2.237885491922497749e-04
2.640995196998119354e-02
9.246559347957372665e-04
1.481820527260424569e-05
-1.828779466450214386e-02
-7.760450709611177444e-03
-7.586719095706939697e-02
-1.050607417710125446e-03
1.302665006369352341e-02
-2.927637100219726562e-02
-2.160304039716720581e-02
-5.056165903806686401e-02
4.000560194253921509e-02
1.180946547538042068e-02
7.105879485607147217e-02
-3.723563626408576965e-02
-1.605173456482589245e-03
1.929255947470664978e-02
4.940896481275558472e-02
-5.958842113614082336e-03
-7.512464653700590134e-03
1.928900368511676788e-02
4.638408869504928589e-02
-3.069151379168033600e-02
-5.072081927210092545e-03
3.000692091882228851e-02
-5.392318964004516602e-02
-4.065518081188201904e-02
5.208798870444297791e-02
1.342876534909009933e-02
-6.950863450765609741e-02
-1.222305465489625931e-02
2.659772988408803940e-03
-4.809565842151641846e-02
-1.252594888210296631e-01
-8.737756870687007904e-03
-1.982370764017105103e-02
-6.905405968427658081e-02
5.010025575757026672e-02
-8.935298770666122437e-03
3.347579017281532288e-02
7.986756414175033569e-02
-2.872689401556272060e-05
2.262801630422472954e-03
-4.749142006039619446e-02
-2.283237129449844360e-02
2.680836617946624756e-02
-2.617963962256908417e-02
-3.744540736079216003e-02
-8.894543163478374481e-03
-2.350240945816040039e-03
1.211544367833994329e-04
4.734348971396684647e-03
2.738287439569830894e-03
-2.547127753496170044e-02
-3.684107586741447449e-02
7.609924650751054287e-04
-9.097485803067684174e-03
-2.605998888611793518e-02
-1.470049005001783371e-02
3.228600695729255676e-02
-1.919499784708023071e-02
-5.962542723864316940e-03
-2.144614793360233307e-02
7.221068721264600754e-03
-1.566725596785545349e-02
-4.263752326369285583e-02
-4.234887659549713135e-02
-1.866366830654442310e-03
-7.076000422239303589e-02
2.206724695861339569e-02
5.776425823569297791e-02
1.921449042856693268e-02
3.353507071733474731e-02
2.066677203401923180e-03
-4.077489674091339111e-02
9.641001932322978973e-03
1.705277897417545319e-02
2.508191019296646118e-02
-7.212339341640472412e-02
-1.169858966022729874e-03
-9.578407742083072662e-03
-8.639992773532867432e-02
-1.816805452108383179e-02
4.135483130812644958e-02
-1.471464335918426514e-02
-2.131927013397216797e-02
-2.338950522243976593e-02
-7.957497239112854004e-02
2.828470990061759949e-02
3.226673463359475136e-03
1.861160248517990112e-02
5.832669138908386230e-02
6.926090456545352936e-03
5.525920540094375610e-02
1.266742590814828873e-02
-1.554330717772245407e-02
-6.538108736276626587e-02
2.370336279273033142e-02
1.815480366349220276e-02
1.214404776692390442e-02
7.189018651843070984e-03
5.578301474452018738e-02
-1.555152609944343567e-02
-2.497097849845886230e-02
-4.250075295567512512e-02
4.949190188199281693e-03
-1.149577368050813675e-02
-3.394125029444694519e-02
3.051487496122717857e-03
2.909740200266242027e-03
-7.127737998962402344e-02
1.179093588143587112e-02
-1.009001210331916809e-02
-4.462010040879249573e-02
3.967095166444778442e-02
-2.063831873238086700e-02
-2.122777700424194336e-02
-2.868822216987609863e-02
-3.619626536965370178e-02
4.560411721467971802e-02
-8.801386691629886627e-03
1.608018390834331512e-02
1.621384918689727783e-02
-3.100699931383132935e-02
-2.267809119075536728e-03
-4.287656769156455994e-02
5.579556897282600403e-02
1.487006805837154388e-02
1.107224728912115097e-02
6.742842495441436768e-03
-3.467242792248725891e-02
-5.789965391159057617e-03
-1.468185987323522568e-02
-3.542586788535118103e-02
9.279444813728332520e-03
4.534836485981941223e-02
-1.437669992446899414e-02
4.686938598752021790e-03
-3.063001297414302826e-02
1.478926744312047958e-02
-2.985548041760921478e-02
-5.030554160475730896e-02
1.751312613487243652e-02
-6.860346533358097076e-03
-9.252930991351604462e-03
4.646905511617660522e-02
-4.053131118416786194e-02
-4.278806224465370178e-02
9.595891460776329041e-03
-2.999559044837951660e-02
1.546287816017866135e-02
7.115087937563657761e-03
-5.572874564677476883e-03
4.200893919914960861e-03
1.488164998590946198e-02
4.800840839743614197e-02
-5.277556180953979492e-02
2.345910482108592987e-02
3.808991285040974617e-03
-8.574593812227249146e-03
2.536619082093238831e-02
-2.584701403975486755e-02
8.284877054393291473e-03
1.655909419059753418e-02
4.719513654708862305e-02
1.866559498012065887e-02
4.789282102137804031e-03
2.681127935647964478e-02
-3.096423484385013580e-02
-3.984021022915840149e-02
-4.077525064349174500e-02
1.899477839469909668e-02
-3.870961070060729980e-02
-1.984919235110282898e-02
3.301278501749038696e-02
-3.342955559492111206e-02
-4.723893478512763977e-02
-4.323093965649604797e-02
-3.152596950531005859e-02
-5.620325356721878052e-02
-4.197675362229347229e-02
2.821072377264499664e-02
4.806974530220031738e-02
2.872616983950138092e-02
3.607561066746711731e-02
-3.625267744064331055e-02
9.858135599642992020e-04
-5.191796645522117615e-02
2.846796298399567604e-03
-2.328730560839176178e-02
2.093936130404472351e-02
3.757291287183761597e-02
4.641860723495483398e-02
-2.836381457746028900e-02
-6.187829747796058655e-02
-9.525066241621971130e-03
-3.847643360495567322e-02
-4.587970674037933350e-02
6.071141734719276428e-02
-3.140167891979217529e-02
-1.590405404567718506e-02
5.569313187152147293e-03
6.701587140560150146e-02
4.063571244478225708e-02
3.158176783472299576e-03
-6.306872516870498657e-02
4.742476344108581543e-02
-2.146755158901214600e-02
-1.236959360539913177e-02
2.104821987450122833e-02
-3.947171941399574280e-02
2.813100256025791168e-02
-2.614373713731765747e-02
4.568880423903465271e-02
3.713912889361381531e-02
-7.941349409520626068e-03
-1.693891547620296478e-02
-5.285203829407691956e-02
4.983486142009496689e-04
3.968369588255882263e-02
4.821277689188718796e-03
6.283073220402002335e-03
-2.680225111544132233e-02
3.419392928481101990e-02
1.542506553232669830e-02
4.029740393161773682e-02
3.810588270425796509e-03
4.197870846837759018e-03
1.990770921111106873e-02
-1.863505132496356964e-02
3.171223774552345276e-02
-4.515619575977325439e-02
1.159087568521499634e-02
-3.136866539716720581e-02
-1.890727877616882324e-02
5.709787085652351379e-02
-5.285980552434921265e-02
1.212033908814191818e-02
-1.024017203599214554e-02
3.910730406641960144e-02
-3.594396635890007019e-02
-7.369887549430131912e-03
-7.810294628143310547e-03
3.916241228580474854e-03
4.266412928700447083e-02
4.022269695997238159e-02
3.945448994636535645e-02
-1.240866817533969879e-02
-3.634971799328923225e-03
3.094518184661865234e-02
1.795999519526958466e-02
-1.111080590635538101e-02
-1.876737177371978760e-02
-1.091932132840156555e-02
3.441636264324188232e-02
1.298882346600294113e-02
-3.257533535361289978e-02
5.188963934779167175e-02
6.841314584016799927e-02
8.705932646989822388e-03
-2.314617857336997986e-02
5.334437638521194458e-02
-1.546615827828645706e-02
6.206556782126426697e-02
1.548648718744516373e-02
-4.590700566768646240e-02
-1.850585639476776123e-02
-7.143150269985198975e-02
6.140841543674468994e-02
-5.411423742771148682e-02
1.191433612257242203e-02
-2.705243788659572601e-02
-2.347627014387398958e-04
1.380779873579740524e-02
-1.304112002253532410e-02
8.978954516351222992e-03
-1.789609156548976898e-02
5.860221758484840393e-02
9.784087538719177246e-03
1.510692201554775238e-02
1.420591771602630615e-02
6.925054639577865601e-02
-5.318181589245796204e-02
1.165269222110509872e-02
-1.094283536076545715e-02
-4.324619844555854797e-02
-5.211073160171508789e-02
-4.534276574850082397e-02
-2.597085200250148773e-02
1.816007867455482483e-02
-1.845986023545265198e-02
3.749006427824497223e-03
1.076175924390554428e-02
-7.134129293262958527e-03
1.270038634538650513e-02
1.665807515382766724e-02
1.198991388082504272e-02
-7.275599986314773560e-02
-3.920119628310203552e-02
-6.450159102678298950e-02
2.640867792069911957e-02
9.978867135941982269e-03
-4.330985248088836670e-02
-1.148909330368041992e-03
2.020444720983505249e-02
1.952333934605121613e-02
-8.167753368616104126e-02
1.960669644176959991e-02
5.303841084241867065e-02
-3.427122905850410461e-02
4.385848995298147202e-03
7.081160694360733032e-02
-1.555618015117943287e-03
5.636319145560264587e-02
1.330147846601903439e-03
-7.024793419986963272e-03
1.406402979046106339e-02
-1.798063516616821289e-03
3.532804315909743309e-03
1.090669184923171997e-01
-9.057541191577911377e-02
5.616544280201196671e-03
-1.466112304478883743e-02
-1.880869641900062561e-02
-6.134722381830215454e-02
-7.131064776331186295e-03
-9.051843732595443726e-02
-5.820717290043830872e-02
6.537261418998241425e-03
2.443173155188560486e-02
-3.014773502945899963e-02
5.318527575582265854e-03
4.089251905679702759e-02
-3.267230093479156494e-02
4.939070716500282288e-02
-4.830804839730262756e-02
-6.437726318836212158e-02
6.764202378690242767e-03
-6.228739023208618164e-02
-4.008951131254434586e-03
-3.661293536424636841e-02
-2.609033836051821709e-03
5.849407985806465149e-02
-9.608407318592071533e-02
3.557974100112915039e-02
-1.447731442749500275e-02
2.838938729837536812e-03
5.680634826421737671e-02
-1.652704365551471710e-02
1.014090627431869507e-01
-4.381586622912436724e-04
4.845505580306053162e-03
2.895472198724746704e-02
-1.647487282752990723e-02
-1.162961497902870178e-02
-4.947686940431594849e-02
-7.963950745761394501e-03
-3.655169531702995300e-02
-3.669473156332969666e-02
1.485785376280546188e-02
-4.562369734048843384e-02
3.483435371890664101e-03
-2.988797239959239960e-02
1.436345279216766357e-02
-3.739589452743530273e-02
5.097394809126853943e-03
2.210062369704246521e-02
1.987459510564804077e-02
2.837154269218444824e-02
9.104505181312561035e-03
-6.160481274127960205e-02
2.239484898746013641e-02
6.913373619318008423e-02
2.023225277662277222e-02
7.050226908177137375e-03
-4.544678330421447754e-02
-2.069387957453727722e-02
-3.766527399420738220e-02
5.694376677274703979e-02
-5.902920663356781006e-02
1.185183785855770111e-02
-7.029642350971698761e-03
4.729007184505462646e-02
8.180102705955505371e-02
-8.454023301601409912e-02
2.957527525722980499e-02
-5.026991292834281921e-02
-3.884621337056159973e-02
-6.471048295497894287e-02
-4.856967926025390625e-02
-1.357187144458293915e-02
4.369482025504112244e-02
3.564251214265823364e-02
-2.701042965054512024e-02
7.896934635937213898e-03
-3.246809914708137512e-02
3.549731150269508362e-02
-3.350954130291938782e-02
-9.730006568133831024e-03
6.102362647652626038e-03
-6.358345970511436462e-03
4.572602733969688416e-02
1.044721435755491257e-02
1.957888342440128326e-02
1.887148432433605194e-02
4.940403252840042114e-02
-3.668643161654472351e-02
1.558446604758501053e-02
-4.524440504610538483e-03
-1.511944923549890518e-02
-4.154659062623977661e-02
4.418367985635995865e-03
-1.662938483059406281e-02
2.417285367846488953e-02
-1.263433974236249924e-02
-5.282869096845388412e-03
4.369975626468658447e-02
-5.046242475509643555e-02
-5.204156413674354553e-02
-1.276853308081626892e-02
-6.792910397052764893e-02
-3.926023468375205994e-02
5.227026715874671936e-02
6.403823941946029663e-02
9.228730946779251099e-02
-1.624767668545246124e-02
3.972958400845527649e-02
-5.503894016146659851e-02
5.060090497136116028e-02
-4.943596664816141129e-03
1.606238074600696564e-02
-5.951316654682159424e-02
-1.995690353214740753e-02
1.502356119453907013e-02
-2.773519232869148254e-02
-7.677325606346130371e-02
1.491178944706916809e-02
2.353914268314838409e-02
-3.355411812663078308e-02
-4.855280742049217224e-02
4.292545467615127563e-02
9.125363081693649292e-03
2.598644979298114777e-02
4.287139326333999634e-02
5.060486029833555222e-03
-2.311358600854873657e-02
1.693948055617511272e-03
4.992200806736946106e-02
6.918911635875701904e-02
-2.937176823616027832e-02
1.616729982197284698e-02
-4.174034297466278076e-02
7.331690192222595215e-02
2.938893064856529236e-02
2.377070486545562744e-02
3.077301755547523499e-02
5.500990431755781174e-03
3.605872392654418945e-02
-9.366982430219650269e-02
-2.109785191714763641e-02
4.081509262323379517e-02
2.807883545756340027e-03
1.190488785505294800e-02
-4.354705102741718292e-03
-1.019386574625968933e-02
-6.088556721806526184e-02
-5.934965983033180237e-02
-2.933936892077326775e-03
2.408231981098651886e-02
-7.976239174604415894e-02
-1.878432743251323700e-02
-2.320045977830886841e-02
-2.016717335209250450e-03
-5.067404359579086304e-02
1.141345351934432983e-01
-6.954437494277954102e-02
3.489965200424194336e-02
-4.934433475136756897e-02
-2.615817636251449585e-02
-1.212001033127307892e-02
-1.968418806791305542e-02
5.953850224614143372e-02
8.765273727476596832e-03
3.786125034093856812e-02
-1.158883497118949890e-01
-1.712273620069026947e-02
9.917907416820526123e-03
3.528465516865253448e-03
2.721294015645980835e-02
-7.330224663019180298e-02
2.522874251008033752e-02
-4.526205360889434814e-03
2.503127604722976685e-02
1.934831403195858002e-02
-7.216393947601318359e-02
2.741515636444091797e-04
7.122616469860076904e-02
-8.151765912771224976e-02
4.472002759575843811e-02
-4.275604709982872009e-02
6.703344732522964478e-02
-1.648011989891529083e-02
3.468482196331024170e-02
1.764523913152515888e-03
1.009663380682468414e-02
2.333727478981018066e-02
-4.090599343180656433e-02
-9.432826191186904907e-03
-4.586858209222555161e-03
-1.700974069535732269e-03
2.109710499644279480e-02
-3.537553176283836365e-02
-7.490554824471473694e-03
1.062555611133575439e-02
-9.154655970633029938e-03
-4.231488332152366638e-02
4.643865302205085754e-02
-4.286992549896240234e-02
3.421717882156372070e-02
7.315491791814565659e-03
-1.783629506826400757e-02
2.591292373836040497e-02
2.666703052818775177e-02
4.833826795220375061e-03
1.143856272101402283e-01
3.722342476248741150e-02
1.477807015180587769e-02
-2.018136158585548401e-02
-1.369371358305215836e-02
-1.053212024271488190e-02
-5.769325420260429382e-03
8.014632388949394226e-03
-4.084233939647674561e-02
5.988791235722601414e-04
3.685325384140014648e-02
-5.459743738174438477e-02
-3.127041831612586975e-02
-1.918207108974456787e-02
-7.117647677659988403e-02
-2.997415885329246521e-02
1.418016012758016586e-02
-8.065653964877128601e-03
-9.734061360359191895e-02
-3.181799128651618958e-02
2.262144349515438080e-02
9.989665704779326916e-05
-1.652079448103904724e-02
-1.178682874888181686e-02
5.263093858957290649e-03
5.685151368379592896e-02
2.322301082313060760e-02
9.749419055879116058e-03
-1.264485623687505722e-02
3.287991508841514587e-02
6.611165404319763184e-02
-1.402985863387584686e-02
4.084063693881034851e-02
-5.202509835362434387e-02
2.459492348134517670e-02
1.268207188695669174e-02
4.558096826076507568e-02
-6.634803116321563721e-02
-2.653366141021251678e-02
-1.399476313963532448e-03
2.288993634283542633e-02
2.132912911474704742e-02
-1.040030643343925476e-02
-1.535919494926929474e-02
2.983430027961730957e-02
-4.846937023103237152e-03
4.989445582032203674e-02
4.472284764051437378e-02
3.158428147435188293e-02
2.232307940721511841e-02
-2.498302608728408813e-02
5.368895828723907471e-02
5.724174901843070984e-02
-2.655579708516597748e-02
4.391555488109588623e-02
-7.710769772529602051e-02
2.428900077939033508e-02
2.594201080501079559e-02
4.326688498258590698e-02
5.785917164757847786e-04
-2.502539381384849548e-02
4.440744221210479736e-02
3.168512508273124695e-02
4.649441689252853394e-02
-4.745380952954292297e-03
7.769408635795116425e-03
-2.019800804555416107e-02
-1.070289835333824158e-01
5.145236849784851074e-02
-2.084724791347980499e-02
1.294325664639472961e-02
-1.572727225720882416e-02
-1.422673277556896210e-02
-2.710104547441005707e-02
1.814677752554416656e-02
-2.448294498026371002e-02
-3.556521842256188393e-03
6.148166954517364502e-03
3.012032015249133110e-03
3.238242119550704956e-02
1.877554133534431458e-02
-1.897237263619899750e-02
3.261797875165939331e-02
3.139958158135414124e-02
1.274413708597421646e-02
-5.692667514085769653e-02
-1.999989151954650879e-02
4.579874221235513687e-03
5.085156112909317017e-02
3.747390955686569214e-02
-1.023252401500940323e-02
4.826610162854194641e-02
-1.920161023736000061e-02
-1.844457350671291351e-02
-1.246291678398847580e-02
4.293206706643104553e-02
-1.482923142611980438e-02
3.592201694846153259e-02
-3.142203390598297119e-02
-3.964570164680480957e-02
4.978046938776969910e-02
-1.326729357242584229e-02
-2.931481786072254181e-02
-4.125521332025527954e-02
-5.943927913904190063e-03
1.100348606705665588e-01
5.035948753356933594e-02
-5.239621549844741821e-02
-3.834826499223709106e-02
-6.791774183511734009e-02
-1.912301219999790192e-02
-1.035218127071857452e-02
-1.789156929589807987e-03
-7.338903378695249557e-03
-4.136066418141126633e-03
-2.413094229996204376e-02
1.232558302581310272e-02
-1.426543854176998138e-02
2.697209641337394714e-02
4.025555774569511414e-02
-1.827773451805114746e-02
-1.517855841666460037e-02
-1.367598026990890503e-02
-4.083867650479078293e-03
4.983662813901901245e-02
-2.358634211122989655e-02
-8.557758294045925140e-03
-8.549128659069538116e-03
5.040441453456878662e-02
-2.135981246829032898e-02
4.042384680360555649e-03
-1.097067538648843765e-02
7.878171652555465698e-02
-1.236105803400278091e-03
1.055347733199596405e-02
7.641396950930356979e-03
-5.721188709139823914e-02
-5.823240056633949280e-02
4.544803127646446228e-02
2.784697338938713074e-02
1.474533695727586746e-03
-1.071064081043004990e-02
4.790170863270759583e-02
-1.119085308164358139e-02
-3.501608222723007202e-02
-6.440386176109313965e-02
-5.976457148790359497e-02
5.556458979845046997e-02
2.489966340363025665e-02
2.592943981289863586e-02
1.968193612992763519e-02
-4.729136079549789429e-02
-4.375998687464743853e-04
-4.571709036827087402e-02
-2.091583609580993652e-02
-1.196079980581998825e-02
-5.538268014788627625e-03
-8.768159896135330200e-03
5.715094506740570068e-02
1.130290143191814423e-02
-1.413159072399139404e-02
-8.245095610618591309e-02
9.586769156157970428e-03
-4.087647050619125366e-02
-6.350820884108543396e-03
2.272832021117210388e-02
2.845241315662860870e-02
-2.047940529882907867e-02
-1.112124696373939514e-02
-1.611235179007053375e-02
5.171423777937889099e-03
3.660005703568458557e-02
1.034403070807456970e-01
3.013578802347183228e-02
4.615632444620132446e-02
4.426281526684761047e-02
-6.862792372703552246e-02
2.694777771830558777e-02
4.644446074962615967e-02
-1.563315652310848236e-02
-7.165256887674331665e-03
-2.738581039011478424e-02
-3.450686577707529068e-03
-2.479008957743644714e-02
2.650083042681217194e-02
-1.056021451950073242e-01
5.741610657423734665e-03
-5.522415507584810257e-03
-5.760896485298871994e-03
2.537064068019390106e-02
1.373824570327997208e-02
1.296293456107378006e-02
-1.574783818796277046e-03
-6.120062619447708130e-02
-1.359535753726959229e-02
2.853192389011383057e-02
2.099442761391401291e-03
-6.893599871546030045e-03
-6.701073050498962402e-02
-1.302621979266405106e-02
5.339990556240081787e-02
-1.657047495245933533e-02
4.546905308961868286e-02
5.489676818251609802e-02
-2.071144618093967438e-02
4.002856556326150894e-03
2.561861462891101837e-02
-7.114685140550136566e-03
1.580179668962955475e-02
5.354975536465644836e-02
-7.802317850291728973e-03
3.211623430252075195e-02
5.793948471546173096e-02
3.923372924327850342e-02
-2.397288754582405090e-02
1.560827996581792831e-02
-5.446062609553337097e-02
-2.170539274811744690e-02
-5.788286682218313217e-03
-3.860864322632551193e-03
-4.119797050952911377e-02
5.949364602565765381e-02
1.618700288236141205e-02
1.854624599218368530e-02
-1.613738574087619781e-02
-1.252452656626701355e-02
-5.715896561741828918e-02
-9.839992970228195190e-02
-2.460718527436256409e-02
9.084369055926799774e-03
-6.962936371564865112e-02
1.627409830689430237e-02
2.118976600468158722e-02
2.410554885864257812e-02
-1.006834674626588821e-02
-8.040137588977813721e-03
6.005527824163436890e-02
4.108001664280891418e-02
-1.265124697238206863e-02
-3.668515756726264954e-02
-3.178558871150016785e-02
-8.662032894790172577e-03
1.454788027331233025e-03
-4.356217104941606522e-03
