3.119222633540630341e-02
3.745851572602987289e-03
7.938802987337112427e-02
-2.644586935639381409e-02
1.542100962251424789e-02
-1.670890860259532928e-02
3.484366089105606079e-02
1.738471537828445435e-02
-2.043019048869609833e-03
-7.895284146070480347e-02
-9.237914346158504486e-03
-2.194313518702983856e-02
4.244137182831764221e-02
-2.340297214686870575e-03
-3.972008824348449707e-03
-4.695477709174156189e-02
-6.078108679503202438e-03
-2.441723085939884186e-02
1.873061247169971466e-02
-8.377792313694953918e-03
3.672993555665016174e-02
-3.551830537617206573e-03
-3.003141656517982483e-02
-7.921722531318664551e-02
3.178954869508743286e-02
-1.858195289969444275e-02
-9.020818397402763367e-03
-2.190710976719856262e-02
2.059648558497428894e-02
-7.321611791849136353e-02
-6.711791455745697021e-02
-2.616411447525024414e-02
-6.022437475621700287e-03
-1.091704890131950378e-02
-2.038481831550598145e-02
3.264826163649559021e-02
-1.034149085171520710e-03
2.863469999283552170e-03
1.478878129273653030e-02
1.015494912862777710e-01
8.035277016460895538e-03
4.222746565937995911e-02
9.121615439653396606e-03
-6.006359122693538666e-03
-8.709343150258064270e-03
-1.489826012402772903e-02
-1.444759895093739033e-03
-1.455475389957427979e-02
-7.388262310996651649e-04
-2.613763324916362762e-02
2.673376537859439850e-02
1.456640847027301788e-02
-2.136579900979995728e-02
-1.726913964375853539e-03
-9.364543482661247253e-03
-3.366382420063018799e-02
-3.619236871600151062e-02
-5.069958418607711792e-02
-1.038937177509069443e-02
-1.669114083051681519e-02
2.504892088472843170e-02
9.978024289011955261e-03
3.280583769083023071e-02
1.765267550945281982e-02
-4.579494893550872803e-02
4.855237528681755066e-02
-4.410324618220329285e-02
-3.183179721236228943e-02
-1.768519729375839233e-02
-3.207075595855712891e-02
-2.431065961718559265e-02
-3.834526240825653076e-02
1.023908331990242004e-01
-4.279398918151855469e-02
1.596548967063426971e-02
4.615344107151031494e-02
5.290636047720909119e-02
-1.147117558866739273e-02
6.662691943347454071e-03
2.796544693410396576e-02
1.513077132403850555e-02
3.523146361112594604e-02
-9.791984222829341888e-03
2.226216532289981842e-02
-3.711628541350364685e-02
-4.459972959011793137e-03
5.737978592514991760e-02
-1.783946529030799866e-02
-4.095358029007911682e-02
1.687026210129261017e-02
2.358125522732734680e-02
-7.898462563753128052e-02
-6.716174539178609848e-03
-4.718031734228134155e-02
-2.075387351214885712e-02
-8.882204070687294006e-03
1.259755529463291168e-02
-1.003031991422176361e-02
2.585792914032936096e-02
2.467623539268970490e-02
-2.650785818696022034e-02
-2.226261980831623077e-02
5.240014567971229553e-02
1.833788864314556122e-02
7.060615718364715576e-02
5.711615458130836487e-02
2.991935424506664276e-02
-3.552797064185142517e-02
2.246401086449623108e-02
-4.000563919544219971e-02
5.404799431562423706e-02
-4.309937730431556702e-02
-2.122571133077144623e-02
5.484599620103836060e-02
2.080292440950870514e-02
4.517480358481407166e-02
9.515364654362201691e-03
1.440354995429515839e-02
-1.249958667904138565e-02
-8.334671147167682648e-03
-2.110304497182369232e-02
1.345023419708013535e-02
9.953693486750125885e-03
-3.253857791423797607e-02
-1.428674720227718353e-02
5.133809149265289307e-02
9.725240990519523621e-03
1.931113377213478088e-02
-2.362072467803955078e-02
1.672261953353881836e-02
3.338813036680221558e-02
-6.248972378671169281e-03
-1.365381013602018356e-02
1.255876012146472931e-02
-7.658698013983666897e-04
9.172871359623968601e-04
-1.693923841230571270e-04
-4.930160939693450928e-02
-1.572133973240852356e-02
-9.341810643672943115e-02
1.931398175656795502e-02
-6.453769654035568237e-02
8.577375859022140503e-02
5.872947722673416138e-02
1.713427901268005371e-02
-2.843551337718963623e-03
1.030155923217535019e-02
-1.232340466231107712e-02
4.284150153398513794e-02
-6.306131184101104736e-02
4.501511529088020325e-02
1.257777679711580276e-02
-1.723918132483959198e-02
1.512023806571960449e-02
1.413105335086584091e-02
-7.210443913936614990e-02
-5.117773264646530151e-02
-2.270999737083911896e-02
1.663433387875556946e-02
1.484738849103450775e-02
6.596440076828002930e-02
3.721349686384201050e-02
3.673954308032989502e-02
-5.970606580376625061e-02
-4.426084086298942566e-02
4.451905190944671631e-02
9.533233940601348877e-03
3.757740557193756104e-02
1.198923587799072266e-02
1.594984158873558044e-02
1.776243373751640320e-02
-2.098473161458969116e-02
5.275148525834083557e-02
2.322178706526756287e-02
-2.650643698871135712e-03
-1.718493364751338959e-02
-5.671233683824539185e-02
-5.422231275588274002e-03
-5.724231898784637451e-02
-4.900491982698440552e-02
2.395796403288841248e-02
-3.303933143615722656e-02
-4.199248924851417542e-02
-2.316077798604965210e-02
1.059800852090120316e-02
-3.049291111528873444e-02
-6.501008570194244385e-02
1.071906066499650478e-03
2.759266644716262817e-02
5.932515859603881836e-02
1.053416077047586441e-02
4.380083456635475159e-02
-6.279989145696163177e-03
2.623698301613330841e-02
5.298510938882827759e-02
-1.887891814112663269e-02
-1.012347638607025146e-02
3.581883758306503296e-02
2.906623668968677521e-02
-7.680235430598258972e-03
9.563516825437545776e-03
-1.349076535552740097e-02
-3.386133536696434021e-02
-2.256829477846622467e-02
2.600071579217910767e-02
-8.649753406643867493e-03
-3.454741463065147400e-02
1.730861514806747437e-02
4.165087267756462097e-02
-1.042218413203954697e-02
-4.199004918336868286e-02
8.085125125944614410e-03
-1.729478011839091778e-03
-4.125589504837989807e-02
5.469993874430656433e-02
-1.034500543028116226e-02
-1.518140174448490143e-02
1.405464485287666321e-02
5.539608746767044067e-02
-7.258929312229156494e-02
-1.961198821663856506e-02
-2.553354576230049133e-02
-4.259381443262100220e-02
3.994033858180046082e-02
6.072909012436866760e-02
-1.342711783945560455e-02
-1.956865377724170685e-02
-4.446506500244140625e-02
2.896752208471298218e-02
-3.146216273307800293e-03
2.025452069938182831e-02
4.170794039964675903e-02
2.461832761764526367e-02
2.282302454113960266e-02
5.771497637033462524e-02
-2.497802861034870148e-02
3.338005766272544861e-02
-1.553039345890283585e-02
-1.000333018600940704e-02
1.977404113858938217e-03
-2.429972775280475616e-02
2.877588383853435516e-02
5.583624355494976044e-03
-7.978461682796478271e-02
-1.616923138499259949e-02
-7.108965655788779259e-04
-6.693476811051368713e-03
-1.228261645883321762e-02
-1.045456342399120331e-02
-3.952989727258682251e-02
1.760524883866310120e-02
-3.640993684530258179e-02
5.168863385915756226e-02
2.885646559298038483e-02
-6.475541274994611740e-03
-4.853200633078813553e-03
7.760918140411376953e-02
3.490170929580926895e-03
-1.694150641560554504e-02
4.903266578912734985e-02
-2.941912272945046425e-03
4.205359145998954773e-03
1.034521237015724182e-01
4.208759218454360962e-02
-1.581855863332748413e-02
6.511634215712547302e-03
-4.374992474913597107e-02
-1.193939987570047379e-02
3.989972546696662903e-02
7.046076469123363495e-03
1.548545155674219131e-02
2.711239084601402283e-02
1.481062360107898712e-02
-5.784782394766807556e-02
2.260065823793411255e-02
-1.680257171392440796e-02
-4.124289751052856445e-02
-4.838011786341667175e-02
-4.941942635923624039e-03
3.280334174633026123e-02
3.435901366174221039e-03
3.952087834477424622e-02
5.532818380743265152e-03
-9.108501486480236053e-03
-4.679330438375473022e-02
-7.758601754903793335e-02
-2.006352879106998444e-03
6.850452162325382233e-03
-1.771730929613113403e-02
-2.478916198015213013e-02
5.027793347835540771e-02
2.034582570195198059e-02
-7.216206938028335571e-02
-8.180835284292697906e-03
3.401860967278480530e-02
4.102637246251106262e-02
-2.097288705408573151e-02
2.041951939463615417e-02
1.302221417427062988e-02
-5.325559526681900024e-02
1.034761546179652214e-03
3.863453632220625877e-03
2.368424460291862488e-02
5.898836627602577209e-02
-2.596018463373184204e-02
4.278300330042839050e-02
2.732705697417259216e-02
-1.080746017396450043e-02
1.330165658146142960e-02
-4.023235756903886795e-03
-4.237647354602813721e-02
2.777536585927009583e-02
-5.995579808950424194e-02
-4.827884957194328308e-02
-3.805135190486907959e-02
-5.855028517544269562e-03
-3.647023439407348633e-02
-3.617774229496717453e-03
3.915663436055183411e-02
1.033158227801322937e-02
-2.792097255587577820e-02
9.614944458007812500e-03
-6.377239525318145752e-02
-4.333224613219499588e-03
4.016091581434011459e-03
-1.823797076940536499e-02
-4.886787384748458862e-02
5.797256901860237122e-02
6.567644886672496796e-03
2.990205213427543640e-02
-5.096350796520709991e-03
5.861659348011016846e-02
2.314445190131664276e-02
-3.911333531141281128e-02
8.416809141635894775e-03
-4.434830695390701294e-02
7.723852992057800293e-03
-4.594083502888679504e-02
3.645974397659301758e-02
-4.479682072997093201e-03
4.097379744052886963e-02
5.777860991656780243e-03
-2.160089462995529175e-02
1.195342745631933212e-02
2.894837874919176102e-03
-3.809980582445859909e-03
-5.456759035587310791e-02
-4.524394404143095016e-03
1.376638934016227722e-02
2.726025693118572235e-02
1.252421271055936813e-02
-1.460933778434991837e-02
6.822437513619661331e-03
2.236628532409667969e-02
7.744716480374336243e-03
3.188870102167129517e-02
2.859312668442726135e-02
-4.945790395140647888e-02
2.377711422741413116e-02
-1.995381899178028107e-02
9.641330689191818237e-03
1.292308513075113297e-02
3.428180888295173645e-02
-9.094477631151676178e-03
-9.816724341362714767e-04
-5.789697170257568359e-02
2.408357709646224976e-02
1.054235771298408508e-01
-3.257137537002563477e-02
-6.563614588230848312e-03
-1.602371595799922943e-02
-7.168701849877834320e-03
-5.755345523357391357e-02
6.676592677831649780e-02
-2.937654405832290649e-02
-1.314523350447416306e-02
-4.379865247756242752e-03
-6.201841682195663452e-02
-1.703747734427452087e-02
5.420200992375612259e-03
-2.110594883561134338e-02
-6.204272806644439697e-02
-2.162781357765197754e-02
-1.353459432721138000e-02
1.776793412864208221e-02
-3.786110132932662964e-02
3.593429550528526306e-02
-1.929749362170696259e-02
-2.075195312500000000e-02
8.010647259652614594e-03
3.703821077942848206e-02
4.592296667397022247e-03
7.983896066434681416e-04
8.491342887282371521e-03
-1.289495499804615974e-03
2.475595101714134216e-02
6.096341181546449661e-03
6.863152608275413513e-03
5.804461985826492310e-02
3.392821922898292542e-02
9.137107990682125092e-03
7.617034483700990677e-03
8.228739351034164429e-02
3.859527409076690674e-02
4.230703413486480713e-02
9.090682724490761757e-04
-7.369813323020935059e-02
-6.461969017982482910e-02
1.548119727522134781e-02
3.072518855333328247e-02
3.975185006856918335e-02
3.100650571286678314e-02
5.756561085581779480e-02
1.129888556897640228e-02
1.720958016812801361e-02
1.099822297692298889e-02
-4.222114384174346924e-02
-5.819159746170043945e-02
-1.698863133788108826e-02
9.153329767286777496e-03
3.078903071582317352e-02
1.501512061804533005e-02
-3.133260458707809448e-02
-8.001972734928131104e-02
-3.403762355446815491e-02
-1.100360788404941559e-02
7.725665345788002014e-03
7.465460221283137798e-04
-1.549528632313013077e-02
-6.917124241590499878e-02
-6.316217780113220215e-02
-1.645402866415679455e-03
5.997789558023214340e-03
-5.808154121041297913e-03
1.884749042801558971e-03
5.544638261198997498e-02
7.362263277173042297e-03
-7.736722938716411591e-03
3.317165886983275414e-03
1.588713005185127258e-02
-1.379471365362405777e-02
5.307225883007049561e-02
-8.696053177118301392e-03
-6.654205918312072754e-02
-5.200916901230812073e-02
-3.694485500454902649e-02
-1.034593116492033005e-02
4.692815989255905151e-02
2.643923088908195496e-02
-2.973407506942749023e-03
5.569614935666322708e-03
-4.966697469353675842e-02
-3.412513062357902527e-02
-3.696177154779434204e-02
3.102707862854003906e-02
-4.082411900162696838e-02
-2.708626165986061096e-02
-4.095559008419513702e-03
-2.239307388663291931e-02
5.557631701231002808e-02
5.852387472987174988e-02
4.020895063877105713e-02
-7.765848934650421143e-02
-8.062731649260967970e-05
-1.099759526550769806e-02
6.323677022010087967e-03
9.268522262573242188e-05
3.175567835569381714e-02
2.209955453872680664e-02
-1.215954218059778214e-02
8.501358330249786377e-02
-5.364823620766401291e-03
-2.609219402074813843e-02
-2.941542491316795349e-02
-5.761664360761642456e-02
-1.595146209001541138e-02
4.054482653737068176e-02
-5.950077902525663376e-03
-4.300634562969207764e-02
2.521035820245742798e-02
-1.234785560518503189e-02
3.346752375364303589e-02
3.541008383035659790e-02
6.392188370227813721e-02
1.102413702756166458e-02
1.276988349854946136e-02
-5.757358390837907791e-03
-4.094724357128143311e-02
2.774956449866294861e-02
4.075316339731216431e-02
1.976265758275985718e-02
4.586002975702285767e-02
1.121297106146812439e-02
-9.278189390897750854e-03
-1.222578622400760651e-02
2.912306413054466248e-02
2.628693170845508575e-02
-9.680330753326416016e-03
-4.067392647266387939e-02
-1.437782309949398041e-02
-1.184744574129581451e-02
2.046135999262332916e-02
-2.132897637784481049e-02
2.778244204819202423e-03
-6.484290957450866699e-02
7.623160723596811295e-03
-6.836678367108106613e-03
5.502533167600631714e-02
3.261060267686843872e-02
2.357242442667484283e-02
3.818317502737045288e-02
-3.046620264649391174e-02
-3.753320500254631042e-02
1.362011022865772247e-02
-4.103959351778030396e-02
-6.298173964023590088e-02
-8.762719808146357536e-04
3.088510967791080475e-02
5.765118077397346497e-02
4.639593511819839478e-02
-9.736820124089717865e-03
-2.539403550326824188e-02
-3.743895515799522400e-02
1.417033956386148930e-03
-2.909717150032520294e-02
1.742117665708065033e-02
2.521231397986412048e-02
4.464017599821090698e-02
-4.452208057045936584e-02
6.572735495865345001e-03
-1.926080137491226196e-02
3.203747048974037170e-02
1.828840933740139008e-02
-5.364337190985679626e-02
3.810419142246246338e-02
8.658516407012939453e-02
5.745418835431337357e-03
-1.592664048075675964e-02
1.468185056000947952e-02
-2.263311669230461121e-02
1.343043055385351181e-02
-2.717147395014762878e-02
-1.184740662574768066e-02
-7.981549203395843506e-02
-8.698087185621261597e-03
-2.462899871170520782e-02
-6.395405158400535583e-03
-4.874117206782102585e-03
-1.224367879331111908e-02
-5.033740028738975525e-02
-8.934238925576210022e-03
2.107105962932109833e-02
6.279540807008743286e-02
-2.527441596612334251e-03
1.348999794572591782e-03
2.617953158915042877e-02
2.833341248333454132e-02
-4.792086035013198853e-02
-1.405408047139644623e-02
4.300051182508468628e-02
2.851103618741035461e-02
1.475980877876281738e-02
2.750903367996215820e-02
-2.136476570740342140e-03
-3.526597470045089722e-02
8.841684460639953613e-02
1.104553975164890289e-02
-2.618254162371158600e-02
-1.579733937978744507e-02
-1.694857701659202576e-02
-4.690692946314811707e-02
-6.724934559315443039e-03
2.435752749443054199e-02
-2.884879894554615021e-02
-9.201275184750556946e-03
7.952255196869373322e-03
-6.699653808027505875e-03
3.472166880965232849e-02
-1.391367241740226746e-02
3.212082013487815857e-02
1.659740880131721497e-02
-9.846149012446403503e-03
3.701210767030715942e-02
1.088838651776313782e-02
7.944943383336067200e-03
-3.720442950725555420e-02
2.310841344296932220e-02
4.434438049793243408e-02
5.325072258710861206e-02
3.016973286867141724e-02
-1.447882823413237929e-04
-1.528180763125419617e-02
9.494753181934356689e-02
9.667576290667057037e-03
-3.430978208780288696e-02
-2.235544379800558090e-03
-4.351310897618532181e-03
-3.514480963349342346e-02
2.669465169310569763e-02
-2.229927293956279755e-02
-4.350619763135910034e-02
-1.715971715748310089e-02
4.067800194025039673e-02
-2.696672268211841583e-02
4.054038971662521362e-02
-7.554610259830951691e-03
-4.986460506916046143e-02
2.647952921688556671e-02
-4.343950375914573669e-02
-1.524724066257476807e-02
4.086805507540702820e-03
4.371666163206100464e-02
-6.249785795807838440e-02
-1.528163626790046692e-02
-2.146389149129390717e-02
-1.580928824841976166e-02
-2.459841314703226089e-03
-3.205437213182449341e-02
4.861501604318618774e-02
-1.529947016388177872e-02
-2.035377314314246178e-03
1.752876909449696541e-03
-4.443104937672615051e-02
-7.045395672321319580e-03
-4.128428921103477478e-02
5.754764750599861145e-02
2.584720589220523834e-02
4.645176604390144348e-02
5.469076335430145264e-02
3.611958771944046021e-02
2.405390143394470215e-02
-3.922863677144050598e-02
1.388519909232854843e-02
-6.193435564637184143e-02
6.529517937451601028e-03
-6.028725765645503998e-03
-3.388958424329757690e-02
-3.885821998119354248e-02
-4.284401610493659973e-02
3.407894400879740715e-03
2.101781778037548065e-02
3.669182956218719482e-02
-2.643819339573383331e-02
1.133821066468954086e-02
5.243664607405662537e-02
4.509166628122329712e-02
5.442321300506591797e-02
-4.248459637165069580e-02
1.167397294193506241e-02
1.261746883392333984e-02
1.012037624605000019e-03
5.111844278872013092e-03
-9.090211242437362671e-03
3.470613807439804077e-02
2.180024515837430954e-03
-2.113546244800090790e-02
7.748631387948989868e-02
5.837366357445716858e-02
-1.109013147652149200e-02
1.046463474631309509e-02
6.397170573472976685e-02
-4.351119697093963623e-02
-5.125143751502037048e-02
2.940168231725692749e-02
-3.762831538915634155e-02
-3.095052577555179596e-02
-2.598892338573932648e-02
-1.441335119307041168e-02
6.884820759296417236e-02
2.053691260516643524e-02
4.974924772977828979e-02
4.194032400846481323e-02
-1.977988518774509430e-03
3.939083591103553772e-02
-1.878486247733235359e-03
5.860211327672004700e-03
-5.841449648141860962e-02
8.039344102144241333e-02
7.641729433089494705e-03
-2.284150198101997375e-02
5.177700892090797424e-02
-2.239335887134075165e-02
-1.457100547850131989e-02
-8.309546858072280884e-03
3.102135285735130310e-02
-1.267732679843902588e-02
6.982704252004623413e-02
3.792006894946098328e-02
4.344781488180160522e-02
6.402914971113204956e-02
2.935314364731311798e-02
-4.437071457505226135e-02
2.406784042250365019e-04
-1.826795190572738647e-02
5.575148761272430420e-02
1.925994525663554668e-03
-6.747665349394083023e-03
7.263576239347457886e-02
-3.148661181330680847e-02
-2.030388265848159790e-02
-2.599454298615455627e-02
1.292695943266153336e-02
-2.721935510635375977e-02
9.175344021059572697e-04
-7.856265455484390259e-02
-6.452962756156921387e-03
-3.460580855607986450e-02
-4.488525167107582092e-02
-2.659451030194759369e-02
4.417150281369686127e-03
3.830796107649803162e-02
-3.260855749249458313e-02
-2.485810033977031708e-02
-2.344480901956558228e-02
-1.298818457871675491e-02
-2.424171194434165955e-02
-5.387616902589797974e-02
3.290969505906105042e-02
2.398717217147350311e-03
6.084952130913734436e-02
-1.241322327405214310e-02
-4.848603624850511551e-03
-1.444200519472360611e-02
4.688248783349990845e-02
-6.669107358902692795e-03
1.564813777804374695e-02
-4.628607258200645447e-02
-4.018092527985572815e-02
-3.156521171331405640e-02
-5.514731258153915405e-02
-3.736794739961624146e-02
6.704297661781311035e-02
-1.572708971798419952e-02
4.400233179330825806e-02
-8.961841464042663574e-03
2.548921108245849609e-02
-3.431966155767440796e-02
-3.525679931044578552e-02
3.856613114476203918e-02
2.928808797150850296e-03
-8.115022443234920502e-03
-3.999857231974601746e-02
3.846184909343719482e-02
-2.225347328931093216e-03
-6.476000882685184479e-03
-5.144834518432617188e-02
-1.821623370051383972e-02
-2.700109966099262238e-02
2.115687727928161621e-02
-5.493950098752975464e-02
-2.737635746598243713e-02
4.975965246558189392e-02
-2.871102467179298401e-02
3.398155793547630310e-02
2.574377134442329407e-02
8.715152740478515625e-02
-3.092644736170768738e-02
-2.814222313463687897e-02
-3.012807341292500496e-03
-5.336618795990943909e-02
2.108819968998432159e-02
-1.922570401802659035e-03
-2.868763543665409088e-02
-4.551227390766143799e-02
2.219315990805625916e-02
-2.732456102967262268e-02
7.947775302454829216e-04
1.232664659619331360e-02
-4.187839850783348083e-02
-3.865162655711174011e-02
5.968667101114988327e-03
-2.589453570544719696e-02
4.111515730619430542e-02
2.049403451383113861e-02
-3.401082474738359451e-03
4.260909277945756912e-03
-3.855156153440475464e-02
-3.169137984514236450e-02
-5.994878243654966354e-03
-6.100234761834144592e-02
1.993670314550399780e-02
2.224260754883289337e-02
-1.441874424926936626e-03
5.111216008663177490e-02
-6.626573204994201660e-02
2.188498387113213539e-03
-3.004359267652034760e-02
-5.854890495538711548e-02
2.751559019088745117e-02
-8.012020029127597809e-03
3.956849873065948486e-02
6.146631762385368347e-02
7.710945792496204376e-03
-6.895686686038970947e-02
-1.661013253033161163e-02
1.686760038137435913e-02
-8.033509552478790283e-02
2.846660499926656485e-04
2.755312807857990265e-02
-1.535574067384004593e-02
2.797383582219481468e-03
2.353934105485677719e-03
-4.051716625690460205e-02
5.790485441684722900e-02
-9.650587104260921478e-03
-2.738529071211814880e-02
1.017733942717313766e-02
-8.796986658126115799e-04
6.246102601289749146e-02
5.687249358743429184e-03
2.162533253431320190e-02
5.080874636769294739e-02
-2.564606256783008575e-02
-7.142954855225980282e-04
6.253425031900405884e-02
5.144005268812179565e-02
-3.295432031154632568e-02
2.440023422241210938e-02
-6.275787949562072754e-02
6.013545021414756775e-02
1.302333083003759384e-02
-3.238618373870849609e-02
-1.902965363115072250e-03
-2.102794125676155090e-02
-1.274646352976560593e-02
2.852566912770271301e-02
-8.712182752788066864e-03
8.215775713324546814e-03
-3.193518146872520447e-02
-5.585273355245590210e-02
-8.554926514625549316e-02
4.995339550077915192e-03
2.280832501128315926e-03
6.641227751970291138e-02
-1.325380895286798477e-02
-1.952609233558177948e-02
2.749997749924659729e-02
1.693860255181789398e-02
1.894732564687728882e-02
-2.799801342189311981e-02
-3.641764819622039795e-02
-1.333229802548885345e-02
7.964602671563625336e-03
-2.650776319205760956e-02
2.284958958625793457e-02
-1.548286341130733490e-02
4.446423798799514771e-02
1.256800629198551178e-02
4.571767896413803101e-02
-3.675916418433189392e-02
-5.548425018787384033e-03
1.848648302257061005e-02
6.279853405430912971e-04
3.847087174654006958e-02
-1.656731590628623962e-02
-2.019174583256244659e-02
-1.369566190987825394e-02
1.292590796947479248e-02
-3.395149856805801392e-02
5.262714624404907227e-02
-3.901538904756307602e-03
9.551185939926654100e-05
1.143079530447721481e-02
3.171454370021820068e-02
-2.968695014715194702e-02
-6.493974011391401291e-03
1.422882732003927231e-02
4.822774790227413177e-03
4.044039919972419739e-02
-3.698867745697498322e-03
-1.882658526301383972e-02
4.997978918254375458e-03
-1.439685747027397156e-02
-2.019086293876171112e-02
-1.026214286684989929e-02
3.221287578344345093e-02
6.427419185638427734e-02
-3.741842135787010193e-02
1.783611252903938293e-02
-2.081048116087913513e-02
-2.040138235315680504e-03
4.361131414771080017e-02
3.074854984879493713e-02
-5.241185054183006287e-02
5.790457502007484436e-02
-6.406079046428203583e-03
6.638449151068925858e-03
-3.560334071516990662e-02
1.201836857944726944e-02
4.940243065357208252e-02
6.934753060340881348e-02
-6.825184077024459839e-02
2.860684506595134735e-02
2.410052902996540070e-02
-5.101599916815757751e-02
4.958162084221839905e-02
2.201906964182853699e-02
-7.344125211238861084e-02
-2.092606760561466217e-02
-1.347505021840333939e-02
1.700181700289249420e-02
-3.584885597229003906e-02
2.554293163120746613e-02
-1.041620317846536636e-02
6.669859867542982101e-03
4.894719645380973816e-02
3.323562070727348328e-02
-3.329880069941282272e-03
2.155344374477863312e-02
-3.857613354921340942e-02
4.745682328939437866e-02
2.223754301667213440e-02
9.936793707311153412e-03
3.224856033921241760e-02
-3.166297823190689087e-02
5.723460577428340912e-03
6.129734218120574951e-02
-8.939263643696904182e-04
7.529580593109130859e-02
2.913219109177589417e-02
-8.759928494691848755e-02
-2.654719166457653046e-02
8.546140044927597046e-03
-2.112446911633014679e-02
7.386895595118403435e-04
-4.464210942387580872e-03
-2.986804768443107605e-02
6.414146162569522858e-03
4.020140040665864944e-03
-1.411764696240425110e-02
2.099971100687980652e-02
-1.028754655271768570e-02
1.453696098178625107e-02
-2.056371793150901794e-02
-7.688189856708049774e-03
-5.256877094507217407e-02
4.276996478438377380e-02
4.558391869068145752e-02
-1.652060635387897491e-02
-4.189823195338249207e-02
5.507665500044822693e-02
4.580457508563995361e-02
-1.980941975489258766e-03
-8.692725561559200287e-03
4.712100327014923096e-02
4.572517052292823792e-02
-3.650247678160667419e-02
2.692078612744808197e-02
1.390134822577238083e-02
5.826033302582800388e-04
1.692241802811622620e-02
-7.223287597298622131e-03
6.082320213317871094e-02
3.880470618605613708e-02
-2.408169768750667572e-02
-6.390103697776794434e-02
2.903058938682079315e-02
1.422387454658746719e-02
-2.588985115289688110e-02
-6.343629676848649979e-03
6.041942164301872253e-02
-5.754894576966762543e-03
1.590569503605365753e-02
-1.000751089304685593e-02
7.287131249904632568e-02
4.390488192439079285e-02
1.521537359803915024e-02
-2.505208365619182587e-02
-3.553231060504913330e-02
-2.674719691276550293e-02
2.396123670041561127e-02
5.502570420503616333e-02
-3.284648433327674866e-02
-1.113013015128672123e-03
-6.632781773805618286e-02
-1.509564928710460663e-02
-1.729639433324337006e-02
-4.431947600096464157e-03
-3.581864386796951294e-02
2.605092944577336311e-03
1.237201504409313202e-02
2.338363602757453918e-02
2.470334991812705994e-02
-1.344992127269506454e-02
6.537666916847229004e-02
4.602017812430858612e-03
-1.611009798943996429e-02
5.610159412026405334e-02
2.084709145128726959e-02
6.397065240889787674e-03
-2.748698741197586060e-02
2.901149541139602661e-02
-7.324657868593931198e-03
-2.524678222835063934e-02
-3.179176151752471924e-02
1.551624946296215057e-02
-5.221808701753616333e-02
-2.735968912020325661e-03
-1.079458929598331451e-02
1.262786798179149628e-02
-3.320195712149143219e-03
2.921757288277149200e-03
5.134229548275470734e-03
3.435428440570831299e-02
2.413289994001388550e-02
1.250421348959207535e-02
2.839894406497478485e-02
5.651697888970375061e-02
2.601019293069839478e-02
4.113456979393959045e-02
3.067007288336753845e-02
-3.266358049586415291e-03
-3.890859708189964294e-02
1.334258448332548141e-02
3.012381680309772491e-02
-2.424389496445655823e-02
-2.165124565362930298e-02
-2.294897660613059998e-02
2.047119848430156708e-02
-6.126956432126462460e-04
-1.778735779225826263e-02
-3.068501129746437073e-02
1.615172252058982849e-02
3.500007092952728271e-02
