2.388144470751285553e-02
1.189493294805288315e-02
4.299719259142875671e-02
-9.763682028278708458e-04
3.426599875092506409e-02
-2.778927423059940338e-02
-7.202138006687164307e-02
9.407855570316314697e-03
1.576017588376998901e-02
2.885145694017410278e-02
-8.810979872941970825e-02
6.344051659107208252e-02
-3.514400869607925415e-02
-6.744116544723510742e-02
2.006815187633037567e-02
2.971522696316242218e-02
-1.258964184671640396e-02
-6.686723232269287109e-02
-9.128528647124767303e-03
-3.232908621430397034e-02
-9.333265013992786407e-03
2.467959374189376831e-02
-7.401297986507415771e-02
5.048323795199394226e-02
3.957637771964073181e-02
4.293714463710784912e-02
4.089517146348953247e-02
-1.172693818807601929e-02
-1.885713636875152588e-02
-4.309904947876930237e-02
-3.225981071591377258e-02
-3.192301839590072632e-02
4.669986665248870850e-02
-1.534386165440082550e-02
1.819522865116596222e-02
3.331972286105155945e-02
4.911696538329124451e-02
3.935400769114494324e-02
2.903816476464271545e-02
5.899099633097648621e-03
-4.376058652997016907e-02
-3.758967295289039612e-02
-1.320411711931228638e-01
-5.395205318927764893e-02
5.822411552071571350e-02
7.129514217376708984e-02
3.676501289010047913e-02
-3.663520514965057373e-02
-3.441159799695014954e-02
-2.895379066467285156e-02
-1.293704099953174591e-02
5.954153370112180710e-03
-5.094710737466812134e-03
2.728251367807388306e-02
6.007431447505950928e-02
1.026399899274110794e-02
-5.514001473784446716e-02
7.968609035015106201e-02
8.825811673887073994e-04
7.131316512823104858e-02
-1.474307291209697723e-02
9.653482120484113693e-04
6.227568257600069046e-03
-5.000144243240356445e-02
-5.688455700874328613e-02
4.142323136329650879e-02
3.616010770201683044e-02
5.106919258832931519e-02
-3.433972224593162537e-02
-4.568216204643249512e-02
-3.055782243609428406e-02
-3.193335607647895813e-02
-3.542102128267288208e-02
-7.647406775504350662e-03
-1.885553821921348572e-02
4.467255994677543640e-02
-3.922544419765472412e-02
-7.243472617119550705e-03
5.716487020254135132e-02
-8.648782037198543549e-03
-1.677591353654861450e-02
3.866917919367551804e-03
-2.047327160835266113e-02
-1.488013379275798798e-02
-5.499066784977912903e-03
-5.535388831049203873e-03
-5.570286884903907776e-02
8.076404780149459839e-02
-3.232349455356597900e-02
8.975950069725513458e-03
6.413986533880233765e-02
3.524932265281677246e-02
-4.712824150919914246e-02
1.747067272663116455e-02
-1.690188236534595490e-02
3.913107514381408691e-02
2.867092192173004150e-02
6.469634245149791241e-04
1.816742238588631153e-03
1.734747178852558136e-02
3.506429493427276611e-02
4.027076938655227423e-04
4.645651578903198242e-02
-4.550369456410408020e-02
-2.181256935000419617e-02
-2.074391208589076996e-02
1.961772143840789795e-02
-3.315028548240661621e-02
4.341706167906522751e-03
6.833819672465324402e-03
1.800064556300640106e-02
-2.638358622789382935e-02
-7.245973218232393265e-03
-2.548652328550815582e-02
4.523207247257232666e-02
5.001706629991531372e-02
2.433376200497150421e-02
4.199053719639778137e-02
-3.045940585434436798e-02
-3.966029360890388489e-02
4.695668816566467285e-02
5.840103328227996826e-02
5.129641387611627579e-03
-2.370332740247249603e-02
3.838850557804107666e-02
-1.271959580481052399e-02
-4.934713989496231079e-02
3.806912153959274292e-02
-4.308007284998893738e-02
1.838429644703865051e-02
1.075731497257947922e-02
-4.293551295995712280e-02
9.871533140540122986e-03
-3.915572166442871094e-02
1.130445301532745361e-02
2.699930965900421143e-02
-6.306514143943786621e-02
-1.714026741683483124e-02
3.074868768453598022e-02
3.471069782972335815e-02
2.547787874937057495e-02
6.343448162078857422e-02
6.820957362651824951e-02
-1.845194585621356964e-02
-4.816062003374099731e-02
1.594589464366436005e-02
-4.176647588610649109e-02
1.336510013788938522e-02
-2.773064188659191132e-02
-5.243312194943428040e-02
-2.972513064742088318e-02
6.089316215366125107e-03
4.192094132304191589e-02
-3.189008682966232300e-02
-2.173509821295738220e-02
-5.236444249749183655e-02
-7.072045654058456421e-02
-2.425279701128602028e-03
-4.897525161504745483e-02
8.313985541462898254e-03
5.072854831814765930e-02
-1.208467129617929459e-02
-1.801943406462669373e-02
-2.693898975849151611e-02
3.359497711062431335e-02
5.065273120999336243e-02
-3.621356096118688583e-03
-3.384099900722503662e-02
-1.129983086138963699e-02
2.821957506239414215e-02
3.585602715611457825e-02
1.060180887579917908e-01
-3.966968134045600891e-02
-3.039611876010894775e-02
2.072619833052158356e-02
6.019831169396638870e-03
4.561367258429527283e-02
-4.121660068631172180e-02
-2.268342114984989166e-02
2.564965002238750458e-02
2.346834726631641388e-02
-2.139780111610889435e-02
-2.755998075008392334e-02
-1.893348433077335358e-02
-3.916971758008003235e-02
3.743191016837954521e-03
-7.220916915684938431e-03
4.315550625324249268e-02
3.750765696167945862e-02
-3.241125866770744324e-02
-2.444679662585258484e-02
2.159645780920982361e-02
-4.677885025739669800e-02
1.339806988835334778e-02
9.240146726369857788e-03
1.857178658246994019e-02
-2.044971100986003876e-02
3.021469339728355408e-02
6.686199922114610672e-03
-2.350046299397945404e-03
6.072699651122093201e-02
-3.221029415726661682e-02
2.021204866468906403e-02
-6.324672140181064606e-03
3.285961598157882690e-02
7.268278300762176514e-02
-2.905401214957237244e-02
3.371687605977058411e-03
-2.786881290376186371e-02
-3.239650279283523560e-02
-1.499016862362623215e-02
-8.030612021684646606e-03
-5.884794145822525024e-02
3.258751332759857178e-02
1.533930562436580658e-02
9.964802302420139313e-03
3.936087712645530701e-02
5.127460462972521782e-05
-3.431682009249925613e-03
2.487546065822243690e-03
3.004459850490093231e-02
-6.997971236705780029e-02
5.704897455871105194e-03
-6.990938913077116013e-03
-4.896466806530952454e-02
9.038904309272766113e-02
3.788021206855773926e-02
-1.727957837283611298e-02
-1.923646405339241028e-02
7.796412706375122070e-02
-4.135463759303092957e-02
-3.022895194590091705e-03
-2.535628341138362885e-02
1.100435759872198105e-02
7.031568326056003571e-03
-2.141872793436050415e-02
3.110442124307155609e-02
8.335994184017181396e-02
2.253998443484306335e-02
-2.157343924045562744e-02
-6.298843026161193848e-02
2.839112421497702599e-03
-6.449854373931884766e-02
-7.422522455453872681e-02
4.607973247766494751e-02
-1.958975195884704590e-02
2.063562348484992981e-02
-3.332499181851744652e-03
4.063184931874275208e-02
6.841592490673065186e-02
3.581452742218971252e-02
-4.536798689514398575e-03
-1.648754626512527466e-02
1.786097884178161621e-02
1.711780391633510590e-02
-3.435192257165908813e-02
5.746170133352279663e-02
-1.468292437493801117e-02
-4.575980827212333679e-03
-1.298799272626638412e-02
-5.698612704873085022e-02
-2.271400392055511475e-02
-4.635059088468551636e-02
7.179722934961318970e-02
-2.933998219668865204e-02
1.011897809803485870e-02
-2.451892755925655365e-02
4.029114171862602234e-02
-4.373154044151306152e-02
-2.250760048627853394e-02
-5.314965173602104187e-02
3.375419601798057556e-02
-4.096786957234144211e-03
-1.429494563490152359e-02
-1.860924251377582550e-02
1.245225220918655396e-02
-1.917205750942230225e-02
-3.142015263438224792e-02
-5.047874897718429565e-02
-2.931942977011203766e-02
-6.802161689847707748e-03
1.894970051944255829e-02
-3.397581749595701694e-04
-1.345761399716138840e-02
5.472272634506225586e-02
2.005856111645698547e-02
3.304971754550933838e-02
-3.333907108753919601e-03
1.865648810053244233e-04
3.246388956904411316e-02
1.529830973595380783e-02
1.649049669504165649e-02
-1.639456301927566528e-02
3.361900523304939270e-02
2.923741377890110016e-02
-1.344675570726394653e-02
2.759637869894504547e-02
2.661292254924774170e-02
2.613630704581737518e-02
-6.670723855495452881e-02
1.713337190449237823e-02
-2.131842821836471558e-02
-3.016698639839887619e-03
2.909756638109683990e-02
3.373317047953605652e-02
-5.445558577775955200e-02
2.992124669253826141e-02
-9.536669589579105377e-03
-6.519613321870565414e-03
4.181455355137586594e-03
-7.443933188915252686e-02
-1.264092233031988144e-02
2.478266507387161255e-02
1.588055118918418884e-02
2.828642167150974274e-02
-1.157607790082693100e-02
6.323423236608505249e-02
-5.531148985028266907e-02
-5.638226401060819626e-03
2.573408186435699463e-02
-2.364226244390010834e-02
8.210863918066024780e-03
-1.538206171244382858e-02
2.416901662945747375e-02
-6.379026919603347778e-03
-5.931221693754196167e-02
-9.731729514896869659e-03
2.956714294850826263e-02
-4.982532467693090439e-03
-2.761845663189888000e-02
-4.336360469460487366e-02
6.625913828611373901e-02
-3.786944225430488586e-02
-4.880177229642868042e-02
1.436886005103588104e-02
7.125024497509002686e-02
7.865107618272304535e-03
-3.193387761712074280e-02
-6.152219697833061218e-02
6.551259662955999374e-03
5.677444487810134888e-02
3.655334934592247009e-02
-7.698327768594026566e-03
-1.081190537661314011e-02
-1.042742375284433365e-02
7.542144507169723511e-02
-1.907553710043430328e-02
-4.540408402681350708e-02
-1.199769414961338043e-02
4.221218079328536987e-02
7.312621455639600754e-03
-3.207775298506021500e-03
-1.108427718281745911e-02
1.975475624203681946e-02
5.498360097408294678e-02
-2.122015506029129028e-02
-4.539083316922187805e-02
-2.615157514810562134e-02
-1.739844121038913727e-02
1.609204895794391632e-02
-5.019315984100103378e-03
1.704736612737178802e-02
-4.039982333779335022e-02
4.909095913171768188e-02
-2.459373697638511658e-02
-8.129812777042388916e-03
3.594645857810974121e-02
-4.347838088870048523e-02
-7.673835754394531250e-02
-3.942436724901199341e-02
1.521222107112407684e-02
-1.128975301980972290e-02
9.804129600524902344e-03
3.554883599281311035e-02
2.430789172649383545e-02
-4.178313538432121277e-02
-3.922233730554580688e-02
-4.613840207457542419e-02
3.776820003986358643e-02
2.840494923293590546e-02
-4.309742152690887451e-02
4.568796232342720032e-02
-2.865999191999435425e-02
-2.336979843676090240e-02
4.404799267649650574e-02
-2.931287884712219238e-02
1.256966148503124714e-03
6.179122999310493469e-02
1.907098293304443359e-02
-2.285592257976531982e-02
-3.575078025460243225e-02
2.339510433375835419e-02
-7.558284793049097061e-03
3.817760944366455078e-02
6.347979884594678879e-03
-1.507512852549552917e-02
3.565264865756034851e-03
-1.549822092056274414e-02
2.197929471731185913e-02
-4.575569555163383484e-02
4.270879924297332764e-02
-1.664140028879046440e-03
3.012926131486892700e-02
-1.036597508937120438e-02
-2.382472902536392212e-02
2.369712665677070618e-02
-5.043502897024154663e-02
-4.886576533317565918e-02
-1.161610148847103119e-02
4.488717392086982727e-02
6.882405374199151993e-03
4.430657625198364258e-02
-2.415506355464458466e-02
-2.466329373419284821e-02
-4.481036588549613953e-02
2.322824113070964813e-02
2.777288481593132019e-02
-1.517620403319597244e-02
3.420553170144557953e-03
2.514445781707763672e-02
7.714823354035615921e-03
1.233261451125144958e-01
-2.448014169931411743e-02
-7.281506061553955078e-02
2.130907215178012848e-02
-4.580028355121612549e-02
5.037166923284530640e-02
4.997480288147926331e-02
4.734636470675468445e-02
9.785748086869716644e-03
-2.005510032176971436e-02
-2.211971767246723175e-02
-7.104787044227123260e-03
2.981358952820301056e-02
-6.577915046364068985e-03
-1.035085320472717285e-01
-4.719390999525785446e-03
2.988905413076281548e-03
-3.008585423231124878e-02
-2.542666345834732056e-02
5.891876667737960815e-02
3.398702666163444519e-02
5.426058918237686157e-02
-7.266861200332641602e-02
-1.005481109023094177e-01
-3.275259956717491150e-02
5.422725528478622437e-02
3.087853267788887024e-02
-3.065113537013530731e-02
-1.654385775327682495e-02
-1.836493425071239471e-02
4.952680692076683044e-02
-8.803451433777809143e-03
-5.337471142411231995e-02
2.160781761631369591e-03
5.572379007935523987e-02
-2.445139363408088684e-02
2.056019008159637451e-02
3.333012014627456665e-02
-1.202473416924476624e-02
-2.084255777299404144e-02
-5.581007897853851318e-02
-3.287819772958755493e-02
-1.906897313892841339e-02
4.338251426815986633e-02
-4.249361157417297363e-02
-1.853808574378490448e-02
1.129945833235979080e-02
-2.664651256054639816e-03
3.129621967673301697e-02
2.590765245258808136e-02
2.225053496658802032e-02
-2.408294193446636200e-02
-1.329420320689678192e-02
-5.016319081187248230e-02
1.853269711136817932e-02
9.516713023185729980e-02
-1.004444733262062073e-01
1.564178057014942169e-02
-3.336550667881965637e-02
-3.533482179045677185e-02
-2.639496885240077972e-02
4.162998870015144348e-02
-3.183283656835556030e-02
-3.320816531777381897e-02
-5.933065339922904968e-02
1.731366664171218872e-02
2.369096502661705017e-02
-3.677721694111824036e-02
1.888575591146945953e-02
-1.986582763493061066e-02
-3.342432156205177307e-02
1.494251936674118042e-02
-4.473704099655151367e-02
8.851057849824428558e-03
3.664534597191959620e-04
2.319208346307277679e-02
6.240292266011238098e-02
2.219310402870178223e-02
9.433634579181671143e-03
5.683077499270439148e-03
-6.457380950450897217e-02
1.145975943654775620e-02
-1.516915112733840942e-02
5.004268512129783630e-02
-7.020767079666256905e-04
-6.249948590993881226e-02
-1.565234176814556122e-02
-3.105471469461917877e-02
1.695740967988967896e-02
-3.851118683815002441e-02
-2.133793942630290985e-02
-8.472377434372901917e-03
-2.535147778689861298e-02
-2.108310721814632416e-02
1.936306245625019073e-02
-9.311464428901672363e-02
2.413694374263286591e-02
-5.493380129337310791e-03
3.214560449123382568e-02
-2.388594113290309906e-02
-3.927391022443771362e-02
-6.379928439855575562e-02
-1.293141953647136688e-02
2.869645133614540100e-02
-3.098003007471561432e-02
-1.152531523257493973e-02
1.555655524134635925e-02
6.173702329397201538e-02
-3.303956612944602966e-02
3.003712743520736694e-02
-3.907672315835952759e-02
7.750033587217330933e-02
-4.897737875580787659e-02
1.719501614570617676e-02
1.963819749653339386e-02
-5.089651793241500854e-02
1.819959655404090881e-02
-2.755003608763217926e-02
1.088708080351352692e-02
5.679595749825239182e-03
6.959434598684310913e-03
2.519931830465793610e-02
7.934009190648794174e-04
2.151822485029697418e-02
3.285646811127662659e-02
-9.718675166368484497e-03
-1.466221059672534466e-03
-1.096007972955703735e-02
1.139549631625413895e-02
7.305396720767021179e-03
-5.274242535233497620e-02
-2.226968295872211456e-02
-1.051022700266912580e-04
-5.297863390296697617e-03
3.514302521944046021e-02
-2.124001644551753998e-02
1.623771339654922485e-02
2.445269748568534851e-02
-4.598578903824090958e-03
-3.458524122834205627e-02
-8.858905732631683350e-02
3.305253759026527405e-02
-1.305781956762075424e-02
3.359035775065422058e-02
-4.801099188625812531e-03
1.767857559025287628e-02
4.109343513846397400e-02
3.946345299482345581e-02
2.311754226684570312e-02
-1.436579506844282150e-03
5.957000330090522766e-02
-2.788725122809410095e-02
3.459732607007026672e-02
-2.609886461868882179e-03
6.482682377099990845e-02
1.737030595541000366e-02
-3.084269165992736816e-02
-3.244121326133608818e-03
-3.101037442684173584e-02
3.630689810961484909e-03
-1.575847901403903961e-02
-3.293688595294952393e-02
3.036471270024776459e-02
5.805489420890808105e-02
-4.737014696002006531e-02
-1.698406785726547241e-02
-1.023320597596466541e-03
-3.080881386995315552e-02
-2.529912441968917847e-02
-3.948525991290807724e-03
-8.942577987909317017e-03
9.191461652517318726e-02
-4.318397550377994776e-04
3.226520866155624390e-02
2.812944911420345306e-02
-2.432350069284439087e-02
2.083598449826240540e-02
-4.130250215530395508e-02
-6.735273636877536774e-03
-4.588372539728879929e-03
-5.158253386616706848e-02
5.432352423667907715e-02
2.555699087679386139e-03
-4.235975444316864014e-02
5.378325283527374268e-02
-6.325843185186386108e-02
7.227960973978042603e-03
6.522841751575469971e-03
-1.792930066585540771e-02
-1.143260113894939423e-02
4.803174734115600586e-02
-4.620544984936714172e-02
-3.640791773796081543e-02
-3.750223666429519653e-03
6.088772788643836975e-03
1.272016391158103943e-02
-6.129857152700424194e-03
-7.980741560459136963e-02
3.386406227946281433e-02
-3.072062879800796509e-02
-2.529993467032909393e-02
-4.896494746208190918e-02
-8.023498230613768101e-04
2.378758229315280914e-02
2.664035372436046600e-02
9.562658146023750305e-03
7.110882550477981567e-02
7.535132020711898804e-02
8.326973021030426025e-02
1.781632192432880402e-02
4.199464246630668640e-02
1.252429466694593430e-02
-4.224526695907115936e-03
-1.699103973805904388e-02
2.582041732966899872e-02
1.997563615441322327e-02
-7.161244004964828491e-02
-1.475945697166025639e-03
4.287891089916229248e-03
-1.677429117262363434e-02
2.791357785463333130e-02
4.661759734153747559e-02
1.869105361402034760e-02
-5.217113345861434937e-02
6.276114284992218018e-02
5.633747950196266174e-02
-3.028030879795551300e-02
-1.161501463502645493e-02
-2.316813170909881592e-02
-4.232056811451911926e-02
-4.040538892149925232e-02
-2.551160752773284912e-02
-4.017820954322814941e-02
-1.156210154294967651e-02
3.986600041389465332e-02
-1.833182014524936676e-02
1.676664315164089203e-02
-7.852889597415924072e-03
8.597876876592636108e-03
6.516735255718231201e-02
1.331568229943513870e-02
-3.151638433337211609e-02
1.107126399874687195e-01
-2.185971061408054084e-05
5.994338542222976685e-03
-7.397854328155517578e-02
3.626181278377771378e-03
-2.674209885299205780e-02
-8.248437941074371338e-02
-5.789151042699813843e-02
6.307230144739151001e-02
-3.484621411189436913e-03
6.529642269015312195e-03
3.401474654674530029e-02
-9.045418351888656616e-03
2.355147339403629303e-02
-9.115519002079963684e-03
-5.988006666302680969e-02
-2.316790260374546051e-02
3.689270466566085815e-03
-2.313562482595443726e-02
-1.104983873665332794e-02
-1.894959062337875366e-02
2.590153180062770844e-02
3.937907516956329346e-03
1.616579480469226837e-02
-2.473090309649705887e-03
6.045996397733688354e-02
-1.239242497831583023e-02
5.112949013710021973e-02
5.388637632131576538e-02
1.028104964643716812e-02
-3.915527090430259705e-02
-4.238943383097648621e-02
8.693897724151611328e-02
-5.086921155452728271e-02
-2.437867410480976105e-02
-3.500697761774063110e-02
1.495572854764759541e-03
-3.076150827109813690e-02
-4.031581059098243713e-02
-9.829093702137470245e-03
-8.703963831067085266e-03
-1.361460518091917038e-02
-2.399048209190368652e-02
3.091478534042835236e-02
4.487983509898185730e-02
3.860729932785034180e-02
-8.220845460891723633e-02
5.634580925107002258e-02
-2.956002764403820038e-02
9.885092079639434814e-02
-2.201857790350914001e-02
6.022452190518379211e-02
-5.237381160259246826e-02
3.476272337138652802e-03
-1.190077792853116989e-02
-4.230811726301908493e-03
3.543224930763244629e-02
5.116971209645271301e-03
-3.230090253055095673e-03
-1.205800008028745651e-02
4.543788358569145203e-02
5.795390158891677856e-02
-3.988070040941238403e-02
-2.426593797281384468e-03
4.839437082409858704e-02
1.889249123632907867e-02
-3.692001849412918091e-02
-2.142809145152568817e-02
-1.030827034264802933e-02
2.564075589179992676e-02
2.632297808304429054e-03
-5.598723143339157104e-02
1.870403066277503967e-02
7.683892268687486649e-03
-1.421766448765993118e-02
2.595124579966068268e-02
3.197837388142943382e-03
4.831784870475530624e-03
7.531785219907760620e-02
-9.597984142601490021e-03
-4.735293239355087280e-02
-1.949611306190490723e-02
-1.929108239710330963e-02
6.576120108366012573e-02
5.523283779621124268e-02
3.958498314023017883e-02
1.572402194142341614e-02
-2.346995472908020020e-02
3.045595809817314148e-02
9.593683294951915741e-03
-8.307459764182567596e-03
-4.461830016225576401e-03
1.779627986252307892e-02
7.751099765300750732e-03
1.399450469762086868e-02
-5.566919222474098206e-02
3.116931393742561340e-02
-4.152487218379974365e-02
3.982580825686454773e-02
2.724037505686283112e-02
-5.323592945933341980e-02
2.113992348313331604e-02
-2.961900644004344940e-02
-8.232671022415161133e-02
4.454282752703875303e-04
6.345123052597045898e-02
-1.951820030808448792e-02
3.422075510025024414e-02
-7.570077478885650635e-02
-2.844125218689441681e-02
2.274562604725360870e-02
2.222151868045330048e-02
-2.481443062424659729e-02
-4.386085271835327148e-02
8.014870434999465942e-02
-1.367041096091270447e-02
2.344260178506374359e-02
-3.883385797962546349e-03
-2.747667022049427032e-02
2.345146611332893372e-02
1.538893952965736389e-02
8.494760841131210327e-03
-8.365275338292121887e-03
1.420447137206792831e-02
-5.861472338438034058e-03
-1.086020562797784805e-02
2.719177678227424622e-02
-8.953087776899337769e-02
-1.917393133044242859e-02
1.364982966333627701e-02
-1.363014243543148041e-02
-1.155577879399061203e-02
3.397890925407409668e-02
8.046411909162998199e-03
1.883019320666790009e-02
6.170613691210746765e-03
-6.213496997952461243e-02
3.095635399222373962e-02
3.540308400988578796e-02
2.861448563635349274e-02
8.257053792476654053e-03
-2.198224700987339020e-02
-2.945518493652343750e-02
6.943166255950927734e-02
-6.419409811496734619e-02
-2.223815210163593292e-02
1.460685208439826965e-02
3.135613724589347839e-02
-3.577252477407455444e-02
1.716212369501590729e-02
-5.587974190711975098e-02
4.732551425695419312e-02
1.231542439199984074e-03
1.449965965002775192e-02
-4.239961504936218262e-02
9.013752453029155731e-03
3.301747841760516167e-03
5.025650188326835632e-02
5.183077231049537659e-02
4.211825504899024963e-02
7.164791226387023926e-02
1.300308201462030411e-02
2.174091059714555740e-03
-6.649988889694213867e-02
1.567087322473526001e-02
-3.366848081350326538e-02
-1.726319640874862671e-02
-1.363333780318498611e-02
-7.277047634124755859e-02
1.333815883845090866e-02
1.906155422329902649e-02
4.323878884315490723e-02
2.398457191884517670e-02
-5.342412367463111877e-02
-2.329017221927642822e-02
2.824909612536430359e-02
5.384705029428005219e-03
4.524808749556541443e-02
7.061219774186611176e-03
-5.165000632405281067e-02
3.464626893401145935e-02
-1.343049760907888412e-02
-1.203891076147556305e-02
5.023305770009756088e-03
-1.058742124587297440e-02
-7.201809901744127274e-03
-4.478820785880088806e-02
-5.899785459041595459e-02
-6.257352977991104126e-02
1.363879069685935974e-02
3.112239763140678406e-03
-6.745059043169021606e-02
-1.684226281940937042e-02
-5.600918829441070557e-02
-1.980271376669406891e-02
-1.363774109631776810e-02
3.350273147225379944e-02
-1.813216693699359894e-02
7.907569408416748047e-02
-2.106336504220962524e-02
-3.396404534578323364e-02
3.234814107418060303e-02
1.511427480727434158e-02
-2.684416435658931732e-02
4.435505717992782593e-02
1.440744497813284397e-03
-3.777788951992988586e-02
2.834258787333965302e-02
-2.960860542953014374e-02
3.203715011477470398e-02
4.707103222608566284e-02
8.473404683172702789e-03
3.984635323286056519e-02
-4.920525476336479187e-02
2.534347400069236755e-02
5.351772531867027283e-02
-1.251061074435710907e-02
-2.906156145036220551e-02
-5.847115442156791687e-02
6.560295354574918747e-03
-3.277843073010444641e-02
1.555869169533252716e-02
-4.570690914988517761e-02
-1.104800403118133545e-02
4.835499916225671768e-03
4.129385575652122498e-02
2.471571415662765503e-02
-6.470067054033279419e-02
3.584491461515426636e-02
-1.135425549000501633e-02
1.707961224019527435e-02
1.177619211375713348e-02
2.933076582849025726e-02
4.074131697416305542e-02
-2.644503302872180939e-02
-1.960257440805435181e-02
4.155929386615753174e-02
-2.339691296219825745e-02
-5.585328117012977600e-02
-3.772338852286338806e-03
-2.200107462704181671e-02
6.128479167819023132e-02
3.434721147641539574e-03
3.089953958988189697e-02
2.982637658715248108e-02
3.843365609645843506e-02
-7.978924550116062164e-03
1.215452514588832855e-02
1.140932203270494938e-03
5.417549982666969299e-02
4.618920385837554932e-02
9.463989175856113434e-03
-8.392598479986190796e-02
-4.294093325734138489e-02
1.319759059697389603e-02
-3.201602026820182800e-02
8.709669113159179688e-03
-6.748986430466175079e-03
-5.420599877834320068e-02
-4.237547144293785095e-02
1.723536662757396698e-02
3.142259316518902779e-03
-3.013278543949127197e-02
-2.680911310017108917e-02
2.410606102785095572e-04
7.902729511260986328e-02
-1.515456940978765488e-02
6.363139301538467407e-02
-7.022290676832199097e-02
2.454740554094314575e-02
-5.250355601310729980e-02
3.600375959649682045e-03
2.525465097278356552e-03
-5.659440066665410995e-03
7.674457039684057236e-03
6.906127929687500000e-02
2.780620008707046509e-02
4.205000773072242737e-02
5.291377007961273193e-02
5.894094333052635193e-02
9.321624413132667542e-03
-8.907349780201911926e-03
5.810222402215003967e-02
-7.247556466609239578e-03
5.162720568478107452e-03
4.418474063277244568e-02
2.844442985951900482e-02
8.368087559938430786e-02
-4.459553584456443787e-02
-8.366535417735576630e-03
-2.524703554809093475e-02
1.625123061239719391e-02
-1.902359537780284882e-02
-2.272430062294006348e-02
6.230382993817329407e-02
-3.874854370951652527e-02
8.369482122361660004e-03
-6.876737624406814575e-02
-3.882494941353797913e-02
1.124511659145355225e-02
1.612787134945392609e-02
3.296529874205589294e-02
1.078908890485763550e-02
-6.973543763160705566e-02
5.170140415430068970e-02
2.799424529075622559e-02
1.210952829569578171e-02
1.914276555180549622e-02
8.145311474800109863e-02
6.849693018011748791e-04
2.837780164554715157e-03
-2.186022140085697174e-02
1.185984723269939423e-02
-1.031348947435617447e-02
7.175709586590528488e-03
1.100854761898517609e-02
1.213128585368394852e-02
-7.990823127329349518e-03
-1.586766168475151062e-02
-1.252506952732801437e-02
-6.740158796310424805e-02
-3.578439122065901756e-03
2.418592013418674469e-02
2.940547652542591095e-02
4.629985988140106201e-02
1.994444988667964935e-02
5.849225074052810669e-02
3.454297780990600586e-02
2.780680544674396515e-02
-1.969975978136062622e-02
3.678349778056144714e-02
7.516593206673860550e-03
5.536531563848257065e-03
3.180010989308357239e-02
-2.827658317983150482e-02
2.417712099850177765e-02
2.286598319187760353e-03
3.602812811732292175e-02
6.168385595083236694e-02
-4.506317898631095886e-02
2.258209139108657837e-02
2.556450851261615753e-02
5.601693689823150635e-02
1.040319446474313736e-02
6.620369851589202881e-02
7.139779627323150635e-03
-3.637561202049255371e-02
7.351066917181015015e-02
2.549804747104644775e-02
4.741791635751724243e-03
2.536571770906448364e-02
7.453607767820358276e-02
-1.589936949312686920e-02
-7.987479679286479950e-03
8.405094034969806671e-03
2.629046328365802765e-03
-2.348079159855842590e-02
4.159561917185783386e-02
-7.144930306822061539e-03
-5.023399367928504944e-02
-7.554675918072462082e-03
