-6.233018636703491211e-02
4.391716793179512024e-02
-1.606610417366027832e-02
-9.532689116895198822e-03
4.402600228786468506e-03
-9.869284927845001221e-03
-1.012669759802520275e-03
1.184684690088033676e-02
5.681698769330978394e-02
-2.266306616365909576e-02
3.892597556114196777e-02
-4.944609943777322769e-03
5.652711726725101471e-03
3.465076535940170288e-02
-4.763119667768478394e-02
-4.015986993908882141e-02
-5.012948997318744659e-03
3.144780546426773071e-02
5.864360556006431580e-02
6.324885040521621704e-02
5.170122906565666199e-02
2.428362518548965454e-02
1.537798717617988586e-02
-2.303243242204189301e-02
2.604110911488533020e-02
9.003157727420330048e-03
1.142612751573324203e-02
-2.520622126758098602e-02
1.347925793379545212e-02
2.798414416611194611e-02
2.754056267440319061e-02
-5.575871467590332031e-02
3.026588633656501770e-02
-4.193066060543060303e-02
-1.728106662631034851e-02
-5.013959482312202454e-02
6.116355955600738525e-02
2.633181028068065643e-02
4.984595999121665955e-02
-4.004905000329017639e-02
-1.707646250724792480e-02
3.362252935767173767e-02
1.197724416851997375e-02
-2.059398032724857330e-02
3.320467099547386169e-02
2.207976207137107849e-02
1.283856363443192095e-05
-4.581209644675254822e-02
3.308485820889472961e-02
3.984242305159568787e-02
9.124038368463516235e-02
-6.030359305441379547e-03
5.121102556586265564e-02
1.258541550487279892e-02
-4.529061540961265564e-02
-2.875114232301712036e-02
-1.786252856254577637e-02
-1.880305260419845581e-02
5.483241006731987000e-02
-9.402179718017578125e-02
4.772724211215972900e-02
8.531845174729824066e-03
-3.244381770491600037e-02
-1.015127897262573242e-01
3.210796788334846497e-02
7.077331095933914185e-02
1.072290004231035709e-03
-5.034424364566802979e-03
-4.877753090113401413e-03
3.921792376786470413e-03
-2.540692687034606934e-02
4.909135866910219193e-03
2.373184077441692352e-02
2.746116928756237030e-02
6.176838651299476624e-02
2.037992142140865326e-02
9.014463983476161957e-03
5.003410857170820236e-03
6.186142191290855408e-02
3.609625995159149170e-02
6.871297955513000488e-02
4.827628657221794128e-02
1.780022308230400085e-02
5.107174441218376160e-02
-2.459755400195717812e-03
-5.205763131380081177e-02
-1.575062237679958344e-02
1.219288539141416550e-02
-4.574089869856834412e-02
-1.381716504693031311e-02
-5.134523287415504456e-02
-2.284511364996433258e-02
-2.689935639500617981e-02
-4.962747171521186829e-02
-2.452590316534042358e-02
1.076998002827167511e-02
2.364913001656532288e-02
-4.050045832991600037e-02
-3.522519022226333618e-02
3.012786991894245148e-02
1.481987163424491882e-02
1.565927453339099884e-02
4.291687905788421631e-02
1.017143856734037399e-02
-2.717254124581813812e-02
3.110853396356105804e-02
-5.504220724105834961e-02
1.119999866932630539e-02
7.238013297319412231e-02
3.570240736007690430e-02
-1.977083273231983185e-02
-3.458562120795249939e-02
-6.815730780363082886e-02
2.965035289525985718e-02
3.948143869638442993e-02
-1.995258033275604248e-02
6.718161702156066895e-02
5.455907434225082397e-02
1.119651366025209427e-02
1.888397149741649628e-03
-2.987767569720745087e-02
1.304013747721910477e-02
-3.222195431590080261e-02
1.742232032120227814e-02
-1.580218784511089325e-02
2.404860034584999084e-02
4.542956873774528503e-02
1.158991083502769470e-02
3.461740165948867798e-02
-1.685999520123004913e-02
-2.838563919067382812e-02
8.720102906227111816e-02
1.391810085624456406e-02
2.549077617004513741e-03
1.977208815515041351e-02
7.636544853448867798e-02
-1.194576919078826904e-02
-4.428738262504339218e-03
2.140155434608459473e-02
2.920119091868400574e-02
-1.880170404911041260e-02
8.536029607057571411e-03
1.044812425971031189e-02
-2.607274614274501801e-02
2.847754629328846931e-03
2.721278928220272064e-02
1.930099353194236755e-02
-1.303651276975870132e-02
4.608499584719538689e-04
4.088515043258666992e-02
-2.831295691430568695e-02
1.646449440158903599e-03
2.833816409111022949e-02
-5.450123548507690430e-02
1.394763402640819550e-02
-2.664008550345897675e-02
1.128793042153120041e-02
-9.503906592726707458e-03
-4.561024904251098633e-02
1.658868044614791870e-02
-3.451292589306831360e-02
7.137805223464965820e-02
1.684524491429328918e-02
-2.698873914778232574e-02
-3.812498971819877625e-02
-5.309763550758361816e-02
4.398695752024650574e-02
2.420250698924064636e-02
8.575158566236495972e-02
-4.854274913668632507e-02
2.702238271012902260e-03
1.037961840629577637e-01
-4.561638925224542618e-03
8.057871833443641663e-03
3.723151236772537231e-02
7.819282822310924530e-03
-1.272849622182548046e-03
1.624562218785285950e-02
-3.806701302528381348e-02
-1.480317022651433945e-02
1.014871075749397278e-01
7.237638533115386963e-02
2.337748743593692780e-02
-1.119073387235403061e-02
-1.501208171248435974e-02
1.272843312472105026e-02
9.683556109666824341e-02
-6.030082702636718750e-02
-2.003024332225322723e-02
6.708040088415145874e-02
1.976123265922069550e-02
1.235333178192377090e-02
-3.324158862233161926e-02
-7.160095870494842529e-02
-2.244501747190952301e-02
2.309485338628292084e-02
-5.074354261159896851e-02
4.182101786136627197e-02
-1.490197796374559402e-02
2.779833041131496429e-02
-8.799378573894500732e-02
-2.508529461920261383e-02
-2.262227423489093781e-02
7.116562873125076294e-02
-3.609863668680191040e-02
-4.414401203393936157e-02
-1.899644173681735992e-02
4.741243086755275726e-03
-5.849025212228298187e-03
-5.563130602240562439e-02
1.751793175935745239e-02
4.344132915139198303e-02
-5.666930601000785828e-02
5.215867236256599426e-02
2.128343842923641205e-02
4.321236163377761841e-02
-7.428087294101715088e-02
-9.438158012926578522e-03
1.819806918501853943e-02
-6.611077487468719482e-02
2.746253833174705505e-02
-5.674184765666723251e-03
-2.902944944798946381e-02
-5.210150033235549927e-03
2.924161776900291443e-02
2.331175841391086578e-02
-2.858686493709683418e-03
4.615978896617889404e-02
-1.988894306123256683e-02
-2.862602099776268005e-02
5.524672567844390869e-02
-5.530368536710739136e-02
-3.373226150870323181e-03
8.302759379148483276e-03
1.307024527341127396e-02
1.005129516124725342e-02
4.259886592626571655e-02
-1.837017573416233063e-02
1.851350814104080200e-02
-3.694412298500537872e-03
8.070757985115051270e-02
5.080436170101165771e-02
-4.880006983876228333e-02
5.077143758535385132e-02
8.124655485153198242e-02
1.413691602647304535e-02
5.347584187984466553e-02
-1.497436687350273132e-02
-1.044759899377822876e-02
1.915678568184375763e-02
2.071571163833141327e-02
-1.819295436143875122e-02
1.256745215505361557e-02
-6.397335231304168701e-02
-4.868118092417716980e-03
4.605738073587417603e-02
-9.690117440186440945e-04
9.622585959732532501e-03
9.349095635116100311e-03
-3.853891044855117798e-02
-5.527785047888755798e-03
1.707125827670097351e-02
-3.113897703588008881e-02
-3.661161661148071289e-02
-1.308649405837059021e-02
-2.473499625921249390e-02
7.457313127815723419e-03
2.469795569777488708e-02
-1.395923271775245667e-02
1.760691590607166290e-02
-2.978177275508642197e-03
-5.852420255541801453e-02
5.541472509503364563e-02
-5.451675876975059509e-02
-7.282641250640153885e-03
-2.379732392728328705e-02
4.521663114428520203e-02
7.853731513023376465e-03
-2.019893378019332886e-02
2.241765148937702179e-02
-1.760127022862434387e-02
2.605970576405525208e-02
-1.995554007589817047e-02
-3.577037528157234192e-02
2.582736872136592865e-02
4.022168740630149841e-02
2.257677540183067322e-02
-5.815987661480903625e-02
-4.021564498543739319e-02
1.823972351849079132e-02
5.135688465088605881e-03
5.497850850224494934e-02
-3.815636411309242249e-02
-2.728861384093761444e-02
2.773287147283554077e-02
-1.368487812578678131e-02
4.853390622884035110e-03
4.251304268836975098e-02
9.824427776038646698e-03
-4.870180785655975342e-02
-2.323151566088199615e-02
-2.783805318176746368e-02
-2.915101498365402222e-02
1.167175360023975372e-02
3.108985535800457001e-02
-1.772400923073291779e-03
1.282004732638597488e-02
-6.604976486414670944e-03
8.486311882734298706e-03
-2.635346725583076477e-02
-6.038116756826639175e-03
-4.023257642984390259e-02
2.027995511889457703e-02
1.288156211376190186e-02
1.691735815256834030e-03
1.861911639571189880e-02
-2.973350882530212402e-02
-3.248897939920425415e-02
-2.268161252140998840e-02
-7.019008696079254150e-02
-4.202760756015777588e-02
-4.512905701994895935e-02
2.144319191575050354e-02
-1.680210046470165253e-02
3.706921637058258057e-02
-3.458821773529052734e-02
-4.520408436655998230e-02
6.810681521892547607e-02
-3.755315020680427551e-02
-1.337095070630311966e-02
1.332554407417774200e-02
-3.567513078451156616e-02
5.524626374244689941e-02
-9.714947082102298737e-03
-2.270583994686603546e-02
-2.873830683529376984e-02
-3.028240241110324860e-02
-7.212619483470916748e-02
-2.157466672360897064e-02
2.483781613409519196e-02
-3.855654224753379822e-02
3.154778853058815002e-02
1.621370576322078705e-02
-1.526429783552885056e-02
4.027821868658065796e-02
1.057896111160516739e-02
-1.495435368269681931e-02
-7.117658387869596481e-03
-2.885610610246658325e-02
1.680375449359416962e-02
5.893838824704289436e-04
-1.305135432630777359e-02
9.029055386781692505e-02
3.717699088156223297e-03
2.900425530970096588e-02
-5.956458626314997673e-04
5.096543580293655396e-02
1.037134137004613876e-02
-2.340792864561080933e-02
1.000716164708137512e-02
6.279499828815460205e-02
1.590363122522830963e-02
1.495193876326084137e-02
6.533450633287429810e-02
-6.260425597429275513e-02
5.665482580661773682e-02
-1.597077026963233948e-02
-1.930733025074005127e-02
-2.881596796214580536e-02
-6.650574505329132080e-03
-3.143860958516597748e-03
4.296847805380821228e-02
-1.979721523821353912e-02
-3.837322071194648743e-02
7.291404996067285538e-03
1.151197869330644608e-02
2.718603052198886871e-02
2.302028471603989601e-03
1.264859363436698914e-02
-6.337151676416397095e-02
1.101849600672721863e-01
-3.687021508812904358e-02
4.176920279860496521e-03
6.018299236893653870e-02
1.228275708854198456e-02
-5.403070524334907532e-02
2.731992676854133606e-02
-5.207571387290954590e-02
2.610074169933795929e-02
3.083906136453151703e-02
-6.046903785318136215e-03
-2.207822911441326141e-02
-3.474354743957519531e-02
1.259374897927045822e-02
-2.561487630009651184e-02
-8.584929257631301880e-02
2.240948565304279327e-02
4.768137633800506592e-02
-7.935761660337448120e-02
4.775208234786987305e-02
7.592911133542656898e-04
1.691224612295627594e-02
4.994785995222628117e-04
-7.170002209022641182e-04
-2.401192858815193176e-02
-5.796605348587036133e-02
1.757263019680976868e-02
1.274163741618394852e-02
-2.652491815388202667e-02
-1.729366742074489594e-02
-5.156657658517360687e-03
-1.382294576615095139e-03
-6.896727252751588821e-03
-2.786542847752571106e-02
-4.351624101400375366e-02
-1.663462445139884949e-02
3.109018690884113312e-02
-5.940274335443973541e-03
-4.367097094655036926e-02
3.169977664947509766e-02
-6.073730066418647766e-03
-2.089766599237918854e-02
-2.389031462371349335e-02
-2.668511681258678436e-02
-1.579683274030685425e-02
2.883045934140682220e-02
6.826362572610378265e-03
2.291760966181755066e-02
-2.428456582129001617e-02
7.449232786893844604e-02
1.074577122926712036e-01
-2.124418690800666809e-02
1.979617029428482056e-02
-5.630791559815406799e-02
-2.011088840663433075e-02
7.009944878518581390e-03
-1.207274571061134338e-02
2.239799313247203827e-02
-6.277581304311752319e-02
1.658311672508716583e-02
-5.727333016693592072e-03
3.807787969708442688e-02
9.752285666763782501e-03
-3.069716878235340118e-02
-4.716782644391059875e-02
-1.198339741677045822e-02
-5.508164316415786743e-02
-1.688349992036819458e-02
2.605757303535938263e-02
3.677430376410484314e-02
-7.313460111618041992e-02
3.423389792442321777e-02
2.666727825999259949e-02
-3.212483599781990051e-02
-5.045061698183417320e-04
3.667992725968360901e-02
4.034086316823959351e-02
-1.192410364747047424e-01
9.268810972571372986e-03
-4.824527353048324585e-02
-4.908124729990959167e-02
3.592218831181526184e-02
-1.860033534467220306e-02
2.283098734915256500e-02
6.737978011369705200e-02
-5.575997754931449890e-02
-5.776612088084220886e-02
-7.888448983430862427e-02
-3.741869702935218811e-02
3.701300546526908875e-02
6.014677509665489197e-02
-3.121068328619003296e-02
-1.158757135272026062e-02
4.574035294353961945e-03
-1.716193184256553650e-02
-1.514000934548676014e-03
1.289880252443253994e-03
-9.225404821336269379e-03
2.422104403376579285e-02
1.201672479510307312e-02
-4.523224011063575745e-02
3.904009237885475159e-02
5.177473649382591248e-02
-7.557351887226104736e-02
6.216790992766618729e-03
7.826543599367141724e-02
1.503736339509487152e-02
-6.288680434226989746e-02
2.177229896187782288e-02
3.279126062989234924e-02
2.844351343810558319e-02
-4.618015140295028687e-02
-1.008353661745786667e-02
-1.858904608525335789e-03
1.903245039284229279e-02
1.920290291309356689e-02
8.325982838869094849e-03
3.876614943146705627e-02
5.185356363654136658e-02
-3.389710187911987305e-02
3.203052282333374023e-02
1.044654194265604019e-02
1.020463742315769196e-02
-2.572729066014289856e-02
-4.508699476718902588e-02
6.689485162496566772e-02
6.546527612954378128e-03
6.021696329116821289e-02
-5.007325205951929092e-03
1.556818746030330658e-02
5.897372495383024216e-03
6.027695909142494202e-02
2.972807968035340309e-03
7.189489156007766724e-02
-4.146538674831390381e-02
1.763613522052764893e-02
4.003435373306274414e-02
1.634867861866950989e-02
-5.816258490085601807e-02
7.418592274188995361e-02
-6.175096705555915833e-02
4.834460094571113586e-02
-2.473213709890842438e-02
5.157104879617691040e-02
-3.838367387652397156e-02
1.043099164962768555e-02
6.631377153098583221e-03
4.065008834004402161e-03
-1.468603126704692841e-02
6.183671578764915466e-02
5.712744314223527908e-03
-2.653877064585685730e-02
1.826261170208454132e-02
-3.022652491927146912e-02
2.653918229043483734e-02
-1.215120777487754822e-02
2.724535204470157623e-02
-3.338896855711936951e-02
-1.453240215778350830e-02
1.533522829413414001e-02
6.463433615863323212e-03
-1.168801076710224152e-02
-3.426835685968399048e-02
4.851043969392776489e-02
1.727489521726965904e-03
-1.160925239673815668e-04
-8.470516651868820190e-03
-1.173239853233098984e-02
2.690109238028526306e-02
2.012640424072742462e-02
-5.802724137902259827e-02
8.657179772853851318e-02
1.194018218666315079e-02
6.679436564445495605e-02
-8.227262645959854126e-03
3.184622526168823242e-02
-5.394005775451660156e-02
-1.911145262420177460e-02
5.666023492813110352e-02
5.105150490999221802e-02
-4.718071967363357544e-02
2.697514928877353668e-02
-3.434463217854499817e-02
4.270609468221664429e-02
-6.407746113836765289e-03
4.527565464377403259e-02
2.920907549560070038e-02
6.332731246948242188e-02
-3.499204292893409729e-02
-2.607039734721183777e-02
3.883305191993713379e-02
-2.891858294606208801e-02
-2.620483003556728363e-02
2.718506567180156708e-02
-4.701902717351913452e-02
4.374425113201141357e-02
-6.025961786508560181e-02
5.374769866466522217e-02
2.524069882929325104e-02
1.085813343524932861e-02
-2.841386385262012482e-02
1.629768125712871552e-02
-1.621987298130989075e-02
-2.519221417605876923e-02
1.492647361010313034e-02
-1.704279147088527679e-02
1.076607257127761841e-01
3.826289623975753784e-02
4.276454821228981018e-02
-5.932237952947616577e-02
-1.463596615940332413e-02
-2.110868878662586212e-02
-1.348153688013553619e-02
-8.386510424315929413e-03
-3.464473783969879150e-02
-2.194744348526000977e-02
-8.608426898717880249e-03
-5.486884620040655136e-04
-6.333827227354049683e-02
-7.110355794429779053e-02
4.373743757605552673e-02
-5.848408862948417664e-02
-3.951738122850656509e-03
-6.130938604474067688e-02
-7.915211468935012817e-02
-1.291647739708423615e-02
-3.530535474419593811e-02
2.885609166696667671e-03
-7.606438547372817993e-02
-6.098997313529253006e-03
-7.119870278984308243e-03
-9.294140338897705078e-02
1.034626737236976624e-02
-5.929026007652282715e-02
4.907651245594024658e-02
3.452293947339057922e-02
-8.304603397846221924e-02
8.860009722411632538e-03
-2.074624970555305481e-02
2.614338137209415436e-02
3.026941558346152306e-03
1.789760775864124298e-02
1.967893354594707489e-02
-4.847618564963340759e-02
3.917649015784263611e-02
6.556355953216552734e-02
9.756221622228622437e-02
-4.297662153840065002e-02
-3.042236343026161194e-02
3.387927636504173279e-02
-1.131679303944110870e-02
-1.819093711674213409e-02
-1.283398363739252090e-02
9.176153689622879028e-03
3.443846479058265686e-02
2.179334685206413269e-02
-1.420775149017572403e-02
-8.326668292284011841e-02
-4.407443478703498840e-02
7.584390044212341309e-02
8.326751738786697388e-02
1.878569647669792175e-02
6.193131208419799805e-02
-5.666559934616088867e-02
-6.417679041624069214e-02
6.006406247615814209e-02
2.759864740073680878e-02
2.534000575542449951e-02
-4.449249431490898132e-02
1.457738317549228668e-02
2.341299504041671753e-02
-1.264967583119869232e-02
-2.873754315078258514e-02
-3.184058889746665955e-02
1.541614811867475510e-02
1.755664870142936707e-02
2.159611508250236511e-02
2.485482953488826752e-03
6.536485999822616577e-02
-3.297697752714157104e-03
-2.227507159113883972e-02
-6.039764732122421265e-02
6.722512841224670410e-02
2.749717049300670624e-02
1.999969035387039185e-02
6.405884632840752602e-04
1.749327592551708221e-02
-3.647721838206052780e-03
1.829439587891101837e-02
-1.560929045081138611e-02
9.772888384759426117e-03
4.181654006242752075e-02
-2.004533074796199799e-02
4.540397226810455322e-02
2.836554544046521187e-03
-3.504209592938423157e-02
-1.509926188737154007e-02
-4.750179871916770935e-02
-1.599881052970886230e-02
-6.956734508275985718e-02
4.163164272904396057e-02
-2.516398951411247253e-02
-1.566471764817833900e-03
-4.631235823035240173e-02
6.584458518773317337e-03
2.365325577557086945e-02
9.374317713081836700e-03
1.105241570621728897e-02
4.354786593466997147e-03
-4.220314323902130127e-02
1.770969480276107788e-02
-1.135832071304321289e-02
-2.386047318577766418e-02
-1.745456643402576447e-02
2.090268395841121674e-02
1.645437441766262054e-02
2.197074517607688904e-02
-4.951316118240356445e-02
-9.592201560735702515e-03
-2.699280530214309692e-02
-4.712056368589401245e-03
1.781819388270378113e-02
2.295514196157455444e-02
-1.279769651591777802e-02
-2.130536828190088272e-03
-3.302852064371109009e-02
4.932479932904243469e-03
-2.540446445345878601e-02
-1.950940489768981934e-02
-5.009696632623672485e-02
-1.773419231176376343e-02
-5.598980933427810669e-02
-2.752180211246013641e-02
-4.457329399883747101e-03
-5.577934440225362778e-03
7.245761156082153320e-02
-1.692238263785839081e-02
-8.118263632059097290e-02
3.331683203577995300e-02
-2.390620298683643341e-02
3.075475990772247314e-02
2.516431547701358795e-02
-2.628241106867790222e-02
-3.441746812313795090e-03
2.249852754175662994e-02
5.722355470061302185e-02
1.140321418642997742e-02
-1.387402066029608250e-03
3.018408827483654022e-02
4.722084384411573410e-03
-1.858804561197757721e-02
5.341050773859024048e-02
1.898830942809581757e-02
6.197204068303108215e-02
4.102723672986030579e-02
-5.607667192816734314e-02
-4.528488591313362122e-02
6.714696437120437622e-02
-6.719024479389190674e-02
4.226001352071762085e-02
1.723750680685043335e-02
2.494403906166553497e-02
1.102282628417015076e-01
4.267258569598197937e-02
-1.079651340842247009e-02
-8.374029770493507385e-03
-9.631549008190631866e-03
4.628959298133850098e-02
-1.784791820682585239e-03
-1.127653196454048157e-02
-2.723115868866443634e-02
5.958144739270210266e-02
2.251844853162765503e-02
-2.535750158131122589e-02
-1.078242622315883636e-02
1.535841729491949081e-02
-2.383479662239551544e-02
-6.060680840164422989e-03
-1.814669184386730194e-02
-9.816061705350875854e-03
2.995175309479236603e-02
3.589181974530220032e-02
-2.491271682083606720e-02
3.156159445643424988e-02
-2.405644394457340240e-03
-3.988305479288101196e-02
1.027151383459568024e-02
-3.934689611196517944e-02
-1.583943329751491547e-02
-3.459484502673149109e-02
3.666457161307334900e-02
-3.463071957230567932e-02
6.616874039173126221e-02
-2.332027070224285126e-02
2.322504483163356781e-02
-1.564958877861499786e-02
8.822189643979072571e-03
-6.010538339614868164e-02
6.345104426145553589e-02
3.188088536262512207e-02
2.186313271522521973e-02
-6.188032776117324829e-02
-4.409463144838809967e-04
-6.932821869850158691e-02
5.856662616133689880e-02
-6.271812319755554199e-02
-8.133561909198760986e-02
-6.774225831031799316e-02
-3.807241562753915787e-03
2.207198739051818848e-02
-4.473802633583545685e-03
6.068731844425201416e-02
-7.893372327089309692e-02
5.147318542003631592e-02
7.546755485236644745e-03
-1.844380982220172882e-02
4.151007905602455139e-02
3.282049670815467834e-02
4.791744425892829895e-02
-1.495930645614862442e-02
-7.079415768384933472e-02
-2.085402049124240875e-02
-2.596987038850784302e-02
-2.478285692632198334e-02
3.695987164974212646e-02
-1.136271655559539795e-01
-7.098216563463211060e-02
-2.321840636432170868e-02
2.594712423160672188e-03
-2.131878025829792023e-02
2.473983680829405785e-03
2.994444407522678375e-02
-1.545133534818887711e-02
-1.728661730885505676e-02
-4.564512986689805984e-03
1.176220085471868515e-02
-4.695212468504905701e-02
1.928007928654551506e-03
-2.274408563971519470e-02
3.748305886983871460e-02
-4.948154091835021973e-02
-5.079133901745080948e-03
-8.542721159756183624e-03
3.510015085339546204e-02
-4.616761580109596252e-02
-5.025273561477661133e-02
-4.523270577192306519e-02
-3.352319449186325073e-02
1.919182762503623962e-02
-6.022396311163902283e-02
-7.186303846538066864e-03
9.262004867196083069e-03
-6.664723902940750122e-02
-2.618929184973239899e-02
5.704872310161590576e-03
5.361026898026466370e-02
-5.480395257472991943e-02
-2.542707510292530060e-02
-2.848410606384277344e-02
1.519987173378467560e-02
-7.185129448771476746e-03
6.180816888809204102e-02
-1.476604305207729340e-02
3.649561479687690735e-02
7.933562994003295898e-02
-4.704148694872856140e-02
3.807425126433372498e-02
-4.259725660085678101e-02
3.046568110585212708e-02
-1.137006878852844238e-01
-5.505364015698432922e-02
-6.741423159837722778e-02
-5.540950223803520203e-03
-4.231048282235860825e-03
-4.219830408692359924e-02
-1.461674179881811142e-02
-7.716311514377593994e-02
-3.739575296640396118e-02
-6.149355322122573853e-02
-6.347976624965667725e-03
-4.089554026722908020e-02
-7.194422930479049683e-02
3.168899193406105042e-02
3.581308946013450623e-02
-1.325707416981458664e-03
-4.992758855223655701e-02
4.491534456610679626e-02
1.068457495421171188e-02
-3.858896344900131226e-02
4.456877335906028748e-02
-9.532249532639980316e-03
8.105776458978652954e-02
3.492552042007446289e-02
-1.962598226964473724e-02
-3.196509927511215210e-02
-4.431146755814552307e-02
2.885570004582405090e-02
-5.759884417057037354e-02
3.195801377296447754e-02
4.897693637758493423e-03
7.265288382768630981e-02
1.546057127416133881e-02
2.780084870755672455e-02
1.135292090475559235e-02
3.803991898894309998e-02
4.470892995595932007e-02
1.170641276985406876e-02
-1.774962991476058960e-02
5.190974473953247070e-02
8.125060237944126129e-03
5.842017708346247673e-05
6.600675731897354126e-02
2.772012352943420410e-02
-3.063962981104850769e-02
4.696074407547712326e-03
5.110323801636695862e-02
-1.063939533196389675e-03
-7.823230698704719543e-03
3.316069021821022034e-02
3.237280249595642090e-02
-1.172115653753280640e-02
6.725088227540254593e-03
-6.188266444951295853e-03
-5.991914309561252594e-03
-1.057595666497945786e-02
1.533328555524349213e-02
-8.109069429337978363e-03
1.390911266207695007e-02
-6.056244950741529465e-03
-7.313494104892015457e-03
-2.093091793358325958e-02
6.248305086046457291e-03
4.105819761753082275e-02
8.859223686158657074e-03
-1.076794601976871490e-02
9.865326434373855591e-02
-3.019475936889648438e-02
-5.643234588205814362e-03
-9.323423728346824646e-03
-6.304767727851867676e-02
-9.371879696846008301e-02
-5.371060967445373535e-02
-5.866891145706176758e-02
3.300145640969276428e-02
2.200581505894660950e-02
8.906637318432331085e-03
3.573669865727424622e-02
8.835440129041671753e-02
-6.964703649282455444e-02
-3.587167337536811829e-02
-1.029221992939710617e-02
-1.973499357700347900e-02
1.169490441679954529e-02
1.356345321983098984e-02
1.563477702438831329e-02
-4.524932801723480225e-02
4.288294818252325058e-03
-3.545870305970311165e-03
2.181352581828832626e-03
2.537625841796398163e-02
1.441482082009315491e-02
4.293692857027053833e-02
-5.494737997651100159e-02
1.892028376460075378e-02
1.401057932525873184e-02
4.470290988683700562e-02
6.728985160589218140e-02
-9.729803539812564850e-03
-4.466985166072845459e-02
-1.856941357254981995e-02
2.585181780159473419e-02
-3.946347162127494812e-03
-7.346231141127645969e-04
4.951178655028343201e-02
-1.767284423112869263e-02
-5.483717098832130432e-02
-1.942914910614490509e-02
5.344119295477867126e-02
5.587817635387182236e-03
-2.666594833135604858e-02
1.170044578611850739e-02
-4.630773514509201050e-02
-3.737530484795570374e-02
-2.017575316131114960e-02
1.083334684371948242e-01
-4.902165383100509644e-03
2.322787791490554810e-02
-2.586033754050731659e-02
1.937060616910457611e-02
-1.400582212954759598e-02
-4.322219267487525940e-02
-4.279516579117625952e-04
-5.967241525650024414e-02
-7.150255143642425537e-02
-2.137935906648635864e-02
-6.878725439310073853e-02
-1.248010376002639532e-04
2.566691860556602478e-02
-5.988099798560142517e-02
-3.763453662395477295e-02
6.865322589874267578e-03
-7.202835381031036377e-02
-4.940559715032577515e-02
9.174900129437446594e-03
8.631728589534759521e-03
6.876754108816385269e-03
-1.233236305415630341e-02
1.944731734693050385e-02
4.317571222782135010e-02
-1.269515370950102806e-03
-1.731559284962713718e-03
-7.817080040695145726e-05
8.990218862891197205e-03
-4.594470560550689697e-02
4.288927465677261353e-02
-3.328372910618782043e-02
2.938075736165046692e-02
3.744489699602127075e-02
2.637268230319023132e-02
1.491637807339429855e-02
4.661997035145759583e-02
3.742279717698693275e-03
5.909297615289688110e-02
2.130633778870105743e-02
-3.773268312215805054e-02
-2.450203895568847656e-02
-2.740641590207815170e-03
1.667874120175838470e-02
-5.245263502001762390e-02
3.026596829295158386e-02
-6.762252189218997955e-03
4.641720280051231384e-02
4.002740141004323959e-03
-2.289585955440998077e-02
-2.426377497613430023e-02
3.512042015790939331e-02
1.700638979673385620e-02
5.195417627692222595e-02
-3.397872205823659897e-03
3.761311527341604233e-03
1.542131602764129639e-02
3.251769766211509705e-02
-1.099487673491239548e-02
1.646718755364418030e-02
