-8.774473331868648529e-03
4.737486597150564194e-03
-1.760161109268665314e-02
-1.024060044437646866e-02
2.017743512988090515e-02
3.429107135161757469e-03
7.361274212598800659e-02
3.915895149111747742e-02
1.836140081286430359e-02
1.772851310670375824e-02
-1.582234725356101990e-02
1.455765683203935623e-03
-2.124452777206897736e-02
7.601471245288848877e-02
8.445680141448974609e-04
4.278486222028732300e-02
8.780155330896377563e-03
2.130608260631561279e-02
1.659661717712879181e-02
4.439418390393257141e-02
4.884766414761543274e-02
-3.016510163433849812e-04
6.065590307116508484e-03
-6.202949211001396179e-03
1.966689713299274445e-02
-3.657030686736106873e-02
2.364107780158519745e-02
1.355664245784282684e-02
-5.587019026279449463e-02
-3.969171643257141113e-02
2.870428003370761871e-02
2.728272601962089539e-02
2.709031850099563599e-02
-7.157702744007110596e-02
2.107791369780898094e-03
-3.536784276366233826e-02
-1.100395713001489639e-02
-2.166091278195381165e-02
6.919813156127929688e-02
7.275650743395090103e-03
8.581210859119892120e-03
7.870876230299472809e-03
-8.952210657298564911e-03
-2.733078971505165100e-02
-8.471258333884179592e-04
-7.953521795570850372e-03
-4.936780896969139576e-04
6.445339415222406387e-03
7.879462791606783867e-04
1.359833218157291412e-02
1.799107901751995087e-02
-3.869504109025001526e-02
-3.029596805572509766e-02
1.096095703542232513e-02
-9.371640160679817200e-03
-4.955880716443061829e-02
-4.257420077919960022e-02
4.625521600246429443e-02
-2.092774026095867157e-02
1.995114423334598541e-02
-1.330209989100694656e-02
4.077507182955741882e-02
5.005297809839248657e-02
3.197249770164489746e-02
-9.086955338716506958e-03
-1.585819758474826813e-02
-2.377218753099441528e-02
2.863605879247188568e-02
4.662259016185998917e-04
4.697892814874649048e-02
7.350306957960128784e-02
-7.401883602142333984e-03
4.675696045160293579e-02
-8.084615319967269897e-02
-1.768264733254909515e-02
-3.499747440218925476e-02
2.145061641931533813e-02
-7.885020971298217773e-02
1.973040029406547546e-02
-2.001011371612548828e-02
1.177034713327884674e-02
7.271722424775362015e-03
3.724770620465278625e-02
-2.386008575558662415e-02
-3.165554627776145935e-02
-3.597657429054379463e-03
-2.386121638119220734e-02
1.045000087469816208e-02
-9.181520901620388031e-03
-1.036428958177566528e-01
-2.391984872519969940e-02
-3.281706199049949646e-02
-1.587107218801975250e-02
9.153679944574832916e-03
-4.982317984104156494e-02
-8.858224377036094666e-03
-4.109072964638471603e-03
3.502346202731132507e-02
1.654072664678096771e-03
2.114991471171379089e-02
-2.628360129892826080e-02
2.335307374596595764e-02
-9.323399513959884644e-03
3.978834301233291626e-02
5.137156322598457336e-02
3.799131372943520546e-03
-1.998767815530300140e-02
1.452642399817705154e-02
-5.584860686212778091e-03
-1.748212613165378571e-02
-1.136262108047958463e-05
-4.317028820514678955e-02
-3.456468507647514343e-02
-5.436456575989723206e-02
2.028314210474491119e-02
-1.549966726452112198e-02
3.867826238274574280e-02
-8.828467875719070435e-02
-8.240547031164169312e-02
-6.481014192104339600e-02
-2.067273110151290894e-02
1.795389503240585327e-02
-1.654091663658618927e-02
1.901587098836898804e-02
-5.932754650712013245e-02
1.415764540433883667e-02
-2.028660289943218231e-02
1.530457474291324615e-02
4.278618469834327698e-02
-6.688591558486223221e-03
-5.581642035394906998e-03
1.676340773701667786e-02
-1.043517608195543289e-02
3.653401508927345276e-02
4.570497572422027588e-02
1.907119341194629669e-02
2.628386579453945160e-02
1.980175264179706573e-02
1.828922145068645477e-02
-1.661713235080242157e-02
-2.168697305023670197e-02
-1.343195326626300812e-02
1.116357184946537018e-02
3.497375175356864929e-02
-3.280404210090637207e-02
8.304893225431442261e-02
2.379505522549152374e-02
1.058161631226539612e-02
-1.137047447264194489e-02
1.001922227442264557e-02
3.284419700503349304e-02
2.048628404736518860e-03
2.591497497633099556e-03
-5.099736154079437256e-02
-2.083349972963333130e-02
2.217906713485717773e-02
1.675864495337009430e-02
6.649620365351438522e-03
-9.037627279758453369e-02
-9.146499447524547577e-03
-3.176548331975936890e-02
-2.068451605737209320e-02
1.775022223591804504e-02
8.171778172254562378e-02
-3.956850990653038025e-02
-1.297650951892137527e-02
1.418449077755212784e-02
-6.447788327932357788e-02
4.142058268189430237e-02
3.171729668974876404e-02
-2.648518420755863190e-03
5.993230268359184265e-02
8.515174500644207001e-03
-3.672034293413162231e-02
-1.770440489053726196e-02
3.807682171463966370e-02
-1.614889875054359436e-02
1.040939800441265106e-02
1.113460166379809380e-03
2.855260297656059265e-02
5.549439787864685059e-02
3.183188289403915405e-02
-8.992463350296020508e-02
2.101165242493152618e-02
-6.521460600197315216e-04
1.130862720310688019e-02
-5.719362199306488037e-02
7.195441424846649170e-02
-1.681188470683991909e-03
-6.234600394964218140e-02
1.719145476818084717e-02
2.924277447164058685e-02
-9.376904927194118500e-03
-3.582277148962020874e-02
3.028999269008636475e-02
3.732117265462875366e-02
1.377144549041986465e-02
-1.240515336394309998e-02
2.528691291809082031e-02
7.746694236993789673e-02
1.799884997308254242e-02
6.868024170398712158e-02
3.949538618326187134e-02
-4.368796199560165405e-02
-1.208607386797666550e-02
6.266894936561584473e-02
4.617306962609291077e-02
-4.140976071357727051e-02
-1.095961593091487885e-02
4.470811039209365845e-02
-7.512335479259490967e-02
1.101054437458515167e-02
-1.306975912302732468e-02
4.581237677484750748e-03
1.920782960951328278e-03
5.595428124070167542e-02
9.391163475811481476e-04
-1.334221567958593369e-02
-5.118167400360107422e-02
2.501464332453906536e-04
-2.583554014563560486e-02
-4.263672977685928345e-03
1.114729605615139008e-02
-1.907694339752197266e-02
-3.469916433095932007e-02
-6.313873827457427979e-02
2.527630329132080078e-02
8.285981602966785431e-03
-1.553100347518920898e-02
5.027740448713302612e-02
-3.193453652784228325e-03
-1.887704059481620789e-02
3.241845406591892242e-03
4.987735301256179810e-02
-6.259861402213573456e-04
-4.052594676613807678e-02
1.787680573761463165e-02
1.258755009621381760e-02
-5.121713038533926010e-03
1.105954754166305065e-03
6.946448981761932373e-02
-3.415321465581655502e-03
2.405026741325855255e-02
1.024522446095943451e-02
-5.992139503359794617e-02
-2.589798718690872192e-02
-7.676254957914352417e-02
-3.705941513180732727e-02
6.243370473384857178e-02
-1.838723197579383850e-02
2.519300021231174469e-02
-6.650002300739288330e-02
-2.714446000754833221e-02
7.296264916658401489e-02
-2.442412311211228371e-03
-1.258100103586912155e-02
6.302427500486373901e-02
2.859258092939853668e-02
-2.026837505400180817e-02
-1.507685519754886627e-02
1.935136504471302032e-02
1.246150466613471508e-03
1.980996318161487579e-02
-4.173576459288597107e-02
-2.924117632210254669e-02
-3.877871669828891754e-03
-5.207354575395584106e-02
-8.874350227415561676e-03
1.372726727277040482e-02
1.412461418658494949e-02
-2.146282931789755821e-03
-1.775312796235084534e-02
2.116340398788452148e-02
-5.331244319677352905e-02
5.889313295483589172e-02
-2.558788098394870758e-02
-2.566668018698692322e-02
4.896294698119163513e-02
4.820508882403373718e-03
9.885607659816741943e-02
-1.885527512058615685e-03
4.917839169502258301e-02
5.317788571119308472e-02
-2.298675244674086571e-03
6.310763210058212280e-02
-3.758714348077774048e-02
-3.200961276888847351e-02
-6.453774124383926392e-02
7.127054780721664429e-02
5.947886407375335693e-02
-1.102004852145910263e-02
5.761807411909103394e-02
-6.872924417257308960e-02
3.647946193814277649e-02
-1.411315426230430603e-02
-1.358125172555446625e-02
-2.560332603752613068e-02
4.079274088144302368e-02
-7.754175749141722918e-05
-4.634522367268800735e-03
5.440285801887512207e-02
-3.222255036234855652e-02
5.252136848866939545e-03
-3.892576694488525391e-02
-5.019524251110851765e-04
1.787582412362098694e-02
-2.286266535520553589e-02
8.899457752704620361e-03
-2.032125135883688927e-03
3.160651773214340210e-02
1.452159229665994644e-02
3.135954216122627258e-02
4.111512377858161926e-02
1.650766097009181976e-02
-1.753179356455802917e-02
2.118635689839720726e-03
-4.942910745739936829e-02
-2.404821664094924927e-02
-4.472780041396617889e-03
1.344875711947679520e-02
-2.066557481884956360e-02
4.674015939235687256e-02
4.430422559380531311e-02
1.244751922786235809e-02
-2.502972632646560669e-02
-4.866952076554298401e-02
6.634556688368320465e-03
-9.487313218414783478e-03
-3.274075314402580261e-02
-3.016027249395847321e-02
-1.313290931284427643e-02
-6.137614604085683823e-03
5.286457762122154236e-02
-4.968542605638504028e-02
8.024372160434722900e-03
4.544472694396972656e-02
-4.254271090030670166e-02
3.074770420789718628e-02
-3.806915134191513062e-02
-2.350141666829586029e-02
9.096286445856094360e-02
-3.057767450809478760e-02
6.699196062982082367e-03
2.682023681700229645e-02
8.927750401198863983e-03
-1.250686645507812500e-01
2.202089130878448486e-02
5.749939754605293274e-02
2.268692012876272202e-03
-3.224191814661026001e-02
-5.600382015109062195e-02
4.312957450747489929e-02
-1.369859371334314346e-02
-6.301421672105789185e-02
2.860520407557487488e-02
-3.369496017694473267e-02
-1.385289669997291639e-05
5.238385125994682312e-02
1.536083640530705452e-03
1.454801391810178757e-02
-2.509167231619358063e-02
-9.025624021887779236e-03
3.329835832118988037e-02
-3.153509274125099182e-02
2.118746004998683929e-02
-2.312452852493152022e-04
1.768446713685989380e-02
3.607938438653945923e-02
3.497263533063232899e-04
5.166602134704589844e-02
1.319558639079332352e-02
-3.201051056385040283e-02
-1.278988551348447800e-02
2.372341044247150421e-02
2.758317068219184875e-02
1.258601434528827667e-02
-1.695419102907180786e-02
5.293086916208267212e-02
5.676595121622085571e-02
-3.168756514787673950e-02
-2.689685486257076263e-02
-2.311394549906253815e-02
5.490175914019346237e-03
-3.700553998351097107e-02
1.055467221885919571e-02
-8.156897500157356262e-03
4.248069599270820618e-02
2.333318069577217102e-02
-6.110390275716781616e-02
-1.249501109123229980e-02
-6.074599176645278931e-02
-8.236569352447986603e-03
-3.466728329658508301e-02
4.118090495467185974e-02
3.566417098045349121e-02
2.447214908897876740e-02
1.850593369454145432e-03
3.602686105296015739e-03
1.243111584335565567e-02
-4.486297070980072021e-02
-3.422450646758079529e-02
-1.290969457477331161e-02
2.317546680569648743e-02
-5.332196876406669617e-02
2.254004403948783875e-02
5.607173591852188110e-02
-5.439291708171367645e-03
-5.215386673808097839e-02
-4.861630499362945557e-02
5.945881456136703491e-02
3.412567451596260071e-02
4.097501747310161591e-03
1.547876861877739429e-03
-5.313941836357116699e-02
5.436099017970263958e-04
3.346886858344078064e-02
-7.323016412556171417e-03
-4.681519418954849243e-02
-1.449734671041369438e-03
-6.398504972457885742e-02
-1.050463505089282990e-02
4.910796135663986206e-02
1.251312717795372009e-02
-9.255165234208106995e-03
6.642036885023117065e-02
-2.228300645947456360e-02
2.929054573178291321e-02
-5.396661534905433655e-02
2.411123923957347870e-02
-4.181345552206039429e-02
-1.133128907531499863e-02
-4.281953442841768265e-03
6.119576841592788696e-02
-1.977905817329883575e-02
-1.756918244063854218e-02
-4.433318972587585449e-02
3.279112651944160461e-02
1.774895470589399338e-03
-7.882303558290004730e-03
-1.585968211293220520e-02
3.181967139244079590e-02
7.077164202928543091e-02
-5.797379836440086365e-02
9.809826500713825226e-03
9.892843663692474365e-03
2.880976535379886627e-02
5.332679953426122665e-03
5.549675971269607544e-02
1.136709004640579224e-02
2.221002802252769470e-02
3.495604172348976135e-02
8.086902648210525513e-02
-3.093917667865753174e-02
-8.052464574575424194e-03
-2.053028903901576996e-02
-6.138632539659738541e-03
8.948270976543426514e-02
-3.545992821455001831e-02
-5.083914473652839661e-02
-1.959433965384960175e-02
-1.953889150172472000e-03
-3.818591311573982239e-02
2.580083534121513367e-02
8.986529894173145294e-03
-6.781806237995624542e-03
-4.101342335343360901e-02
-3.516941145062446594e-02
-1.612171344459056854e-02
7.239750027656555176e-02
1.526210643351078033e-02
-6.487780250608921051e-03
5.791815370321273804e-02
1.982610858976840973e-02
-7.627399265766143799e-02
-3.949566558003425598e-02
2.812295220792293549e-03
2.171035297214984894e-02
2.975563332438468933e-02
2.428998611867427826e-02
1.757998764514923096e-02
-8.309545926749706268e-03
-3.234765026718378067e-03
-5.989012308418750763e-03
3.575937356799840927e-03
-4.946605116128921509e-02
-3.362905234098434448e-02
3.154649958014488220e-02
-4.455816745758056641e-02
4.105412587523460388e-02
-1.014506444334983826e-02
5.767954513430595398e-02
4.436823539435863495e-03
-3.184857964515686035e-02
-1.271824352443218231e-02
-1.574717112816870213e-03
-2.551736496388912201e-02
2.237869612872600555e-02
2.756125479936599731e-02
-1.359149161726236343e-02
1.166043207049369812e-01
5.059470981359481812e-02
1.800383627414703369e-02
-3.466036170721054077e-02
1.988142728805541992e-03
4.366057738661766052e-02
4.500863701105117798e-02
-1.063490565866231918e-02
-1.430378016084432602e-02
-3.552613779902458191e-03
-4.656822606921195984e-02
2.782215550541877747e-02
-4.820573702454566956e-02
-1.181405503302812576e-02
-6.030147522687911987e-02
-1.596373133361339569e-02
-4.027843847870826721e-02
3.727232292294502258e-02
6.782090058550238609e-04
-1.575871929526329041e-02
-5.840725451707839966e-02
-3.851710632443428040e-02
2.458989806473255157e-02
8.278324455022811890e-02
3.026361018419265747e-02
-1.579646021127700806e-02
-2.122035250067710876e-02
5.085661262273788452e-02
1.511540636420249939e-02
6.899660825729370117e-02
-6.489669438451528549e-03
-2.196212485432624817e-02
-3.447816520929336548e-02
7.753892242908477783e-02
-1.854979246854782104e-02
-3.226026147603988647e-02
-1.246606558561325073e-02
-1.113515999168157578e-02
6.971722096204757690e-02
2.758189477026462555e-02
6.227341480553150177e-03
-4.518851637840270996e-03
-3.725290298461914062e-06
4.768402501940727234e-02
1.129897870123386383e-02
3.585929796099662781e-02
1.033101417124271393e-02
-1.648711273446679115e-03
6.893491744995117188e-02
2.051692456007003784e-02
5.399787332862615585e-03
5.036299582570791245e-03
-7.268292829394340515e-03
5.519348755478858948e-02
1.838753186166286469e-02
7.212122529745101929e-02
-5.246176943182945251e-02
5.941271781921386719e-02
-2.168862149119377136e-02
-2.921782433986663818e-02
3.284159349277615547e-03
-3.959852457046508789e-02
-4.089991003274917603e-02
-2.405013516545295715e-02
4.685633350163698196e-03
2.061007544398307800e-02
-1.714246463961899281e-03
-8.863761089742183685e-03
-1.064055599272251129e-02
-1.686132885515689850e-02
-2.765218354761600494e-02
-1.820004172623157501e-02
4.726865515112876892e-02
-6.041605398058891296e-02
-4.644236341118812561e-02
-6.146363541483879089e-02
2.225336851552128792e-03
-1.786679774522781372e-02
1.672011055052280426e-02
-5.239415448158979416e-03
-3.937739506363868713e-02
1.273164153099060059e-02
-4.615774378180503845e-02
5.295125395059585571e-02
-3.747510164976119995e-02
-4.900982230901718140e-02
9.583921637386083603e-04
-7.130145281553268433e-02
2.664058003574609756e-03
7.931520789861679077e-02
-3.689534589648246765e-02
5.350166931748390198e-02
2.470286004245281219e-02
-1.442725188098847866e-03
1.024710573256015778e-02
-1.384141296148300171e-02
-2.646552957594394684e-02
-5.354074761271476746e-02
-1.024188008159399033e-02
-2.175178937613964081e-02
3.222726657986640930e-02
-9.696634113788604736e-02
-3.375475481152534485e-02
-4.794418439269065857e-02
2.760213334113359451e-03
-3.615948185324668884e-02
-2.699126116931438446e-02
-5.630186293274164200e-03
6.347877532243728638e-02
-7.253858447074890137e-02
-2.454301156103610992e-02
-1.384799368679523468e-02
-4.661331884562969208e-03
-6.038616411387920380e-03
-4.319994524121284485e-02
8.231894671916961670e-02
-5.066977813839912415e-02
-3.953367471694946289e-02
1.579305389896035194e-03
5.622331425547599792e-02
-1.499771699309349060e-02
-5.393933970481157303e-03
3.387180715799331665e-02
-3.212631866335868835e-02
4.571464657783508301e-02
1.045365165919065475e-02
6.640567909926176071e-03
-6.272912770509719849e-02
3.133983537554740906e-02
7.570876181125640869e-02
6.788530200719833374e-02
-5.571224540472030640e-02
2.495108917355537415e-02
5.545658990740776062e-02
2.467313967645168304e-02
4.601303860545158386e-02
8.213520981371402740e-03
-2.899545244872570038e-02
3.241152269765734673e-03
1.634658500552177429e-02
2.833774313330650330e-02
1.611261861398816109e-03
-9.964006952941417694e-03
6.659747567027807236e-03
2.265152707695960999e-02
7.562424987554550171e-03
4.388426244258880615e-02
-3.780372813344001770e-02
1.945639215409755707e-02
-5.965406540781259537e-03
-4.611194506287574768e-02
3.178458288311958313e-02
4.344359785318374634e-02
3.898741304874420166e-02
-1.938920584507286549e-03
-3.281534090638160706e-02
3.197436407208442688e-02
-3.333465754985809326e-02
-6.483887787908315659e-03
1.985101588070392609e-02
1.524458359926939011e-02
-4.243279621005058289e-02
5.024306848645210266e-02
9.521388565190136433e-04
-2.748384699225425720e-02
-5.284412950277328491e-02
-5.344592407345771790e-02
5.087775737047195435e-02
4.865904897451400757e-02
1.076220907270908356e-02
-3.654418140649795532e-02
1.769612357020378113e-02
-1.517434976994991302e-02
-1.140395365655422211e-02
-4.971681535243988037e-02
5.696426704525947571e-02
8.498143404722213745e-02
3.781645372509956360e-02
-3.171591553837060928e-03
-5.653224419802427292e-03
2.117346785962581635e-02
-4.229034110903739929e-02
1.733559183776378632e-02
1.375163323245942593e-03
2.759381569921970367e-02
-7.084172964096069336e-02
3.045773506164550781e-02
4.006373509764671326e-02
3.617384657263755798e-02
-2.193025313317775726e-03
-1.442919485270977020e-02
-3.283676877617835999e-02
6.011448334902524948e-03
-1.630801521241664886e-02
1.969683170318603516e-02
-8.220845460891723633e-02
-9.342698752880096436e-02
-1.699078455567359924e-02
2.068663202226161957e-02
2.950718067586421967e-02
-1.040828227996826172e-02
2.022797241806983948e-02
-2.093310095369815826e-02
-6.180443987250328064e-02
5.874643102288246155e-02
4.735143389552831650e-03
1.505137770436704159e-03
4.006049036979675293e-02
-3.447369486093521118e-02
-1.583301834762096405e-02
2.841516770422458649e-02
-5.420057568699121475e-03
4.018593579530715942e-02
-6.091260910034179688e-02
2.679990604519844055e-02
4.129400476813316345e-02
-1.073502656072378159e-02
1.634171418845653534e-02
2.249331586062908173e-02
-4.210256040096282959e-02
3.190379217267036438e-02
6.046170368790626526e-02
7.409651577472686768e-02
-1.768555305898189545e-02
7.288540713489055634e-03
-1.089320611208677292e-02
3.989600017666816711e-02
4.001270979642868042e-03
4.213567450642585754e-02
3.251296654343605042e-02
-4.706170782446861267e-02
-5.399097129702568054e-02
1.377404108643531799e-02
7.920813560485839844e-02
4.637341573834419250e-02
1.081431470811367035e-02
5.345569923520088196e-02
6.678964942693710327e-02
2.557449787855148315e-02
6.007083505392074585e-02
6.889002397656440735e-03
-5.802157521247863770e-02
6.447575986385345459e-02
6.044387817382812500e-02
2.596982195973396301e-02
-6.997985392808914185e-02
-4.242081195116043091e-02
-1.376457232981920242e-02
7.147902250289916992e-02
2.863658778369426727e-02
2.919266745448112488e-02
-5.758477374911308289e-02
-1.660520024597644806e-02
8.151324465870857239e-03
2.542600408196449280e-02
-4.275978729128837585e-02
-5.477294791489839554e-03
-2.103526890277862549e-02
5.577180534601211548e-02
7.605526596307754517e-02
-7.129985094070434570e-02
-1.198762748390436172e-02
1.115698181092739105e-02
5.489320028573274612e-03
-8.591122180223464966e-02
1.903249323368072510e-02
-1.020021736621856689e-02
-1.283693592995405197e-02
-3.182777017354965210e-02
8.475470542907714844e-02
-7.469065953046083450e-03
5.843982100486755371e-02
-5.196493491530418396e-02
1.270566042512655258e-02
1.540651544928550720e-02
-6.215615943074226379e-02
3.311033174395561218e-02
2.646690048277378082e-02
2.484329417347908020e-02
-2.448140271008014679e-02
-9.310142137110233307e-03
2.939521521329879761e-02
2.434081584215164185e-02
-3.602941706776618958e-02
2.550097741186618805e-02
-4.396453499794006348e-02
3.697815164923667908e-02
6.432718783617019653e-02
4.148795828223228455e-02
2.133774338290095329e-03
1.053523086011409760e-02
-6.210748106241226196e-03
1.102107018232345581e-02
-1.396675501018762589e-02
3.550280630588531494e-02
4.100184887647628784e-02
-3.325368091464042664e-02
-6.513022631406784058e-02
-1.111112255603075027e-02
1.182977017015218735e-02
-3.870295360684394836e-02
-2.253464050590991974e-02
1.382578630000352859e-02
-1.385150756686925888e-02
6.656822562217712402e-02
-8.541455119848251343e-02
1.934316195547580719e-02
2.125978469848632812e-03
3.137982264161109924e-02
3.571446612477302551e-02
-1.970613002777099609e-02
8.178704418241977692e-03
4.229543358087539673e-02
-3.235056996345520020e-02
-3.500301018357276917e-02
-1.220233924686908722e-02
-2.864758716896176338e-03
-3.278734534978866577e-02
-4.799215123057365417e-02
1.966012455523014069e-02
1.102654729038476944e-02
-1.991206035017967224e-02
-1.175566110759973526e-02
3.368225693702697754e-02
-2.972234785556793213e-02
-4.041044786572456360e-02
4.654775559902191162e-02
5.464356858283281326e-03
1.717800647020339966e-02
1.348129007965326309e-02
4.506731033325195312e-02
5.473421420902013779e-03
-6.225771084427833557e-02
3.558047115802764893e-02
7.244601147249341011e-04
5.277290567755699158e-02
4.006297141313552856e-02
1.354487799108028412e-02
5.587093159556388855e-02
-4.628841206431388855e-02
-5.081144720315933228e-02
-2.074215933680534363e-02
3.369715437293052673e-02
1.852454617619514465e-02
7.001022994518280029e-02
5.346407124307006598e-05
3.656675666570663452e-02
-4.081458225846290588e-02
-5.713505670428276062e-02
2.491368167102336884e-02
-8.109470945782959461e-05
4.697751998901367188e-02
2.624097280204296112e-02
-9.478542022407054901e-03
-2.402475103735923767e-02
3.727969527244567871e-02
-2.837895601987838745e-02
-4.689325019717216492e-02
-5.469970055855810642e-04
-3.928477317094802856e-02
6.543800234794616699e-02
-7.428538054227828979e-02
-3.593306289985775948e-03
9.712271392345428467e-03
-2.045092359185218811e-02
8.452353999018669128e-03
1.449978351593017578e-02
-3.689128905534744263e-02
2.114002592861652374e-02
2.626020275056362152e-02
2.167958579957485199e-02
4.754484817385673523e-02
-5.110657215118408203e-02
2.045297250151634216e-02
-5.318975821137428284e-02
-1.105059217661619186e-02
-1.692149043083190918e-02
-9.235392324626445770e-03
6.671774666756391525e-03
-1.956820487976074219e-03
-1.325825229287147522e-02
-2.971398644149303436e-02
-4.484720900654792786e-02
-2.802484668791294098e-03
3.888837248086929321e-02
2.263395726913586259e-04
-1.913022436201572418e-02
-1.407346688210964203e-02
3.895384818315505981e-02
4.372192919254302979e-02
1.209943275898694992e-02
2.017917670309543610e-02
-6.233110278844833374e-02
-2.788490802049636841e-02
-1.133643928915262222e-02
2.295729704201221466e-02
2.732754684984683990e-03
5.316809285432100296e-03
-2.712586708366870880e-02
2.284736692672595382e-04
-4.828356672078371048e-03
1.225571264512836933e-03
-3.690185770392417908e-02
3.228777274489402771e-02
-5.706489086151123047e-02
-4.150663316249847412e-02
5.414640903472900391e-02
1.569100469350814819e-02
2.417426742613315582e-02
3.164457902312278748e-02
3.152629360556602478e-02
1.597937755286693573e-02
-3.100540675222873688e-02
1.083036884665489197e-02
6.945388019084930420e-02
3.082370758056640625e-02
-2.247435599565505981e-02
-2.933100983500480652e-02
1.771853119134902954e-02
8.581460453569889069e-03
-7.437574118375778198e-02
-5.865939310751855373e-04
-7.012808322906494141e-02
-2.032098174095153809e-02
3.561106044799089432e-03
6.343816965818405151e-02
-2.318869531154632568e-02
-3.142286837100982666e-02
-8.496543020009994507e-02
2.207328006625175476e-02
-6.166625395417213440e-02
5.176267400383949280e-02
-4.332358948886394501e-03
-3.999479487538337708e-02
-1.786845736205577850e-02
-2.035004459321498871e-02
7.632774300873279572e-03
-1.547258812934160233e-02
-4.179223626852035522e-02
2.434675022959709167e-02
-1.219597365707159042e-02
-2.558236010372638702e-02
5.318508017808198929e-03
-4.055272415280342102e-02
-5.603822320699691772e-02
-2.139312215149402618e-02
-9.302639518864452839e-04
3.545645158737897873e-03
1.639236579649150372e-03
3.366104885935783386e-02
7.204672787338495255e-03
-9.224918670952320099e-03
-2.993603982031345367e-02
2.401079237461090088e-02
-5.432164296507835388e-02
-5.248971655964851379e-02
-7.274471223354339600e-02
-1.200022874400019646e-03
8.300000429153442383e-02
-2.990798838436603546e-02
-4.316532611846923828e-02
-4.622146487236022949e-02
-1.532441377639770508e-02
-2.802519686520099640e-02
3.671582788228988647e-02
-1.105568464845418930e-02
-7.146300282329320908e-03
3.672805055975914001e-02
5.761580914258956909e-02
4.509440064430236816e-02
-5.799343809485435486e-02
3.339264541864395142e-02
-1.295871287584304810e-02
4.072005394846200943e-03
3.784332051873207092e-02
-5.278255045413970947e-02
4.387038201093673706e-02
5.441574379801750183e-02
4.539457708597183228e-02
-1.873655803501605988e-02
1.061590947210788727e-02
7.848921231925487518e-03
-1.770960912108421326e-02
1.890757493674755096e-02
-7.742876559495925903e-02
-2.720938809216022491e-02
3.632072359323501587e-02
3.114008158445358276e-02
7.887754589319229126e-03
8.781514130532741547e-03
6.234941259026527405e-02
-2.159800566732883453e-02
-2.397781796753406525e-02
-4.927692003548145294e-03
1.580384559929370880e-02
-1.953013241291046143e-02
3.269553184509277344e-02
2.794165723025798798e-02
5.453352257609367371e-02
2.088993787765502930e-03
-5.569415166974067688e-02
-9.883217513561248779e-03
6.305827945470809937e-02
4.663182422518730164e-03
-2.435504645109176636e-02
-1.008496899157762527e-02
-1.904247328639030457e-02
-1.717051304876804352e-02
3.718668594956398010e-02
1.771092228591442108e-02
-4.933547601103782654e-02
-4.867288470268249512e-02
-3.569568321108818054e-02
-4.886967316269874573e-02
3.912580013275146484e-02
-4.171522706747055054e-02
7.077879458665847778e-02
1.130316033959388733e-02
5.386175215244293213e-02
5.552232638001441956e-02
-4.653830081224441528e-02
5.221811681985855103e-02
-1.669376343488693237e-02
1.877596415579319000e-02
2.287191338837146759e-02
