2.562620490789413452e-02
-3.141338005661964417e-02
4.737456887960433960e-02
-4.958442598581314087e-02
4.641288891434669495e-02
8.987087756395339966e-02
3.851182386279106140e-02
-2.554224058985710144e-02
4.946611821651458740e-03
-3.926241025328636169e-02
1.593738049268722534e-02
-6.197344511747360229e-02
2.715937420725822449e-02
-9.253154695034027100e-02
3.153542429208755493e-02
-6.466564536094665527e-02
1.064518932253122330e-02
-3.419258398935198784e-03
-7.496561738662421703e-04
-1.506224623881280422e-03
2.089607063680887222e-03
2.185187116265296936e-02
-1.769503392279148102e-02
1.144362315535545349e-01
-7.216461002826690674e-02
-1.949215191416442394e-03
1.213891431689262390e-01
-5.254631489515304565e-02
7.429687678813934326e-02
-8.292395621538162231e-03
-2.116466313600540161e-02
7.712728343904018402e-03
1.468414533883333206e-02
1.294574048370122910e-02
-3.508627042174339294e-02
-2.692040428519248962e-02
2.409367077052593231e-02
6.566610932350158691e-02
3.637658804655075073e-02
-1.092299353331327438e-02
2.233230881392955780e-02
2.658563293516635895e-02
-1.135571952909231186e-02
-6.306243687868118286e-02
3.789306851103901863e-03
2.053234353661537170e-02
3.407489508390426636e-03
-2.471051365137100220e-02
-1.432063989341259003e-02
-1.430655922740697861e-02
-2.959459461271762848e-02
-3.612674772739410400e-02
1.575488410890102386e-02
1.934077218174934387e-02
2.165645547211170197e-02
1.588382571935653687e-02
-2.769404556602239609e-03
-6.622319668531417847e-02
-2.525690011680126190e-02
2.592816762626171112e-02
3.215182200074195862e-02
1.778732798993587494e-02
2.942376956343650818e-02
2.863626740872859955e-02
-2.270067296922206879e-02
6.691345479339361191e-03
6.216406822204589844e-03
-6.811538711190223694e-03
7.053657900542020798e-04
-6.767722219228744507e-02
-1.585672143846750259e-03
4.942755028605461121e-02
7.876379787921905518e-02
5.128211155533790588e-02
-6.373585760593414307e-02
1.416366267949342728e-02
4.744302481412887573e-02
5.912666022777557373e-02
1.995444111526012421e-02
7.969122380018234253e-02
2.105707116425037384e-02
-4.478041082620620728e-02
-2.633118303492665291e-03
-2.193003334105014801e-02
-2.165484428405761719e-02
1.537292823195457458e-02
-8.174124360084533691e-02
7.809812668710947037e-03
4.980533197522163391e-02
-4.536584019660949707e-02
4.429869353771209717e-03
-2.174191735684871674e-02
-2.212063781917095184e-02
3.077102638781070709e-02
1.661393232643604279e-02
-2.167749591171741486e-02
5.574986711144447327e-02
7.198724430054426193e-03
1.899759098887443542e-02
5.042780656367540359e-03
-6.180002912878990173e-02
2.437224052846431732e-02
1.770306564867496490e-02
6.163731962442398071e-02
3.621314093470573425e-02
4.660157021135091782e-03
2.492466568946838379e-02
-2.485746331512928009e-02
6.144847348332405090e-02
2.695980481803417206e-02
1.561415661126375198e-02
6.247391551733016968e-02
-3.057993948459625244e-02
-5.803370103240013123e-02
-2.095543220639228821e-02
2.581823617219924927e-02
-2.545891143381595612e-02
-5.327945947647094727e-02
-3.845687955617904663e-03
-4.788345471024513245e-02
3.654637187719345093e-02
-1.141563616693019867e-02
2.276611886918544769e-02
-5.213623493909835815e-02
4.236236959695816040e-02
4.021889530122280121e-03
-4.992113634943962097e-02
-3.532479330897331238e-02
-8.457361906766891479e-02
-4.969922453165054321e-02
-2.117722295224666595e-02
2.761741913855075836e-02
-5.166925862431526184e-02
3.703426197171211243e-02
-2.405525557696819305e-02
3.707007504999637604e-03
-2.105439454317092896e-02
1.845713704824447632e-02
-2.419400494545698166e-03
-4.280315712094306946e-02
-2.552423998713493347e-02
-2.799050649628043175e-03
-1.341311447322368622e-02
1.889611780643463135e-02
-1.979292184114456177e-02
-1.624002680182456970e-02
-1.625763066112995148e-02
-3.269362822175025940e-02
-4.733339883387088776e-03
1.985196396708488464e-02
1.946078799664974213e-02
4.735001176595687866e-02
6.146302446722984314e-02
-3.266225382685661316e-02
-2.632364863529801369e-03
-7.209020107984542847e-02
2.412955276668071747e-02
1.869617961347103119e-02
-3.598809614777565002e-02
2.898363023996353149e-02
-2.168064936995506287e-02
1.364244055002927780e-02
-2.577299438416957855e-02
-2.343689836561679840e-02
1.111242361366748810e-02
-6.134581193327903748e-02
7.942179217934608459e-03
-3.608043119311332703e-02
7.234797812998294830e-03
3.176427260041236877e-02
6.367156654596328735e-02
4.728055372834205627e-02
-7.804969698190689087e-02
-4.388899356126785278e-02
-8.767058141529560089e-03
4.069652408361434937e-02
3.075837530195713043e-02
-8.256904780864715576e-03
3.053138963878154755e-03
2.169953472912311554e-02
-9.778568521142005920e-03
6.254218984395265579e-03
-1.193039491772651672e-02
8.838547393679618835e-03
1.051916461437940598e-02
4.859595745801925659e-02
3.153678262606263161e-03
2.928891591727733612e-02
3.973051905632019043e-02
3.703984839376062155e-04
-6.474304944276809692e-02
9.402100928127765656e-03
-4.213116690516471863e-02
1.092710904777050018e-02
1.473104697652161121e-03
-5.571939423680305481e-02
1.684452581685036421e-04
4.476062208414077759e-02
3.967203944921493530e-02
-4.319015890359878540e-02
-1.566218771040439606e-02
6.617881357669830322e-02
9.466602932661771774e-04
-3.657701238989830017e-02
2.012659795582294464e-03
2.265859162434935570e-03
-1.160247810184955597e-02
5.029036477208137512e-02
-2.308491244912147522e-02
3.342073038220405579e-02
-2.463155053555965424e-02
2.304353378713130951e-02
1.837943680584430695e-02
-9.039491415023803711e-02
-3.459469228982925415e-02
-2.317509986460208893e-02
2.871377207338809967e-02
2.175998128950595856e-02
3.422920778393745422e-02
4.171913862228393555e-02
-4.448523744940757751e-02
1.490882132202386856e-02
3.275624010711908340e-03
-6.181694567203521729e-02
6.463923305273056030e-02
1.589627563953399658e-02
3.504711389541625977e-02
1.522494107484817505e-02
1.096677850000560284e-03
-2.015573903918266296e-02
1.115491334348917007e-02
1.090116426348686218e-02
5.628696456551551819e-02
-2.459970489144325256e-02
2.925241179764270782e-02
4.661737754940986633e-02
4.152467474341392517e-02
4.434654489159584045e-02
2.104779332876205444e-02
3.974917531013488770e-02
-2.952339826151728630e-03
-1.599182933568954468e-02
1.043646316975355148e-02
3.366895765066146851e-02
1.140500605106353760e-02
-3.229852393269538879e-02
5.479379370808601379e-02
-1.046464964747428894e-02
6.796294450759887695e-02
-3.794541582465171814e-02
5.243856832385063171e-02
-6.502289324998855591e-02
-1.297356374561786652e-02
-1.094337739050388336e-02
7.403685711324214935e-03
3.407296910881996155e-02
2.838746085762977600e-02
-2.503745071589946747e-02
-1.189962867647409439e-02
-7.390873134136199951e-02
7.958224974572658539e-03
2.352297306060791016e-02
5.500188563019037247e-03
-2.316033653914928436e-02
-3.550610691308975220e-02
4.547283425927162170e-02
-8.510536514222621918e-03
4.066961631178855896e-02
3.595858067274093628e-02
-3.827696666121482849e-02
-2.130559459328651428e-02
9.226590394973754883e-03
9.009350091218948364e-03
2.501902356743812561e-02
1.658190041780471802e-02
-4.258509725332260132e-02
2.298557944595813751e-02
4.897525534033775330e-02
-6.606218963861465454e-02
2.417078614234924316e-02
4.879009351134300232e-02
-9.427590295672416687e-03
1.497991289943456650e-02
-1.056536711985245347e-04
2.489423938095569611e-02
2.533975057303905487e-02
5.442681256681680679e-03
-3.772871941328048706e-02
1.519484072923660278e-02
4.745124652981758118e-02
2.371745742857456207e-02
-2.284592576324939728e-02
9.549782425165176392e-02
1.874308846890926361e-02
3.751401230692863464e-02
5.748831853270530701e-02
1.100806333124637604e-02
5.424270406365394592e-02
2.659958042204380035e-02
-3.200301155447959900e-02
1.681509241461753845e-02
-2.059406600892543793e-02
-5.061401985585689545e-03
9.514175355434417725e-02
-2.578527107834815979e-02
1.401583570986986160e-02
5.168493837118148804e-02
-5.331128340912982821e-05
-4.597992077469825745e-02
4.567893687635660172e-03
7.263432443141937256e-02
-5.020258948206901550e-02
6.577966269105672836e-03
3.444471582770347595e-02
-6.921285390853881836e-02
-4.336935281753540039e-02
-5.290889181196689606e-03
5.176044534891843796e-03
3.362163528800010681e-02
7.198951393365859985e-02
2.205672441050410271e-03
-7.188084069639444351e-03
-1.895275339484214783e-02
1.296971738338470459e-02
-4.070379957556724548e-02
6.168569438159465790e-03
6.568611413240432739e-02
-1.388377882540225983e-02
-3.330823779106140137e-02
-3.038031980395317078e-02
2.957519143819808960e-02
-2.244227193295955658e-02
-2.175258850911632180e-04
-1.597143523395061493e-02
-4.854364693164825439e-02
-9.119844064116477966e-03
6.119935587048530579e-02
1.475215423852205276e-02
-2.657406404614448547e-02
-3.151396289467811584e-02
-3.553730994462966919e-02
4.079260677099227905e-02
-2.788440510630607605e-02
4.952916130423545837e-02
-1.149758603423833847e-02
5.897137895226478577e-02
-3.724165260791778564e-02
-4.950664564967155457e-02
4.598370566964149475e-02
2.702944353222846985e-02
-1.406459603458642960e-02
2.177196368575096130e-02
3.324916760902851820e-04
-3.091124817728996277e-02
2.146132476627826691e-02
-2.262052334845066071e-02
-5.155711621046066284e-02
1.022948883473873138e-02
3.538515418767929077e-02
-2.005208097398281097e-02
4.727366566658020020e-02
3.290807083249092102e-02
1.293822191655635834e-02
7.946496456861495972e-02
2.235068939626216888e-02
2.599116042256355286e-02
7.457469590008258820e-03
6.830683909356594086e-03
2.032985351979732513e-02
-2.936814166605472565e-02
-7.455292344093322754e-02
5.479235202074050903e-02
5.829185247421264648e-02
9.001749008893966675e-02
-4.176305606961250305e-03
2.248807996511459351e-02
1.353786356048658490e-04
-3.429653821513056755e-03
-3.107337467372417450e-02
1.482907799072563648e-03
-2.861960045993328094e-02
2.673874236643314362e-02
7.777941972017288208e-02
1.633442007005214691e-02
-2.649374492466449738e-02
-1.895232684910297394e-02
-5.314697511494159698e-03
2.830697968602180481e-02
-1.088725496083498001e-02
4.658703505992889404e-02
1.039097271859645844e-02
3.257831558585166931e-02
1.986467465758323669e-02
-6.751031149178743362e-03
-1.943278871476650238e-02
-5.986237153410911560e-02
1.650351216085255146e-03
-5.288377869874238968e-04
8.313313592225313187e-04
2.543777041137218475e-02
-9.908181615173816681e-03
-3.017777577042579651e-02
4.999006539583206177e-02
7.086969166994094849e-02
-4.332080855965614319e-02
-1.698826812207698822e-02
4.130569752305746078e-03
5.737624317407608032e-02
-2.917796000838279724e-02
1.851230673491954803e-02
-1.247711479663848877e-02
5.652003921568393707e-03
-3.972052037715911865e-02
6.671588122844696045e-02
3.835236281156539917e-02
1.617764867842197418e-02
1.099006645381450653e-02
1.945292763411998749e-02
-1.583781675435602665e-03
-3.248075768351554871e-02
2.948557771742343903e-02
-1.720173284411430359e-02
5.061494186520576477e-02
3.505404293537139893e-02
2.272081794217228889e-03
-1.478921854868531227e-03
4.232672974467277527e-02
-2.351216040551662445e-02
9.433002024888992310e-02
-2.728888764977455139e-02
2.346885018050670624e-02
-6.287920475006103516e-02
-1.687285676598548889e-02
-1.435325015336275101e-02
4.655968770384788513e-02
-5.393324419856071472e-02
7.532146573066711426e-02
-1.586917601525783539e-02
-5.773957073688507080e-02
2.567476965487003326e-02
-1.248941384255886078e-02
1.912009157240390778e-02
4.758786782622337341e-02
2.665546163916587830e-02
-3.560261102393269539e-03
-7.948504388332366943e-02
5.651841312646865845e-02
-3.238559141755104065e-02
-3.645449504256248474e-02
3.355001658201217651e-02
2.825257368385791779e-02
2.981868200004100800e-02
3.399101644754409790e-02
2.935972437262535095e-02
-1.203192304819822311e-02
9.964392520487308502e-03
-1.549445092678070068e-02
-3.182066231966018677e-02
-4.541003331542015076e-02
-7.878578454256057739e-02
-4.656397923827171326e-02
1.074532512575387955e-02
-3.502844646573066711e-02
-2.953905798494815826e-02
1.114967628382146358e-03
-3.786435350775718689e-02
1.976550184190273285e-02
5.808738619089126587e-02
2.587877679616212845e-03
3.263856470584869385e-02
-1.033661607652902603e-02
-6.096960231661796570e-02
3.886813670396804810e-02
-4.664590582251548767e-02
-2.624708600342273712e-02
5.573844909667968750e-02
7.629259023815393448e-03
4.213618859648704529e-02
6.298182997852563858e-03
2.573319524526596069e-02
3.813949972391128540e-02
3.872708231210708618e-02
-6.405011564493179321e-02
-1.444198843091726303e-02
7.709685713052749634e-02
4.692509770393371582e-02
5.363933742046356201e-03
-1.800145767629146576e-02
1.579871773719787598e-02
-5.091146752238273621e-02
1.129937097430229187e-01
-2.148046903312206268e-02
-3.810424730181694031e-02
4.715620353817939758e-02
2.053258940577507019e-02
-2.611531130969524384e-02
4.318672232329845428e-03
2.775561623275279999e-02
-2.088999003171920776e-02
-4.530067089945077896e-04
-1.169529394246637821e-03
-5.456214305013418198e-03
1.026262249797582626e-02
-4.388068628031760454e-04
-4.686291143298149109e-02
1.433196943253278732e-02
-1.775518432259559631e-02
1.416019629687070847e-03
-3.820680454373359680e-02
1.441053207963705063e-02
-4.267160966992378235e-02
2.343382500112056732e-02
-4.249890148639678955e-02
6.602576375007629395e-02
-1.039345841854810715e-02
1.843725098296999931e-03
-4.438011348247528076e-02
8.966007269918918610e-03
1.154522597789764404e-02
-4.113902896642684937e-02
7.358336821198463440e-03
-1.117956172674894333e-02
4.761065915226936340e-02
6.712515652179718018e-02
1.119860541075468063e-02
7.594702299684286118e-03
-3.102955408394336700e-02
6.127538159489631653e-02
-3.353840857744216919e-02
-1.451977156102657318e-02
7.668034732341766357e-02
5.699566751718521118e-02
1.329217012971639633e-02
2.299912646412849426e-02
-2.073589339852333069e-02
2.941519953310489655e-02
3.662820160388946533e-02
3.379820659756660461e-02
-3.037520125508308411e-02
-3.536642715334892273e-02
-3.099515847861766815e-02
4.482314921915531158e-03
8.101841062307357788e-02
4.041580483317375183e-02
1.097950618714094162e-02
2.796548977494239807e-02
-6.622910499572753906e-03
-3.326730430126190186e-02
2.352405153214931488e-02
4.626000300049781799e-02
2.432447113096714020e-02
-2.067361027002334595e-02
-1.434170268476009369e-02
3.836211282759904861e-03
1.753324083983898163e-02
-1.558891497552394867e-02
-2.887431345880031586e-02
2.300539240241050720e-02
-3.556568175554275513e-02
-3.971025813370943069e-03
-3.694609552621841431e-02
2.197809144854545593e-02
1.559150987304747105e-03
-6.954500079154968262e-02
2.199338935315608978e-02
-1.501663029193878174e-02
4.045404959470033646e-03
1.243203226476907730e-02
8.891827426850795746e-03
-8.031407743692398071e-02
1.246862299740314484e-02
1.664915308356285095e-02
7.689821720123291016e-02
9.524847380816936493e-03
1.132290437817573547e-02
-2.782077901065349579e-02
3.032059781253337860e-02
6.038044020533561707e-02
-4.456653445959091187e-02
2.663352340459823608e-02
-1.333379466086626053e-02
1.135111600160598755e-02
-2.886788919568061829e-02
4.184388369321823120e-02
6.469066441059112549e-02
-4.192532971501350403e-02
-1.105006411671638489e-02
-1.243684254586696625e-02
-5.098840221762657166e-03
-2.484283968806266785e-02
-2.868343330919742584e-02
-4.383509233593940735e-02
1.755819097161293030e-02
2.816132968291640282e-03
-4.530560597777366638e-02
4.658867418766021729e-02
1.385893486440181732e-02
-2.451858296990394592e-02
1.194195635616779327e-02
-5.344881676137447357e-03
3.582202363759279251e-03
6.364600267261266708e-03
5.357823465601541102e-05
2.103111706674098969e-02
1.115586701780557632e-02
-5.388825666159391403e-03
3.424919396638870239e-02
4.935559257864952087e-02
-5.384793132543563843e-02
-9.437679313123226166e-03
2.546568587422370911e-02
1.631016470491886139e-02
-2.242081053555011749e-02
-2.704824320971965790e-02
3.075067652389407158e-03
3.249456360936164856e-02
1.343130250461399555e-03
1.490032766014337540e-02
-6.410293746739625931e-03
-4.763690754771232605e-03
2.168890833854675293e-02
3.093763627111911774e-02
2.124198339879512787e-02
2.442596480250358582e-02
3.106145747005939484e-02
-1.666955091059207916e-02
-3.205157443881034851e-02
-1.196932885795831680e-02
8.633137680590152740e-03
2.107398211956024170e-02
-3.646264597773551941e-02
-6.467853486537933350e-02
3.761433472391217947e-04
-7.724600285291671753e-02
8.130070753395557404e-03
8.697211742401123047e-04
-8.390143513679504395e-02
2.903386391699314117e-02
-7.228243350982666016e-02
1.732071046717464924e-03
-4.733418300747871399e-02
-6.730409804731607437e-03
-4.641497507691383362e-02
3.046681545674800873e-02
1.475165877491235733e-02
-2.219367958605289459e-02
5.081897601485252380e-02
-7.310565561056137085e-03
-1.238969117403030396e-01
-8.011713624000549316e-03
8.706849068403244019e-03
8.301897905766963959e-03
1.335657294839620590e-02
4.057748243212699890e-02
5.610707029700279236e-02
-3.392313793301582336e-02
-2.227512747049331665e-02
-3.251635283231735229e-02
-1.700977049767971039e-02
2.298567816615104675e-02
-3.267963230609893799e-02
1.471209619194269180e-02
-1.081897597759962082e-02
1.990657858550548553e-02
5.409002304077148438e-02
2.048913761973381042e-02
4.638615623116493225e-02
1.740365475416183472e-02
-8.294523693621158600e-03
2.992895059287548065e-02
-2.326044626533985138e-02
1.414557453244924545e-02
3.013077192008495331e-02
2.645744197070598602e-02
-2.899207174777984619e-02
4.151667654514312744e-02
-1.034110412001609802e-02
7.199130021035671234e-03
-4.549521207809448242e-02
-4.420175403356552124e-02
-3.389466181397438049e-02
-8.370049297809600830e-03
-1.841187104582786560e-02
1.589396409690380096e-02
-2.177162654697895050e-02
2.863135747611522675e-02
-9.628692641854286194e-03
-3.698966698721051216e-03
7.391298189759254456e-03
2.195982821285724640e-02
-2.689570887014269829e-03
-3.854178357869386673e-03
1.691883243620395660e-02
7.709236349910497665e-03
-1.115095615386962891e-02
4.287195578217506409e-02
-2.508726716041564941e-02
4.328230861574411392e-03
5.777819547802209854e-03
4.137583822011947632e-02
-2.421046793460845947e-02
3.371368721127510071e-02
2.117385342717170715e-02
2.386871725320816040e-02
-6.938517093658447266e-03
1.910548098385334015e-02
-8.434849587501958013e-05
-2.615927159786224365e-02
-2.454210072755813599e-03
-2.543210983276367188e-02
9.714580141007900238e-03
2.414627186954021454e-02
-3.060134127736091614e-02
-3.540061414241790771e-02
-3.221487626433372498e-02
4.443562775850296021e-02
-1.919266581535339355e-02
-1.543175708502531052e-02
1.583737321197986603e-02
-1.895516528747975826e-03
-2.974326722323894501e-03
-4.508404061198234558e-03
2.474379027262330055e-03
6.795690953731536865e-02
5.408684909343719482e-02
2.675183303654193878e-02
-1.006471961736679077e-01
-1.140111964195966721e-02
5.530450865626335144e-02
-5.074318498373031616e-02
-3.425837680697441101e-02
-1.264491211622953415e-02
3.449344262480735779e-02
4.565231036394834518e-03
2.332290448248386383e-02
6.991186644881963730e-03
1.588881365023553371e-03
5.147302523255348206e-02
-4.593699052929878235e-02
-4.008017107844352722e-02
8.815809339284896851e-02
1.615215092897415161e-02
-1.734807714819908142e-02
2.316753938794136047e-02
-2.271288074553012848e-02
6.632578372955322266e-02
2.963326312601566315e-02
-8.466874249279499054e-03
-4.109678789973258972e-02
-2.060307934880256653e-02
-3.905791416764259338e-02
4.358983039855957031e-02
6.847751140594482422e-02
-1.393465790897607803e-02
-2.292230352759361267e-02
-2.308797836303710938e-02
-3.692650352604687214e-04
-3.042802214622497559e-02
-3.090524347499012947e-03
-2.482948452234268188e-02
-2.711007744073867798e-02
2.968822605907917023e-02
-2.864970639348030090e-02
-4.544143378734588623e-02
-3.600646182894706726e-02
3.645842522382736206e-02
4.792414978146553040e-02
3.491350635886192322e-02
1.061516068875789642e-02
-2.064280770719051361e-02
1.145625486969947815e-02
5.365071818232536316e-02
-9.763691574335098267e-02
-3.310112224426120520e-04
4.472042620182037354e-02
-3.533712774515151978e-02
-3.026150166988372803e-02
-4.640641156584024429e-03
4.403296485543251038e-02
-5.905166640877723694e-02
-3.740207850933074951e-02
-5.801496282219886780e-02
1.189936231821775436e-02
-2.410893701016902924e-02
4.270691052079200745e-02
3.125922381877899170e-02
-9.001080878078937531e-03
1.290052477270364761e-02
-3.817384596914052963e-03
-1.043796725571155548e-02
-1.968815363943576813e-02
-3.792542591691017151e-02
2.703696675598621368e-02
5.958491563796997070e-02
-3.036254271864891052e-02
2.261892892420291901e-03
-1.869938150048255920e-02
5.494138970971107483e-02
-1.139011513441801071e-02
-1.294357702136039734e-02
-3.300726786255836487e-02
7.717120461165904999e-03
-4.331997781991958618e-02
-1.166845858097076416e-02
-1.510887686163187027e-02
-2.235101908445358276e-02
1.506774220615625381e-02
3.174317255616188049e-02
-1.108884345740079880e-02
-6.302148848772048950e-02
2.946616383269429207e-03
-2.346648089587688446e-02
2.283641695976257324e-02
-1.284220907837152481e-02
-8.258539251983165741e-03
-2.092641219496726990e-02
2.459207177162170410e-02
1.912887394428253174e-02
1.512706559151411057e-02
3.315953910350799561e-02
1.295802462846040726e-02
-1.692716404795646667e-02
-2.723949588835239410e-02
1.420749584212899208e-03
-3.171685710549354553e-02
-2.058100700378417969e-02
-2.639156952500343323e-02
1.400336436927318573e-02
-6.417364347726106644e-03
-1.448446791619062424e-02
2.255280502140522003e-02
-3.429267182946205139e-02
-3.583348914980888367e-02
-1.902092061936855316e-02
5.833257362246513367e-02
5.128236953169107437e-03
-4.779806360602378845e-02
-5.796683207154273987e-02
1.231989939697086811e-03
-4.422643408179283142e-02
1.397254597395658493e-02
-2.327029360458254814e-03
2.746948786079883575e-02
-2.519793249666690826e-02
3.804758423939347267e-03
2.083761803805828094e-02
-1.119100302457809448e-02
6.543396413326263428e-02
-3.764627501368522644e-02
2.502819336950778961e-02
4.136692360043525696e-02
6.593593955039978027e-02
-7.357860449701547623e-04
2.326276153326034546e-02
3.056948259472846985e-02
1.565569080412387848e-02
-5.963792279362678528e-02
-3.125248476862907410e-02
5.238113179802894592e-02
1.123535726219415665e-02
-4.866648092865943909e-02
-3.395633539184927940e-03
1.359757501631975174e-02
6.684417836368083954e-03
2.646347507834434509e-02
1.819572970271110535e-02
-1.227734610438346863e-02
4.348776116967201233e-02
-2.853051386773586273e-02
2.739735133945941925e-02
2.641895972192287445e-02
-1.421619579195976257e-02
-4.103993996977806091e-02
-2.979589253664016724e-02
-6.076735910028219223e-03
-9.659572690725326538e-02
-9.425868280231952667e-03
1.349159423261880875e-02
-4.611545056104660034e-02
3.690690174698829651e-02
2.132560312747955322e-02
-4.241993278264999390e-02
1.089828908443450928e-01
8.810090273618698120e-02
3.169421851634979248e-02
-5.205301940441131592e-02
-4.539477452635765076e-02
-1.597009133547544479e-03
5.700024217367172241e-02
-1.195900607854127884e-02
-2.524561807513237000e-02
2.044164575636386871e-02
-1.073441561311483383e-02
-6.405305862426757812e-02
8.163373917341232300e-02
2.509920671582221985e-02
2.435682155191898346e-02
-4.677048418670892715e-03
-2.080505248159170151e-03
-1.853062584996223450e-02
4.646766930818557739e-02
4.764560982584953308e-02
-2.463200688362121582e-02
1.982276514172554016e-02
1.405753847211599350e-02
6.247569993138313293e-02
2.209869585931301117e-02
-2.752604335546493530e-02
-1.625813543796539307e-02
-2.591091580688953400e-02
1.217420026659965515e-02
-1.153154112398624420e-02
-3.596335649490356445e-03
8.156344294548034668e-02
1.077203080058097839e-02
2.203268185257911682e-02
1.973546482622623444e-02
-6.205380335450172424e-02
2.052078023552894592e-02
-6.162749975919723511e-02
2.370469644665718079e-02
1.904465444386005402e-02
4.598441068083047867e-03
2.005677297711372375e-02
6.717462092638015747e-02
-3.508707135915756226e-02
-6.556915491819381714e-02
-4.074644763022661209e-03
-1.598335802555084229e-02
-2.610270865261554718e-02
7.833008654415607452e-03
-2.898683771491050720e-02
3.209250420331954956e-02
-1.632170565426349640e-02
-3.774383291602134705e-02
-2.227228693664073944e-02
3.560569509863853455e-02
-7.909476757049560547e-03
4.523599520325660706e-02
7.693313062191009521e-02
2.943978086113929749e-02
-6.798926740884780884e-03
-1.453942432999610901e-02
-4.255588352680206299e-02
1.733431965112686157e-02
2.955727837979793549e-02
-4.289644304662942886e-03
-1.342737209051847458e-02
1.789976097643375397e-02
1.430444826837629080e-04
-1.531290542334318161e-02
-1.260010898113250732e-02
5.183431878685951233e-02
1.739762537181377411e-02
-9.628953412175178528e-03
-9.556572884321212769e-03
-9.395924396812915802e-03
2.766314521431922913e-02
-1.415302883833646774e-02
1.749880984425544739e-02
-3.353806585073471069e-02
3.699263930320739746e-02
7.518162950873374939e-03
1.219033077359199524e-02
-6.500215828418731689e-02
-2.465924248099327087e-02
-4.505841806530952454e-02
3.423200547695159912e-02
1.470846589654684067e-02
1.817581802606582642e-02
8.388369344174861908e-03
3.694160282611846924e-02
1.409107539802789688e-02
3.397118672728538513e-02
3.168379887938499451e-02
5.393194034695625305e-02
2.395067363977432251e-02
1.789053156971931458e-02
-1.171431597322225571e-02
-6.265522539615631104e-02
7.146995514631271362e-02
7.777926325798034668e-02
-5.144779384136199951e-02
-1.386148389428853989e-02
-1.833639107644557953e-02
7.766057387925684452e-04
5.856496281921863556e-03
5.146390944719314575e-02
4.364249110221862793e-02
3.382512927055358887e-02
-5.476184561848640442e-02
1.933445408940315247e-02
-5.500877276062965393e-03
3.741575777530670166e-02
2.914988249540328979e-02
3.790873661637306213e-02
1.681831106543540955e-02
8.439599722623825073e-02
-3.388144448399543762e-02
-1.501904148608446121e-02
4.584759846329689026e-02
-2.820627531036734581e-03
2.104935050010681152e-02
-3.072019107639789581e-02
3.463332355022430420e-02
1.454822346568107605e-02
-1.260242541320621967e-03
2.502045407891273499e-02
-3.254838986322283745e-03
8.581886067986488342e-03
2.652759663760662079e-02
2.801466733217239380e-02
2.179244160652160645e-02
-3.898919746279716492e-02
9.329697117209434509e-03
1.407805364578962326e-02
-5.339380353689193726e-02
1.204344793222844601e-03
-3.425630182027816772e-02
2.977822348475456238e-02
-8.222082629799842834e-03
-1.793440990149974823e-02
2.292453683912754059e-02
-8.814145810902118683e-03
