-2.228575199842453003e-02
4.391646385192871094e-02
7.624684274196624756e-02
-3.898791503161191940e-03
1.290351059287786484e-02
2.090734057128429413e-02
-1.059769745916128159e-02
-5.119023844599723816e-02
-3.663814812898635864e-02
-5.100005492568016052e-02
1.516104768961668015e-02
-4.860614240169525146e-02
1.007224619388580322e-01
-6.967552751302719116e-02
2.893246337771415710e-02
-7.568981498479843140e-02
6.605704873800277710e-02
2.078418619930744171e-02
-1.176300272345542908e-02
-3.938350826501846313e-02
-9.242493659257888794e-02
-1.278730668127536774e-02
1.384413149207830429e-02
-2.216376736760139465e-02
2.862583287060260773e-02
5.645475536584854126e-02
-2.310557849705219269e-02
-2.600917592644691467e-02
-3.444034606218338013e-02
4.819887876510620117e-02
1.074036806821823120e-01
3.113427199423313141e-02
-9.428222663700580597e-03
3.688451275229454041e-02
3.663267940282821655e-02
-4.238978773355484009e-02
-7.512882351875305176e-02
-3.093947283923625946e-02
-8.060709387063980103e-02
-7.378387264907360077e-03
6.732156500220298767e-03
4.634824395179748535e-02
1.895041018724441528e-02
-1.206280291080474854e-02
2.540297806262969971e-02
6.501975469291210175e-03
3.824120759963989258e-02
1.170483534224331379e-03
-8.175646886229515076e-03
2.741253189742565155e-02
-3.338639438152313232e-02
-2.193539403378963470e-02
-8.288370445370674133e-04
1.772174239158630371e-02
-8.041412569582462311e-03
-3.123568743467330933e-02
-3.639891510829329491e-03
-1.077216025441884995e-02
1.982945017516613007e-02
-4.539198242127895355e-03
-1.196963805705308914e-02
1.329741999506950378e-02
7.441799342632293701e-02
3.916205372661352158e-03
-3.573261667042970657e-03
-3.118147328495979309e-02
2.934631519019603729e-02
-2.817872911691665649e-02
5.320895463228225708e-02
6.438191980123519897e-02
1.918475143611431122e-02
-3.298499435186386108e-02
-4.529338330030441284e-02
1.608189754188060760e-02
5.299702659249305725e-02
3.489184007048606873e-02
-7.082570809870958328e-03
-3.485639812424778938e-03
-3.037931583821773529e-02
-2.660468220710754395e-02
2.978986874222755432e-02
-1.457698177546262741e-02
2.194041013717651367e-02
-2.431034483015537262e-02
-1.433476898819208145e-02
-3.958630375564098358e-03
7.093331217765808105e-02
-1.184654142707586288e-02
-7.109992951154708862e-02
4.151943698525428772e-02
-1.000650692731142044e-02
-1.134638264775276184e-01
7.245231885462999344e-03
-2.729189209640026093e-02
-8.942431770265102386e-03
3.731704130768775940e-02
3.437060862779617310e-03
-3.411810845136642456e-03
-1.278481353074312210e-02
4.392882063984870911e-02
3.219515830278396606e-02
-8.452120528090745211e-05
6.623411178588867188e-02
1.041204668581485748e-02
-3.927852027118206024e-03
2.800177317112684250e-03
8.637757040560245514e-03
-1.018641400150954723e-03
-2.726528421044349670e-02
-7.522821892052888870e-03
5.592185631394386292e-02
4.635515064001083374e-02
-2.725366503000259399e-02
1.038174144923686981e-02
-4.556090012192726135e-02
-1.719418447464704514e-03
3.825007006525993347e-02
-2.378885867074131966e-03
-8.791821449995040894e-02
-6.883957982063293457e-02
-2.244045957922935486e-02
3.575362637639045715e-02
2.911539375782012939e-02
2.472996152937412262e-02
-6.182935088872909546e-02
3.453835146501660347e-03
-5.795742198824882507e-02
6.524992175400257111e-03
-1.052501611411571503e-02
-1.614619046449661255e-02
-1.610065065324306488e-02
-2.698144130408763885e-02
-5.689478013664484024e-03
-5.954313278198242188e-02
2.126562781631946564e-02
3.372100740671157837e-02
-1.266818586736917496e-02
4.908420890569686890e-02
-2.516242489218711853e-02
-1.763013936579227448e-02
-3.417669236660003662e-02
3.168094530701637268e-02
-1.498882938176393509e-02
-6.213011592626571655e-02
1.381802000105381012e-02
1.638486236333847046e-02
-5.398982763290405273e-02
2.742084860801696777e-02
-2.268428727984428406e-02
-6.720454990863800049e-02
-4.894634184893220663e-05
3.629966452717781067e-02
1.122171524912118912e-02
-6.584750860929489136e-02
1.945858821272850037e-02
5.245707929134368896e-02
5.916532501578330994e-02
-4.758772999048233032e-02
3.632082045078277588e-02
-3.446660563349723816e-02
1.167983748018741608e-02
2.348615787923336029e-02
-1.627956330776214600e-02
-3.795120120048522949e-02
5.599987879395484924e-02
3.173685399815440178e-03
-2.645358676090836525e-03
4.760254174470901489e-02
4.107003659009933472e-02
3.906336426734924316e-02
3.764676302671432495e-02
-2.272656746208667755e-02
2.701196074485778809e-02
-4.269505850970745087e-03
-7.243127096444368362e-03
1.358190644532442093e-02
-3.287317603826522827e-02
2.993346378207206726e-02
1.996777579188346863e-02
-2.488527074456214905e-02
-4.295757412910461426e-02
3.058851510286331177e-02
2.053069323301315308e-02
2.560477703809738159e-02
-6.930340081453323364e-03
-1.163734029978513718e-02
-1.033388152718544006e-01
-2.118944190442562103e-02
-3.496621921658515930e-02
1.589878345839679241e-03
2.131095156073570251e-02
-2.565314806997776031e-02
4.841671884059906006e-02
-1.120112463831901550e-02
-4.882631450891494751e-02
4.408092051744461060e-02
-1.639691740274429321e-02
-2.184588462114334106e-02
-1.327169872820377350e-02
8.556639403104782104e-02
-2.017740719020366669e-02
4.193788021802902222e-02
1.608737371861934662e-02
-3.459098562598228455e-02
-3.875729814171791077e-02
-9.583286941051483154e-02
1.234604627825319767e-03
-4.521131888031959534e-02
3.186491131782531738e-02
4.147969186305999756e-02
3.276593238115310669e-02
1.180484052747488022e-02
-2.990043163299560547e-02
2.047195658087730408e-02
2.522104419767856598e-03
3.612193092703819275e-02
9.128775447607040405e-03
3.345399349927902222e-02
5.041234940290451050e-02
4.394439980387687683e-02
7.321978919208049774e-03
7.693378720432519913e-03
1.690859347581863403e-02
-7.556286640465259552e-03
4.712090641260147095e-02
4.547525569796562195e-02
1.202295068651437759e-02
5.026212707161903381e-02
5.557094514369964600e-02
-2.141686715185642242e-02
-1.950920373201370239e-02
2.718215063214302063e-02
3.626015037298202515e-02
-9.015030227601528168e-03
-7.912028580904006958e-02
4.873817414045333862e-02
-3.355877846479415894e-02
-3.576386719942092896e-03
-4.685445502400398254e-02
-3.844629228115081787e-02
1.851916313171386719e-03
-1.532152481377124786e-02
5.157076567411422729e-02
-3.921359777450561523e-02
-8.259518072009086609e-04
-2.337799035012722015e-02
7.942585647106170654e-02
-9.597761556506156921e-03
-1.689000986516475677e-02
-9.025217592716217041e-02
-4.260237514972686768e-02
-7.636196911334991455e-03
3.507717698812484741e-02
1.074209809303283691e-03
2.709921915084123611e-03
1.244792807847261429e-02
3.731688857078552246e-02
5.796060431748628616e-03
-4.018912464380264282e-02
-7.188346935436129570e-04
4.251844063401222229e-02
-4.791473504155874252e-03
-4.004242829978466034e-03
-4.924278706312179565e-02
5.532005056738853455e-02
-6.243655923753976822e-03
-1.745737902820110321e-02
-3.829918336123228073e-03
-9.018287062644958496e-03
-6.485737115144729614e-02
1.015756502747535706e-01
-8.901370689272880554e-03
9.725347161293029785e-03
-6.750747561454772949e-02
-2.558588422834873199e-02
-6.732725538313388824e-03
3.353920951485633850e-02
-2.630780450999736786e-03
9.410849772393703461e-03
8.299607783555984497e-02
-3.506666049361228943e-02
-7.016454637050628662e-02
-1.923088729381561279e-02
-3.258391469717025757e-02
-2.559871226549148560e-02
2.444464899599552155e-02
-3.965460136532783508e-02
-3.481196239590644836e-02
-3.255007043480873108e-02
-6.129190698266029358e-02
1.194758899509906769e-02
-1.576925814151763916e-02
-1.405292656272649765e-02
1.309295091778039932e-02
-6.915275752544403076e-02
-8.273581042885780334e-03
-7.936955243349075317e-02
-6.358171254396438599e-02
-7.407671958208084106e-02
2.355372719466686249e-02
-4.330034367740154266e-03
-3.906324878334999084e-02
-1.329925842583179474e-02
-1.187688950449228287e-02
-2.611014805734157562e-02
2.121593989431858063e-02
1.530412212014198303e-02
2.918069623410701752e-02
9.181489236652851105e-03
5.712558981031179428e-03
-2.156972698867321014e-02
2.470804937183856964e-02
1.694757374934852123e-03
4.334953147917985916e-03
1.738039031624794006e-02
6.740266922861337662e-03
1.551169250160455704e-02
6.303181871771812439e-03
3.247185051441192627e-02
-1.663186820223927498e-03
5.160644277930259705e-02
-4.321067035198211670e-02
1.026083305478096008e-01
-8.126346394419670105e-03
-2.172605134546756744e-02
-3.709771484136581421e-02
1.169011555612087250e-02
8.444503881037235260e-03
4.706238210201263428e-02
-6.303995102643966675e-02
6.818109005689620972e-02
1.918059960007667542e-02
-5.543122440576553345e-02
7.295377552509307861e-02
-3.246723115444183350e-02
4.804964736104011536e-02
-3.638450428843498230e-02
-3.548853844404220581e-02
-4.782415926456451416e-02
-4.129276145249605179e-03
1.698752306401729584e-02
3.095714747905731201e-02
2.042165584862232208e-02
-3.765339776873588562e-02
3.665710799396038055e-03
3.919945657253265381e-02
1.337762642651796341e-02
-1.653024926781654358e-02
6.189553532749414444e-03
8.996549993753433228e-03
-2.817870862782001495e-02
4.805723729077726603e-04
-3.388988599181175232e-02
7.596062868833541870e-02
-2.236765995621681213e-02
2.760235220193862915e-02
-4.416698217391967773e-02
-2.827955968677997589e-02
3.726060688495635986e-02
-3.116259351372718811e-02
-1.859215460717678070e-02
-1.041456218808889389e-02
5.587381869554519653e-02
8.422157913446426392e-02
-5.227731540799140930e-02
4.954754561185836792e-02
-2.144545689225196838e-02
1.374190021306276321e-02
1.828193664550781250e-03
-3.119485639035701752e-02
7.752789556980133057e-02
5.364176817238330841e-03
-1.040458772331476212e-02
5.042292177677154541e-02
5.487648770213127136e-02
-2.508081123232841492e-02
9.022010862827301025e-02
-5.833399482071399689e-03
-3.372207283973693848e-02
1.182985957711935043e-03
2.997548133134841919e-02
-2.327837422490119934e-02
4.472407698631286621e-02
-8.167231455445289612e-03
2.076934091746807098e-02
-4.043817520141601562e-03
3.745897114276885986e-02
-2.922757528722286224e-02
-3.359813243150711060e-02
5.557799339294433594e-02
-5.810258537530899048e-02
-4.873814433813095093e-02
1.482511870563030243e-02
-2.205307967960834503e-02
4.306957125663757324e-02
-6.571706850081682205e-03
-5.288745462894439697e-02
-2.854311652481555939e-02
-8.395191282033920288e-03
1.904025115072727203e-02
2.390187233686447144e-02
6.880619376897811890e-02
5.323617160320281982e-02
2.605206146836280823e-02
-5.149842426180839539e-02
-2.459441870450973511e-02
-8.009263873100280762e-02
-3.957898914813995361e-02
-3.077928163111209869e-02
5.549972876906394958e-02
3.398035839200019836e-02
-5.550619587302207947e-02
1.644993014633655548e-02
-5.352694168686866760e-02
1.727310940623283386e-02
4.497817717492580414e-03
-1.165515743196010590e-02
-1.370746176689863205e-02
3.293566033244132996e-02
3.445467352867126465e-02
9.701264090836048126e-03
1.352555118501186371e-02
-4.859417676925659180e-02
-4.105850122869014740e-03
8.250529319047927856e-02
1.510700955986976624e-02
5.515849962830543518e-02
1.535830926150083542e-02
-3.863258287310600281e-02
1.729921996593475342e-02
-2.210876904428005219e-02
-2.017462067306041718e-02
5.082055553793907166e-02
-2.625295426696538925e-03
6.365414243191480637e-03
3.779874369502067566e-02
-3.719254955649375916e-02
-5.126526206731796265e-02
-1.776821725070476532e-02
4.964391514658927917e-02
1.617239788174629211e-02
-8.656876161694526672e-03
-5.341101810336112976e-02
-9.115210920572280884e-02
-3.829863667488098145e-02
7.631282205693423748e-04
-1.241490803658962250e-02
1.510869152843952179e-02
7.886077277362346649e-03
-3.734587505459785461e-02
2.168242633342742920e-02
-3.068595007061958313e-02
3.168683499097824097e-02
4.163353890180587769e-02
-3.731195116415619850e-03
3.288805112242698669e-02
4.681672155857086182e-02
7.804097607731819153e-03
2.059107273817062378e-02
-4.747777432203292847e-02
-3.941808640956878662e-02
-3.261885372921824455e-03
5.187487695366144180e-03
2.892331033945083618e-02
-1.763657107949256897e-02
-5.464252829551696777e-02
-2.262816950678825378e-02
-2.039048634469509125e-02
-6.985943298786878586e-03
-2.747331745922565460e-02
3.604767471551895142e-02
5.060819908976554871e-02
9.665378369390964508e-03
-4.454269260168075562e-02
2.019231207668781281e-02
-6.336253881454467773e-02
-3.527777642011642456e-02
-2.172174677252769470e-02
2.803810685873031616e-02
1.485527399927377701e-02
-3.305279533378779888e-04
-6.105051189661026001e-02
-7.974967360496520996e-03
-1.885103061795234680e-02
-6.362556014209985733e-03
4.605225473642349243e-02
-9.832372888922691345e-03
1.953451335430145264e-02
-1.942746713757514954e-02
-4.150852560997009277e-02
-4.014201834797859192e-02
-3.411298990249633789e-02
4.543018713593482971e-02
2.365658991038799286e-02
-1.463396195322275162e-02
-1.141175162047147751e-02
-1.103554386645555496e-02
3.738830238580703735e-02
3.981985896825790405e-02
-2.074529416859149933e-02
2.829994820058345795e-02
-6.166111677885055542e-02
3.026054985821247101e-02
1.456570997834205627e-02
-1.148094050586223602e-02
-2.104602195322513580e-02
-5.394107848405838013e-02
4.704854637384414673e-02
-6.324066966772079468e-02
1.079305447638034821e-02
1.134696416556835175e-02
-2.695485949516296387e-02
7.076319889165461063e-04
1.176405232399702072e-02
-1.118248049169778824e-02
-6.923399865627288818e-03
6.629769690334796906e-03
1.981861703097820282e-02
-2.901124395430088043e-02
3.149881213903427124e-02
1.098079513758420944e-02
-4.893990978598594666e-02
-5.610164627432823181e-02
4.177874699234962463e-02
-1.394428033381700516e-02
4.020918626338243484e-03
3.284394741058349609e-03
2.379775792360305786e-02
4.090666398406028748e-02
-3.786951303482055664e-02
3.233132511377334595e-02
-7.817988283932209015e-03
2.751247026026248932e-02
-1.004905439913272858e-02
2.851811423897743225e-02
2.278787828981876373e-02
-5.702893435955047607e-02
2.867230772972106934e-02
1.701600663363933563e-02
-7.553776353597640991e-02
-5.345693230628967285e-02
-2.729407884180545807e-02
4.796190187335014343e-02
1.179064530879259109e-02
1.325385086238384247e-02
5.061251670122146606e-02
1.178637612611055374e-02
-3.567796200513839722e-02
5.795476958155632019e-03
-7.635605335235595703e-02
4.409074899740517139e-04
2.133756317198276520e-02
4.399829485919326544e-04
-3.395485505461692810e-02
6.817823648452758789e-02
-3.084358572959899902e-02
-1.223123632371425629e-02
-5.627601593732833862e-02
6.312254816293716431e-02
-1.076944172382354736e-02
-2.039209380745887756e-02
2.829324640333652496e-02
1.453339774161577225e-02
6.652493774890899658e-02
-1.280435826629400253e-02
5.851823091506958008e-02
7.445947080850601196e-02
2.650478668510913849e-02
1.020169071853160858e-02
1.473962422460317612e-02
2.579192072153091431e-02
1.422917749732732773e-02
7.789301685988903046e-03
5.411047488451004028e-02
-2.683400921523571014e-02
2.093924209475517273e-02
-1.522415969520807266e-02
-3.920801356434822083e-02
2.053264761343598366e-03
3.227673470973968506e-02
2.407210692763328552e-02
3.302294015884399414e-02
1.387375965714454651e-02
-9.088898077607154846e-03
5.590639263391494751e-02
5.916939675807952881e-02
-5.356487631797790527e-02
4.175136983394622803e-02
2.031893935054540634e-03
4.594089090824127197e-02
3.120343387126922607e-02
8.078629523515701294e-02
5.245911888778209686e-03
2.692178077995777130e-02
-1.274585071951150894e-02
5.955620855093002319e-02
-4.690907895565032959e-02
3.199835494160652161e-02
-1.390187907963991165e-02
3.668857365846633911e-02
1.674728700891137123e-03
-4.455033224076032639e-03
6.396217644214630127e-02
-3.111917525529861450e-02
9.272282943129539490e-03
1.122524961829185486e-02
-5.805000662803649902e-02
3.642664989456534386e-03
-1.415604259818792343e-02
4.803767055273056030e-02
5.681890994310379028e-02
-5.734499916434288025e-02
6.316382437944412231e-02
6.640464067459106445e-02
-3.005095012485980988e-02
6.439863890409469604e-02
3.123278357088565826e-02
4.678307473659515381e-02
9.695499390363693237e-02
-4.663658142089843750e-02
-6.345223635435104370e-02
-1.145720854401588440e-02
8.745324797928333282e-03
9.329974651336669922e-02
-6.343512982130050659e-02
1.536777243018150330e-03
-4.270080104470252991e-02
-6.037294492125511169e-02
8.608778566122055054e-02
-1.125063933432102203e-02
3.873467072844505310e-02
-3.358328714966773987e-02
-4.114012047648429871e-02
-3.151215985417366028e-02
2.656669169664382935e-02
2.499583549797534943e-02
2.579224295914173126e-02
-2.220316790044307709e-02
-5.517096072435379028e-02
-3.395621106028556824e-02
-6.339362263679504395e-02
3.878460847772657871e-04
2.090906538069248199e-02
3.417544439435005188e-02
-6.008710339665412903e-02
3.446638584136962891e-02
-6.793213076889514923e-03
-4.845905117690563202e-03
5.347003042697906494e-02
-7.232071366161108017e-03
-2.162635140120983124e-02
9.691502898931503296e-03
-5.479676276445388794e-02
1.427156291902065277e-02
-3.998197615146636963e-02
1.610223390161991119e-02
-2.176292985677719116e-02
5.522683635354042053e-02
1.057818531990051270e-01
3.115075454115867615e-02
-5.047044716775417328e-03
5.630510300397872925e-02
-5.062887910753488541e-03
-1.011939812451601028e-02
-1.261033769696950912e-02
-1.104629226028919220e-02
-1.958292676135897636e-03
2.139898715540766716e-03
-2.167632058262825012e-02
-5.259319394826889038e-02
-6.913886964321136475e-02
3.569729998707771301e-02
6.224400363862514496e-03
7.663800846785306931e-03
-3.159055858850479126e-02
4.193523526191711426e-02
2.338718809187412262e-02
-1.181718800216913223e-02
1.726927235722541809e-02
3.391248732805252075e-02
-5.496536940336227417e-02
-1.236013974994421005e-02
-5.101029202342033386e-02
8.006199263036251068e-03
1.121685355901718140e-01
-5.157632753252983093e-02
-3.456602245569229126e-02
-3.222349658608436584e-02
7.551438175141811371e-03
-9.346671402454376221e-03
1.058500632643699646e-02
-1.778838783502578735e-02
-2.018276043236255646e-02
-5.731255188584327698e-02
3.036201745271682739e-02
2.217392623424530029e-02
3.184541687369346619e-02
-6.126417964696884155e-02
-2.378543280065059662e-02
4.498130455613136292e-02
2.097558788955211639e-02
-9.626256301999092102e-03
5.958024878054857254e-03
3.589813597500324249e-03
-3.740417957305908203e-02
5.996059998869895935e-02
-2.378372661769390106e-02
-4.117763787508010864e-02
-2.831568382680416107e-02
7.286393549293279648e-03
1.819989271461963654e-02
1.971121691167354584e-02
-6.143965199589729309e-02
3.922912874259054661e-04
7.262189686298370361e-02
-1.277243159711360931e-02
2.242034859955310822e-02
-4.610926285386085510e-02
-4.455290734767913818e-02
3.359754919074475765e-04
1.238675415515899658e-02
7.054560631513595581e-02
2.175471186637878418e-02
2.151820436120033264e-02
-5.052592977881431580e-02
-1.276312302798032761e-02
7.778882980346679688e-02
-7.257496565580368042e-02
2.781074028462171555e-03
-5.215353332459926605e-03
-7.139369845390319824e-02
2.940911240875720978e-02
-2.931793592870235443e-02
-7.019907981157302856e-02
7.563567161560058594e-02
-4.632271081209182739e-02
1.998711377382278442e-02
1.540044555440545082e-03
2.627217769622802734e-02
3.478281199932098389e-02
-1.233912073075771332e-02
-4.053701832890510559e-02
6.824195384979248047e-02
8.856306783854961395e-03
-1.338745839893817902e-02
4.226332064718008041e-03
3.188380971550941467e-02
-8.293164893984794617e-03
-3.055453533306717873e-03
-3.975617885589599609e-02
3.117632865905761719e-02
9.183026850223541260e-03
5.582501646131277084e-03
1.777378097176551819e-02
8.271634578704833984e-03
1.303670275956392288e-02
1.620532386004924774e-02
-6.265987176448106766e-03
-2.443999797105789185e-02
-4.207688942551612854e-02
-5.027331411838531494e-02
-2.592421323060989380e-02
-5.775062367320060730e-02
2.685966528952121735e-02
3.243804723024368286e-02
-3.756318241357803345e-02
1.046664547175168991e-02
9.349605999886989594e-03
-8.611025288701057434e-03
-8.705300092697143555e-02
2.664987556636333466e-02
-3.522220626473426819e-02
-1.469289604574441910e-02
1.435627229511737823e-02
1.611639745533466339e-02
-9.767474234104156494e-02
1.250334549695253372e-02
7.249273359775543213e-03
2.290005097165703773e-03
1.804818050004541874e-03
2.220988832414150238e-02
6.451058201491832733e-03
3.409350290894508362e-02
3.807132830843329430e-03
-2.655139565467834473e-02
-4.397723451256752014e-02
-5.776378139853477478e-02
-1.930277794599533081e-02
-4.178704693913459778e-02
1.168359257280826569e-02
-3.511258587241172791e-02
6.191557273268699646e-02
-2.613967843353748322e-02
-3.327918425202369690e-02
-4.068791493773460388e-02
-1.041325367987155914e-02
3.476099297404289246e-02
-6.941024959087371826e-02
-2.219357760623097420e-03
-8.419779688119888306e-02
4.086543619632720947e-02
2.022351883351802826e-02
-3.943755291402339935e-03
1.894624717533588409e-02
2.937665209174156189e-03
-1.381544023752212524e-02
1.310743484646081924e-02
-3.852362558245658875e-02
-1.644147705519571900e-04
-2.503332495689392090e-02
-4.133447632193565369e-02
-4.425470903515815735e-02
6.402112543582916260e-03
3.206494078040122986e-02
4.040306806564331055e-02
-3.112078830599784851e-02
-4.938490688800811768e-02
-7.661941647529602051e-02
3.192369267344474792e-02
2.361754328012466431e-02
-1.868926919996738434e-02
5.444678291678428650e-02
1.947234570980072021e-02
-5.715895816683769226e-02
4.738329723477363586e-02
-8.969025686383247375e-03
-7.374817039817571640e-03
2.573858480900526047e-03
-2.420451305806636810e-02
-3.889393806457519531e-02
1.413429062813520432e-02
-3.999412804841995239e-02
3.351657465100288391e-02
2.307915873825550079e-02
-2.498360723257064819e-02
5.005132406949996948e-02
7.736523170024156570e-03
-4.313678294420242310e-02
1.015268638730049133e-02
-2.231648191809654236e-02
4.664160311222076416e-02
-8.269955404102802277e-03
-4.902822151780128479e-02
4.049234848935157061e-04
-8.524431847035884857e-03
4.353896528482437134e-02
7.802112028002738953e-03
-6.903964281082153320e-02
-2.270499058067798615e-02
-9.069862775504589081e-03
5.748352408409118652e-02
-5.910488218069076538e-02
-2.361203916370868683e-02
1.416682172566652298e-02
-2.663714624941349030e-02
-6.002509966492652893e-02
-8.530180901288986206e-02
-2.267977409064769745e-02
-3.896491974592208862e-02
-3.083019750192761421e-03
-1.476525887846946716e-02
-2.895008958876132965e-02
1.610306277871131897e-02
2.482261136174201965e-02
3.038047626614570618e-02
-7.035491615533828735e-02
-3.015596605837345123e-02
1.933741010725498199e-02
1.586470566689968109e-02
9.320708923041820526e-03
4.553578328341245651e-03
3.406492248177528381e-02
-5.261280387639999390e-02
7.621812820434570312e-02
-1.121302694082260132e-02
-4.670095629990100861e-03
-5.709739774465560913e-02
-1.359791262075304985e-03
-6.695806235074996948e-02
6.679932121187448502e-04
-2.598438784480094910e-02
1.330211875028908253e-03
-4.592981655150651932e-03
2.949168160557746887e-02
-2.193457912653684616e-03
3.467918932437896729e-02
4.022302478551864624e-02
3.406285122036933899e-02
-1.755623519420623779e-02
7.278922200202941895e-02
4.622343927621841431e-02
7.130498439073562622e-02
-1.407722011208534241e-02
-1.587315462529659271e-02
-6.347015500068664551e-02
-2.650070190429687500e-02
-5.369071289896965027e-02
3.117378801107406616e-02
1.268273685127496719e-02
-3.342966735363006592e-02
2.163714542984962463e-02
3.185019269585609436e-02
-1.587967039085924625e-03
-5.324060562998056412e-03
3.559698164463043213e-02
-1.735628768801689148e-02
-3.868237137794494629e-02
-3.733344748616218567e-02
-1.959590986371040344e-02
-5.622182972729206085e-03
-6.000348180532455444e-02
-3.392487764358520508e-02
-3.585588186979293823e-02
-3.444636613130569458e-02
9.775075595825910568e-04
-3.322438150644302368e-02
3.012196719646453857e-02
6.061432138085365295e-02
-1.410546153783798218e-02
1.397016830742359161e-02
9.882226586341857910e-03
5.319592729210853577e-02
2.954827062785625458e-02
-1.681283675134181976e-02
1.270187459886074066e-02
6.570660322904586792e-02
-9.231888689100742340e-03
4.848941229283809662e-03
-6.314700096845626831e-02
3.477056324481964111e-02
1.717691868543624878e-02
-2.232782356441020966e-02
-3.067706897854804993e-02
-1.127737388014793396e-02
-3.049667365849018097e-02
-9.933224879205226898e-03
8.125287294387817383e-02
5.284428969025611877e-02
1.206263434141874313e-02
2.267928421497344971e-02
2.497055754065513611e-02
-4.535846039652824402e-02
6.317640095949172974e-02
-2.567161805927753448e-02
7.005135063081979752e-03
1.794454455375671387e-02
6.806831806898117065e-03
9.327305597253143787e-04
8.441162109375000000e-02
4.679959267377853394e-02
-1.012706197798252106e-02
-1.185452006757259369e-02
-2.473031729459762573e-02
5.038705468177795410e-02
5.525289475917816162e-02
5.652799457311630249e-02
-7.454143464565277100e-02
-7.986882328987121582e-02
2.754344139248132706e-03
4.136982373893260956e-03
-3.973504528403282166e-02
1.742375642061233521e-02
-2.896905690431594849e-02
2.790708839893341064e-02
-9.269852191209793091e-03
-5.350785702466964722e-02
5.690086260437965393e-02
-5.021622031927108765e-02
-9.422470815479755402e-03
-2.415875345468521118e-02
-4.508551582694053650e-02
-5.731505341827869415e-03
-2.262785658240318298e-02
8.974773809313774109e-03
-1.203049556352198124e-03
3.944865241646766663e-02
1.835207641124725342e-02
1.731990650296211243e-02
4.695187509059906006e-02
-1.066039782017469406e-02
2.594248391687870026e-03
-5.717335268855094910e-02
-2.633598819375038147e-02
6.525589269585907459e-04
2.754229120910167694e-02
-2.837061882019042969e-03
2.263717167079448700e-02
-4.352076444774866104e-03
-1.003827317617833614e-03
2.116641029715538025e-02
4.706798586994409561e-03
-9.894514456391334534e-03
-2.674791539902798831e-05
3.579596430063247681e-02
5.645797401666641235e-02
3.917469084262847900e-02
1.053798850625753403e-02
-2.881565876305103302e-02
-4.083191510289907455e-03
2.926721796393394470e-02
-7.192398421466350555e-03
-3.375248238444328308e-02
-2.323425933718681335e-02
-2.263157442212104797e-02
-2.615205943584442139e-02
3.276136890053749084e-02
-5.609386600553989410e-03
-2.231429703533649445e-02
-6.673027575016021729e-02
2.225907333195209503e-02
1.044550910592079163e-02
-1.637668465264141560e-03
3.415054082870483398e-02
-6.111208721995353699e-02
-2.948146127164363861e-02
-3.644545003771781921e-02
-6.368958950042724609e-02
-7.470128685235977173e-02
-1.979726739227771759e-02
1.321889180690050125e-02
-7.017406076192855835e-02
-4.900568723678588867e-02
-4.781910404562950134e-02
1.636760309338569641e-02
