-3.144890442490577698e-02
-7.013346068561077118e-03
2.057655910903122276e-05
-1.797657646238803864e-02
8.601909503340721130e-03
-7.746447809040546417e-03
-3.150858730077743530e-02
3.769223764538764954e-02
-9.988603182137012482e-03
-2.515878342092037201e-02
4.730628803372383118e-02
-1.103776786476373672e-02
-5.632231384515762329e-02
9.715628810226917267e-03
2.103350684046745300e-02
-2.263499051332473755e-02
2.631800062954425812e-02
1.801025867462158203e-02
-8.406827109865844250e-04
5.743268132209777832e-02
-1.518529746681451797e-02
3.955832123756408691e-02
5.021490622311830521e-03
-2.965181879699230194e-02
7.919027470052242279e-03
-2.173990011215209961e-03
2.835568226873874664e-02
2.621905412524938583e-03
1.450914051383733749e-02
2.258164994418621063e-02
-2.655219472944736481e-02
-1.065116096287965775e-02
6.222042255103588104e-03
8.116004755720496178e-04
-3.006126545369625092e-02
-6.127001717686653137e-03
1.481517776846885681e-02
2.256386913359165192e-02
1.389261521399021149e-02
3.532150015234947205e-02
3.897796571254730225e-02
-8.091443218290805817e-03
3.582526370882987976e-02
3.358158841729164124e-02
-4.563625529408454895e-02
-2.147772349417209625e-02
3.877064958214759827e-02
2.756650000810623169e-02
-2.119136415421962738e-02
-2.167529985308647156e-02
1.851105317473411560e-02
-2.897049859166145325e-02
-1.751939579844474792e-02
3.800962120294570923e-02
-1.610282994806766510e-02
1.167858205735683441e-02
-4.280666355043649673e-03
6.017545610666275024e-02
-8.591758087277412415e-03
2.404651977121829987e-02
1.113509992137551308e-03
-6.979279685765504837e-03
-7.088550180196762085e-02
-5.717696622014045715e-03
-1.926127937622368336e-03
5.619612336158752441e-02
-1.831648498773574829e-02
-5.967123433947563171e-03
8.195347152650356293e-03
-3.574111312627792358e-02
7.981552183628082275e-02
2.171096391975879669e-02
-5.052350834012031555e-02
1.855429075658321381e-02
-1.010483037680387497e-02
-2.501046098768711090e-02
-4.149662330746650696e-02
2.332039177417755127e-02
1.833009533584117889e-02
3.663532808423042297e-02
9.638911113142967224e-03
2.298545558005571365e-03
3.472684696316719055e-02
-7.503462955355644226e-03
5.856716074049472809e-03
1.992828026413917542e-02
1.682674163021147251e-03
-6.017107516527175903e-02
4.168013576418161392e-03
1.159527990967035294e-02
4.292604699730873108e-02
-1.829771936172619462e-04
-7.879756391048431396e-03
-5.140899494290351868e-02
3.899563476443290710e-02
-3.586989268660545349e-02
1.781366206705570221e-02
2.518180571496486664e-02
-2.549964468926191330e-03
-2.886848524212837219e-02
-6.925581395626068115e-02
1.225203275680541992e-03
-8.467111736536026001e-03
-3.728710114955902100e-02
-7.231658697128295898e-02
-3.005446307361125946e-02
5.303234234452247620e-02
9.539976716041564941e-03
3.464719653129577637e-02
1.651416532695293427e-02
-1.015448663383722305e-02
8.827227167785167694e-03
2.729356288909912109e-02
-2.804108196869492531e-03
2.049468830227851868e-02
-2.112824097275733948e-02
-7.611558306962251663e-03
-6.700100749731063843e-02
-2.715623565018177032e-02
-1.085875183343887329e-02
-6.350555922836065292e-03
6.497327238321304321e-03
-6.691778451204299927e-02
1.894661597907543182e-02
1.059083081781864166e-02
8.773119747638702393e-02
1.434413902461528778e-02
4.693061485886573792e-02
-7.646410912275314331e-02
-6.281361728906631470e-02
3.605094971135258675e-03
1.657072454690933228e-02
-6.293329875916242599e-03
4.731979221105575562e-02
-3.089275676757097244e-03
7.177325896918773651e-03
6.452944129705429077e-03
-9.395016729831695557e-02
6.270899623632431030e-02
4.522661119699478149e-02
-7.045969832688570023e-03
-6.983242928981781006e-02
1.124510169029235840e-02
8.020141161978244781e-03
-1.451702695339918137e-02
-6.412971764802932739e-02
6.775526702404022217e-02
2.621867880225181580e-02
6.300853937864303589e-02
-4.886442795395851135e-02
-2.074252068996429443e-02
8.322120457887649536e-02
-6.684642285108566284e-02
1.644266955554485321e-02
2.132380567491054535e-02
2.774049900472164154e-02
-8.647592365741729736e-02
-2.663743682205677032e-02
8.230639621615409851e-03
-2.247839421033859253e-02
-4.544899333268404007e-03
-4.959794878959655762e-02
-7.187794893980026245e-02
-6.822162121534347534e-02
-2.111116237938404083e-02
1.329766958951950073e-02
-5.723418295383453369e-02
4.576811194419860840e-02
-1.179117243736982346e-03
-6.247397512197494507e-03
2.637798339128494263e-02
-3.112300299108028412e-02
-3.579825907945632935e-02
-7.405321300029754639e-02
1.191313378512859344e-02
-1.946320384740829468e-02
-1.798928901553153992e-02
7.007741928100585938e-02
-4.280179366469383240e-02
9.460048750042915344e-03
6.744962185621261597e-02
6.971516460180282593e-02
-4.160530865192413330e-02
7.168150693178176880e-02
-2.299157343804836273e-02
-1.762816682457923889e-02
5.495066195726394653e-02
5.373108386993408203e-02
3.841291368007659912e-02
1.688962988555431366e-02
-2.405727747827768326e-03
-7.813222706317901611e-02
-1.692315749824047089e-02
-4.964253306388854980e-02
-3.841789811849594116e-02
4.911548271775245667e-02
7.152970135211944580e-02
1.778269931674003601e-02
-1.546564605087041855e-02
-3.274343162775039673e-02
3.612555563449859619e-02
5.066218599677085876e-02
1.086052879691123962e-02
9.061886928975582123e-03
5.776271224021911621e-03
-1.826886273920536041e-02
-5.239427462220191956e-02
-1.724232174456119537e-02
1.752307452261447906e-02
4.428598098456859589e-03
2.231030538678169250e-02
-7.625374477356672287e-03
1.307028159499168396e-02
-1.007067877799272537e-02
1.701333932578563690e-02
9.190903045237064362e-03
-3.079091664403676987e-03
-3.958487883210182190e-02
-4.371479898691177368e-02
-2.150237001478672028e-02
3.076862730085849762e-02
1.700409129261970520e-02
-9.535905905067920685e-03
-1.690091192722320557e-02
1.927099190652370453e-02
-6.280330708250403404e-04
3.157068789005279541e-02
2.584860101342201233e-02
5.477374419569969177e-02
1.405891403555870056e-02
-3.015171736478805542e-02
-9.743421338498592377e-03
-7.202734053134918213e-02
-9.404063224792480469e-03
1.211276557296514511e-02
1.355705596506595612e-02
-6.466728635132312775e-03
-4.302230477333068848e-02
-4.196330532431602478e-02
-4.977707192301750183e-02
-6.030383333563804626e-02
-7.074594032019376755e-03
6.164766848087310791e-02
-2.395242452621459961e-02
-4.935232922434806824e-02
3.014737553894519806e-02
-3.423674777150154114e-02
-7.330048829317092896e-02
3.165069734677672386e-03
-7.391845434904098511e-02
-1.033401116728782654e-02
-3.294257074594497681e-02
3.105986863374710083e-02
-1.185494102537631989e-02
-4.526325315237045288e-02
2.018567919731140137e-02
-1.033943146467208862e-02
6.647028774023056030e-02
2.078639157116413116e-02
-4.707142245024442673e-03
-3.348514437675476074e-02
3.894273191690444946e-02
6.277544051408767700e-02
1.750382594764232635e-02
-1.634218357503414154e-02
-1.385323144495487213e-02
5.109301954507827759e-02
-4.961705207824707031e-02
-1.442776340991258621e-02
-3.970159217715263367e-03
-1.988266408443450928e-02
-1.369224395602941513e-02
7.804182171821594238e-02
-4.718062933534383774e-03
3.794031217694282532e-02
5.466437712311744690e-02
-5.998590029776096344e-03
-2.640727674588561058e-03
-3.854991495609283447e-02
-3.157519176602363586e-02
-3.565832972526550293e-02
3.440839797258377075e-02
5.145092494785785675e-03
1.113855559378862381e-02
6.280576437711715698e-02
-5.370474234223365784e-02
-1.780717261135578156e-02
2.574795670807361603e-02
-9.380581788718700409e-03
2.610266208648681641e-03
2.508826553821563721e-02
8.772508054971694946e-02
-4.179992526769638062e-02
3.265086794272065163e-03
-5.461486987769603729e-03
-3.317757695913314819e-02
1.757773198187351227e-02
-2.389017865061759949e-02
3.851264342665672302e-02
-5.296737328171730042e-02
-1.262955553829669952e-02
-3.531469032168388367e-02
-5.904157646000385284e-03
2.602177113294601440e-02
5.815292242914438248e-03
7.569734752178192139e-02
2.988040447235107422e-03
-6.607066094875335693e-02
7.952727377414703369e-02
2.685100398957729340e-02
-4.506004229187965393e-02
1.281372923403978348e-02
1.473502349108457565e-02
5.134383589029312134e-02
-1.949678361415863037e-02
-1.474597677588462830e-02
-3.686763346195220947e-02
-1.550794672220945358e-02
3.625783324241638184e-02
2.206572704017162323e-02
-3.531770780682563782e-03
3.212043270468711853e-02
4.119936376810073853e-03
4.213226214051246643e-02
7.860088348388671875e-02
4.214917495846748352e-02
1.761509105563163757e-02
4.436916485428810120e-02
-1.426874892786145210e-03
4.059397801756858826e-02
-2.281372994184494019e-02
-1.163872703909873962e-02
5.334213376045227051e-02
1.080785784870386124e-02
1.117285154759883881e-02
5.565735697746276855e-02
2.334340848028659821e-02
-1.145580317825078964e-02
2.826332487165927887e-02
-5.339112505316734314e-02
1.055709086358547211e-02
1.626964099705219269e-02
-4.702674970030784607e-02
-2.470758371055126190e-02
-2.717017009854316711e-02
-1.868874533101916313e-03
-3.825388103723526001e-02
7.537227589637041092e-03
1.038507837802171707e-02
5.029648076742887497e-03
6.870886427350342274e-04
5.382116883993148804e-02
1.951411366462707520e-03
1.568180136382579803e-02
4.584176465868949890e-02
-1.654735067859292030e-03
5.605169385671615601e-02
3.280159085988998413e-02
1.231545582413673401e-02
-7.088115904480218887e-03
2.434140630066394806e-02
1.945005729794502258e-02
-9.385267272591590881e-03
-2.192457579076290131e-02
2.598918601870536804e-02
7.212281972169876099e-02
3.283299878239631653e-02
3.279143571853637695e-02
5.676225572824478149e-02
1.278421841561794281e-02
-4.303547739982604980e-02
-1.738022640347480774e-02
-8.300890773534774780e-02
-2.384003810584545135e-02
4.079958796501159668e-02
-4.740041866898536682e-02
2.498389687389135361e-03
-2.636431157588958740e-02
-1.851018168963491917e-04
2.494418621063232422e-02
-1.271583233028650284e-02
-6.525678187608718872e-02
3.603770583868026733e-02
5.674898996949195862e-02
-7.729327678680419922e-02
-1.332271099090576172e-02
-7.309886813163757324e-02
1.520291669294238091e-03
-6.123507861047983170e-03
5.858481302857398987e-02
-7.769196759909391403e-03
4.873050376772880554e-03
-4.682492092251777649e-02
8.966432884335517883e-03
5.105187743902206421e-02
2.717502228915691376e-02
-1.214748900383710861e-02
-5.505551584064960480e-03
6.576986610889434814e-02
4.319657012820243835e-02
4.630285874009132385e-02
8.184034959413111210e-04
-3.043710626661777496e-02
-3.032929822802543640e-02
-3.907360136508941650e-02
-1.929941959679126740e-02
2.983506023883819580e-02
1.961634866893291473e-02
8.896462619304656982e-03
-2.740965411067008972e-02
-1.175797637552022934e-02
4.501932114362716675e-02
-2.129791676998138428e-02
-3.496568650007247925e-02
3.713751677423715591e-03
2.789438515901565552e-02
3.716957941651344299e-02
-1.111757662147283554e-02
7.387734204530715942e-02
-5.601974576711654663e-02
1.094759162515401840e-02
5.104580521583557129e-02
6.755144894123077393e-02
-5.626770853996276855e-02
-5.599683150649070740e-02
1.524077448993921280e-02
9.148855693638324738e-03
-2.607752010226249695e-02
-6.977276061661541462e-04
-6.774381268769502640e-03
-1.081135682761669159e-02
1.389576401561498642e-02
8.361766114830970764e-03
-1.438982039690017700e-02
-9.283768944442272186e-03
5.994467530399560928e-03
4.084863886237144470e-02
8.038883656263351440e-02
3.950232174247503281e-03
1.039676964282989502e-01
-4.858381580561399460e-03
3.106907196342945099e-02
-4.804583638906478882e-02
4.831559211015701294e-02
6.710348278284072876e-02
-5.799334123730659485e-02
-1.892730593681335449e-02
-3.394605964422225952e-02
5.346228927373886108e-02
8.408664725720882416e-03
4.452085122466087341e-02
-1.675598695874214172e-02
2.652952261269092560e-02
-2.470188029110431671e-02
2.894119918346405029e-02
-1.631658151745796204e-02
-6.133785843849182129e-02
-2.378254942595958710e-02
-2.095198445022106171e-02
2.461115363985300064e-03
8.286206983029842377e-03
4.607187584042549133e-03
-3.952682018280029297e-02
5.340846627950668335e-02
-2.748502790927886963e-02
-8.455145172774791718e-03
6.516213063150644302e-03
-9.959958493709564209e-03
-2.991964854300022125e-02
1.167776808142662048e-02
4.452245309948921204e-02
3.031534142792224884e-02
2.373895980417728424e-02
-1.322165038436651230e-02
3.050257824361324310e-02
-8.288308978080749512e-03
1.501886360347270966e-02
-6.589554995298385620e-02
3.724160790443420410e-02
-5.012936145067214966e-02
5.165984481573104858e-02
5.026117712259292603e-02
2.529014647006988525e-02
5.451723933219909668e-02
-2.379798330366611481e-03
-6.839839369058609009e-02
1.291980128735303879e-02
-7.986532896757125854e-02
-1.967591047286987305e-02
1.123909838497638702e-02
-2.808884903788566589e-02
-2.790745161473751068e-02
6.076233834028244019e-02
-1.212122663855552673e-02
1.390074379742145538e-02
2.056309953331947327e-02
7.951103150844573975e-03
2.406707778573036194e-02
-1.895248144865036011e-02
-4.962230846285820007e-02
-1.753034256398677826e-02
-2.934444136917591095e-02
1.975946500897407532e-02
2.859863452613353729e-02
5.759513750672340393e-02
4.988748207688331604e-02
-2.869180217385292053e-02
1.053089462220668793e-02
2.195542491972446442e-02
-3.663032129406929016e-02
2.969272062182426453e-02
2.783104591071605682e-02
2.391974255442619324e-02
-4.953074268996715546e-03
-2.915431186556816101e-02
5.205752700567245483e-02
3.510578721761703491e-02
-4.042243584990501404e-02
-4.382161423563957214e-02
-1.137549988925457001e-02
-1.261478522792458534e-03
4.057331755757331848e-02
-1.013514958322048187e-02
4.742984846234321594e-02
9.075806476175785065e-03
-3.494374826550483704e-02
-2.340390579774975777e-03
-5.589475482702255249e-02
8.491044864058494568e-03
3.004059009253978729e-02
-5.232981964945793152e-02
-4.479933902621269226e-02
4.741505533456802368e-02
2.463389188051223755e-02
4.633183032274246216e-02
-1.077864132821559906e-02
1.202662196010351181e-02
7.095072418451309204e-03
1.519753318279981613e-02
-1.667918451130390167e-02
4.198253527283668518e-02
2.893991582095623016e-02
1.108330115675926208e-02
-2.467191405594348907e-02
-2.371502667665481567e-02
2.579831331968307495e-02
-9.209421463310718536e-03
7.402672618627548218e-02
-4.720334336161613464e-02
-2.514022774994373322e-02
-2.225630171597003937e-02
4.328955337405204773e-02
4.781372100114822388e-02
-9.847731329500675201e-03
-1.820801198482513428e-02
6.242842599749565125e-02
-2.180255204439163208e-02
8.529842598363757133e-04
4.923648387193679810e-02
-1.788837718777358532e-03
-1.333600282669067383e-02
-4.509561136364936829e-02
-2.611582353711128235e-02
-9.551733732223510742e-03
1.356277789454907179e-04
-6.441607605665922165e-03
4.411777481436729431e-03
-6.213930249214172363e-02
-4.130870476365089417e-02
-5.331382155418395996e-02
1.918970979750156403e-02
2.124167419970035553e-02
6.737306248396635056e-03
-1.591821084730327129e-03
1.239087525755167007e-02
-2.464946918189525604e-02
-6.210340559482574463e-02
-5.367293208837509155e-02
-1.242410857230424881e-02
4.407463967800140381e-02
1.116024423390626907e-02
3.754527494311332703e-02
-1.626287959516048431e-02
8.423598110675811768e-02
2.585030905902385712e-02
1.984295062720775604e-02
-4.087615385651588440e-02
-2.244827337563037872e-02
1.428669970482587814e-02
8.579055964946746826e-02
3.816634416580200195e-03
-3.932519629597663879e-02
-6.865880638360977173e-02
1.815806701779365540e-02
2.554711140692234039e-02
-3.639481216669082642e-02
-3.379280492663383484e-02
1.261902600526809692e-02
-5.522469803690910339e-02
-1.807335391640663147e-02
4.144356120377779007e-03
-5.935587733983993530e-02
-3.763342648744583130e-02
-4.104666411876678467e-02
-3.833093494176864624e-02
1.977687934413552284e-03
8.484930545091629028e-02
-1.302055665291845798e-03
-4.688632208853960037e-03
-1.824487186968326569e-02
-1.163242850452661514e-02
4.087767750024795532e-02
-2.678630873560905457e-02
4.724653437733650208e-02
-3.919153288006782532e-02
-9.393860236741602421e-04
1.024941056966781616e-01
-5.066509917378425598e-02
4.476785287261009216e-02
-5.875471979379653931e-02
-1.709084771573543549e-02
-2.797053195536136627e-02
-5.579769238829612732e-02
-1.563103683292865753e-02
1.642379723489284515e-02
3.283428028225898743e-02
-3.879435732960700989e-02
3.257110714912414551e-02
-3.028643131256103516e-02
-2.624270133674144745e-02
1.568778976798057556e-02
-1.353683415800333023e-02
2.159498259425163269e-02
-7.498984690755605698e-03
-9.787417948246002197e-03
-7.808880880475044250e-03
-1.603201031684875488e-03
-1.744473725557327271e-02
-9.215855970978736877e-03
8.291736245155334473e-02
-6.833687890321016312e-03
1.407197490334510803e-02
-4.742540419101715088e-02
-2.301770634949207306e-02
-5.193563643842935562e-03
-1.861663721501827240e-02
-3.016032092273235321e-02
2.014132030308246613e-02
-2.758104354143142700e-02
-2.223255671560764313e-02
2.136256173253059387e-02
-4.833625257015228271e-02
4.308332130312919617e-02
-2.051188796758651733e-02
-3.160352632403373718e-02
9.661173447966575623e-03
1.091949827969074249e-02
3.784834221005439758e-02
4.402110353112220764e-03
1.910798437893390656e-02
2.887011691927909851e-02
2.780709043145179749e-02
1.197598129510879517e-02
3.061949461698532104e-02
-2.168479003012180328e-02
9.106583893299102783e-03
-1.812960393726825714e-02
-1.225319784134626389e-02
-7.319217082113027573e-03
6.760393735021352768e-03
-5.385752883739769459e-04
-6.396780256181955338e-03
-3.731632896233350039e-04
-1.672066189348697662e-02
1.500845653936266899e-03
-1.303035300225019455e-02
-5.861125886440277100e-02
-1.162528712302446365e-02
-3.973659873008728027e-02
3.158391639590263367e-02
-3.485487401485443115e-02
5.063192918896675110e-02
-1.167314592748880386e-02
9.707373566925525665e-03
-5.743349716067314148e-02
-4.812672734260559082e-02
1.685763895511627197e-02
-2.837099693715572357e-02
-2.805449068546295166e-02
-4.551266785711050034e-03
-5.074217915534973145e-02
2.588626556098461151e-02
-1.101384498178958893e-02
-2.296305820345878601e-02
8.798347786068916321e-03
2.018895372748374939e-02
-9.131994098424911499e-03
-4.715246334671974182e-02
-7.032759021967649460e-03
4.976353794336318970e-02
-4.723184183239936829e-02
-6.149162352085113525e-02
-6.968135479837656021e-03
2.411168534308671951e-03
-6.417330354452133179e-03
2.955219335854053497e-02
-4.327972978353500366e-02
3.864613594487309456e-03
-6.849847268313169479e-03
-3.619442507624626160e-02
2.410591207444667816e-02
-4.903412982821464539e-02
2.116191573441028595e-02
-5.017105489969253540e-02
4.409661889076232910e-02
2.218010090291500092e-02
5.424468591809272766e-02
-1.437937840819358826e-02
-3.000795654952526093e-02
3.177647665143013000e-02
3.438973426818847656e-02
-4.661124572157859802e-02
-1.180355530232191086e-02
-1.036720201373100281e-01
4.847350716590881348e-02
-3.014503046870231628e-03
-9.863078594207763672e-04
-4.797613248229026794e-02
6.399693340063095093e-02
6.776989996433258057e-02
-3.306205198168754578e-02
-3.373004123568534851e-02
2.653259551152586937e-03
1.897771656513214111e-02
9.667614358477294445e-05
-4.028529301285743713e-02
5.605486035346984863e-02
-1.618697680532932281e-02
1.067780517041683197e-02
1.344163808971643448e-02
-3.306749090552330017e-02
-2.277826424688100815e-03
1.450566458515822887e-03
-7.076594978570938110e-03
4.284007940441370010e-03
7.931454479694366455e-02
-1.695839315652847290e-02
8.750264346599578857e-02
4.525906220078468323e-02
-1.746925339102745056e-02
3.368861600756645203e-02
-8.009015023708343506e-02
1.125321350991725922e-02
-3.551170229911804199e-03
9.734438732266426086e-03
-5.262382701039314270e-02
6.093683652579784393e-03
6.537532061338424683e-02
-2.115656808018684387e-02
-5.593475885689258575e-03
4.661881551146507263e-02
-3.230424225330352783e-02
2.191795222461223602e-02
-7.865474373102188110e-02
3.952306136488914490e-02
-3.432445926591753960e-03
-5.873638764023780823e-02
-1.503630541265010834e-02
3.928885608911514282e-02
-2.079116553068161011e-02
-1.357871666550636292e-02
-4.685792326927185059e-02
2.635307423770427704e-02
-2.493378333747386932e-02
-4.532085359096527100e-02
-2.320674248039722443e-02
9.516186080873012543e-03
-3.491058945655822754e-02
2.118731290102005005e-02
1.769406348466873169e-02
8.158422075212001801e-03
7.654262706637382507e-03
-1.690239645540714264e-02
3.389920294284820557e-02
2.044172212481498718e-02
-5.926144495606422424e-02
3.431173413991928101e-02
7.947223260998725891e-03
-4.641030728816986084e-02
3.488923236727714539e-02
-1.970915868878364563e-02
4.378195852041244507e-02
-5.367122590541839600e-02
-2.240547910332679749e-02
-2.859120815992355347e-02
-3.043991141021251678e-02
-3.621534211561083794e-03
-8.656764402985572815e-03
-8.898555487394332886e-02
1.086350530385971069e-02
2.471828646957874298e-02
2.924150414764881134e-02
-3.271799162030220032e-02
1.255555264651775360e-02
7.676284760236740112e-02
-5.677980929613113403e-02
-4.110691323876380920e-02
3.238232433795928955e-02
-3.946802392601966858e-02
6.664292514324188232e-02
1.449958188459277153e-03
4.266076907515525818e-02
1.347729936242103577e-02
-4.364833608269691467e-02
5.258217081427574158e-02
4.549806192517280579e-02
-1.717307046055793762e-02
-6.072274991311132908e-04
-6.047634035348892212e-02
-3.224769607186317444e-02
4.757862538099288940e-02
-2.222461253404617310e-02
-5.629033222794532776e-02
-7.392714172601699829e-02
-9.253919124603271484e-04
4.890873283147811890e-02
-2.006519585847854614e-02
-2.710014581680297852e-03
-4.195860121399164200e-03
4.218913242220878601e-02
-3.081433661282062531e-02
-6.101106759160757065e-03
-2.093197032809257507e-02
-1.183042023330926895e-02
2.990298159420490265e-02
1.702292636036872864e-02
-1.418813783675432205e-02
-6.615411490201950073e-02
-9.178861975669860840e-03
1.785171451047062874e-03
-5.842806398868560791e-02
4.242356494069099426e-02
2.024426311254501343e-02
4.587908834218978882e-02
4.790728911757469177e-02
-7.767366478219628334e-04
-1.915348693728446960e-02
-7.987716048955917358e-02
4.636805877089500427e-02
2.299782074987888336e-02
-1.361607760190963745e-02
4.922678321599960327e-02
-1.684000343084335327e-02
-1.169083453714847565e-02
-1.170762553811073303e-01
1.030079671181738377e-03
-5.535242334008216858e-02
-1.822250522673130035e-02
-4.316879436373710632e-02
1.661563292145729065e-02
-3.014005720615386963e-02
-3.209468349814414978e-02
-3.146468102931976318e-02
5.121420696377754211e-02
4.577771574258804321e-02
8.021776564419269562e-03
8.666132926009595394e-04
-6.136104837059974670e-02
-8.924582973122596741e-03
-1.033961866050958633e-02
-6.043080613017082214e-02
8.509112149477005005e-02
-1.070677675306797028e-02
3.139349818229675293e-02
2.037857659161090851e-02
1.590126939117908478e-02
3.411927446722984314e-02
1.698396168649196625e-02
5.993983894586563110e-02
-3.869071230292320251e-02
5.139563232660293579e-02
1.414559432305395603e-03
5.380969494581222534e-02
-1.539077796041965485e-02
-4.149841144680976868e-02
3.496482968330383301e-02
3.396149724721908569e-02
3.084389492869377136e-02
1.676890254020690918e-02
-8.824047632515430450e-03
-7.980471849441528320e-02
1.069456189870834351e-01
7.456284482032060623e-03
5.403755605220794678e-02
5.279498174786567688e-02
2.283506328240036964e-03
-7.786225527524948120e-03
5.717993155121803284e-02
1.929394900798797607e-02
-4.797993600368499756e-02
5.913075059652328491e-02
-1.986187137663364410e-02
9.412135183811187744e-02
3.988019376993179321e-02
-2.488547749817371368e-02
1.377140451222658157e-02
2.516714669764041901e-02
-1.451960299164056778e-02
-1.596658863127231598e-02
1.292500458657741547e-02
3.976484388113021851e-02
2.089690044522285461e-02
-4.551436752080917358e-02
3.707532957196235657e-02
2.648294530808925629e-02
-5.174079537391662598e-02
3.304206952452659607e-02
2.340229228138923645e-02
-1.084794290363788605e-02
-6.109239766374230385e-04
-1.525140553712844849e-02
-4.227402061223983765e-02
5.369797348976135254e-02
3.476595040410757065e-03
-2.506325580179691315e-02
2.458053082227706909e-02
-4.800232127308845520e-02
-2.565332688391208649e-02
4.720917437225580215e-03
4.992421343922615051e-02
-2.935506636276841164e-03
-1.851745322346687317e-02
4.423733428120613098e-02
6.324834376573562622e-02
-1.697475090622901917e-02
5.648921430110931396e-02
-4.519034549593925476e-02
-2.638252452015876770e-02
-3.154836967587471008e-02
-6.535195559263229370e-02
5.493192002177238464e-02
5.697184056043624878e-02
-1.557876076549291611e-02
-3.189609199762344360e-02
-2.736473828554153442e-02
-3.044298477470874786e-02
3.389582782983779907e-02
6.961922161281108856e-03
4.286024253815412521e-03
-2.153122983872890472e-02
-2.587351575493812561e-02
3.272940963506698608e-02
3.639920428395271301e-02
-6.966397631913423538e-03
8.713016659021377563e-02
3.789970418438315392e-03
5.881773307919502258e-02
-2.037680707871913910e-02
1.834133639931678772e-02
7.007215917110443115e-02
-1.165443938225507736e-02
1.643327996134757996e-02
1.362845301628112793e-02
4.909003153443336487e-02
-1.573315076529979706e-02
-2.498337812721729279e-02
-4.032285138964653015e-02
1.559929735958576202e-02
1.565097272396087646e-02
-3.762744739651679993e-02
-8.528484962880611420e-03
1.637214981019496918e-02
-2.007537707686424255e-02
4.457484558224678040e-02
-2.760869450867176056e-02
-9.779126849025487900e-04
2.105165645480155945e-02
-3.092632815241813660e-02
9.985391981899738312e-03
-3.234290331602096558e-02
-4.240653663873672485e-02
-1.191839948296546936e-02
-5.083135794848203659e-03
-4.630951955914497375e-02
-2.430103905498981476e-02
-5.047224834561347961e-02
-9.010653942823410034e-02
3.858856484293937683e-02
4.005060065537691116e-03
5.314796790480613708e-02
-1.188518246635794640e-03
-2.534186281263828278e-02
-3.458183258771896362e-02
1.384024228900671005e-02
2.219765074551105499e-02
6.964692473411560059e-02
2.854223176836967468e-02
3.691663593053817749e-02
-1.837450452148914337e-02
2.567583136260509491e-02
4.931396618485450745e-02
-1.729592122137546539e-02
-1.468403171747922897e-02
-1.697753183543682098e-02
-2.896719984710216522e-02
2.102199383080005646e-02
-3.265840234234929085e-03
-9.127890691161155701e-03
-2.312996610999107361e-02
-2.725847298279404640e-03
7.515972014516592026e-03
-1.359084248542785645e-02
-2.709201909601688385e-02
6.479737348854541779e-03
3.119705058634281158e-02
2.618862316012382507e-02
9.234069846570491791e-03
1.414908654987812042e-02
4.202074557542800903e-02
-4.021219164133071899e-02
1.866641454398632050e-02
1.563452929258346558e-02
-3.002600558102130890e-02
-1.257444173097610474e-02
