-1.497530192136764526e-02
1.999647729098796844e-02
-7.944287062855437398e-05
-4.626433178782463074e-02
-3.761237859725952148e-02
2.652739174664020538e-02
-2.873435802757740021e-02
5.187989026308059692e-02
-2.473301487043499947e-03
-2.252803742885589600e-02
-2.430099807679653168e-02
4.427348263561725616e-03
-4.162762314081192017e-02
-2.948210574686527252e-02
8.611213415861129761e-03
3.308701887726783752e-02
-1.357170171104371548e-03
9.720726870000362396e-03
3.902798891067504883e-02
-2.929626777768135071e-02
-7.613198831677436829e-03
2.137950621545314789e-02
1.228894107043743134e-02
-6.991527229547500610e-02
-8.250762708485126495e-03
3.241885825991630554e-02
-5.171673744916915894e-02
3.751436620950698853e-02
1.001493539661169052e-03
-9.406467527151107788e-02
3.521789982914924622e-02
6.900553405284881592e-02
5.642362404614686966e-03
-1.409531570971012115e-02
3.904321417212486267e-02
3.205483406782150269e-02
-3.125614672899246216e-02
7.380404043942689896e-03
-2.251970767974853516e-02
-2.570066414773464203e-02
1.315216906368732452e-02
-9.138103574514389038e-03
5.081014933239202946e-06
-2.953136153519153595e-02
3.952481970191001892e-02
7.324733771383762360e-03
2.312072925269603729e-02
6.306886672973632812e-02
-1.900754403322935104e-03
2.213542163372039795e-02
1.707905158400535583e-02
-6.240902468562126160e-02
7.981052622199058533e-03
-3.914627805352210999e-02
-1.167701091617345810e-02
3.636346384882926941e-02
-3.153442591428756714e-02
3.160708025097846985e-02
-3.691667318344116211e-02
2.612701989710330963e-02
-4.760778695344924927e-02
1.468965318053960800e-02
1.329531986266374588e-02
-4.906033724546432495e-02
2.883097529411315918e-02
4.304228723049163818e-02
-5.970421805977821350e-02
3.286978602409362793e-02
5.230807885527610779e-02
-5.383452028036117554e-02
3.407480940222740173e-02
-1.839691685745492578e-04
3.719496773555874825e-03
1.355558261275291443e-02
6.153734773397445679e-02
1.732024177908897400e-02
-9.219166822731494904e-03
5.173115991055965424e-03
4.260529577732086182e-02
-1.738440804183483124e-02
-1.452960190363228321e-03
3.727515786886215210e-02
-3.496633097529411316e-02
-2.996957115828990936e-02
2.375287748873233795e-02
-1.038663834333419800e-02
1.016059238463640213e-02
-1.592740789055824280e-02
-3.611973673105239868e-02
-7.451021671295166016e-02
7.269563525915145874e-02
-2.090959995985031128e-02
1.657943613827228546e-02
-1.205547153949737549e-02
-2.146758511662483215e-02
3.201066702604293823e-02
-6.299203634262084961e-02
9.470223635435104370e-02
-3.541202470660209656e-02
-2.114415541291236877e-02
3.089214675128459930e-02
3.065075352787971497e-02
4.825957864522933960e-02
-8.661677129566669464e-03
-1.558008324354887009e-02
5.808002874255180359e-02
-2.199321798980236053e-02
1.942865666933357716e-03
-3.598621115088462830e-02
-5.703978985548019409e-02
9.902659803628921509e-04
2.390768565237522125e-02
3.890727087855339050e-02
-3.672146052122116089e-02
-3.870964050292968750e-02
-6.454014033079147339e-02
-9.636777453124523163e-03
2.187166549265384674e-02
-2.126090973615646362e-02
4.349715262651443481e-02
-3.213085234165191650e-02
-4.549535363912582397e-02
1.042653247714042664e-02
-5.754943937063217163e-02
2.362876571714878082e-02
6.241236254572868347e-02
4.368432238698005676e-02
-2.039578184485435486e-02
4.890111088752746582e-02
-1.817259937524795532e-02
-1.924258307553827763e-03
-7.970960810780525208e-03
2.481215819716453552e-02
2.586889639496803284e-02
3.481239452958106995e-02
4.381853342056274414e-02
7.481280714273452759e-02
2.336083538830280304e-02
-3.047902695834636688e-02
5.153067875653505325e-03
-4.607942700386047363e-02
-2.362612448632717133e-02
1.112608797848224640e-02
-4.757655411958694458e-02
-4.700046032667160034e-02
-2.834786102175712585e-02
-6.137376185506582260e-03
3.541244193911552429e-02
2.723073959350585938e-02
2.783971093595027924e-02
-4.128113761544227600e-02
6.505565717816352844e-03
7.587259635329246521e-03
5.832661315798759460e-02
6.543112453073263168e-03
-1.783909625373780727e-03
-3.460493311285972595e-02
2.509015239775180817e-02
-5.495364591479301453e-02
-4.904980771243572235e-03
9.579026140272617340e-03
-3.321083262562751770e-02
7.365983724594116211e-02
3.268362581729888916e-02
-2.607602439820766449e-02
2.018941938877105713e-02
-3.805238381028175354e-02
8.015443570911884308e-03
8.441112004220485687e-03
-3.874936327338218689e-02
-5.923150479793548584e-02
3.665354475378990173e-02
3.758419305086135864e-03
-2.928794920444488525e-02
5.226894281804561615e-04
-2.449761703610420227e-02
6.220832467079162598e-02
6.720957905054092407e-02
2.881225943565368652e-02
3.784791007637977600e-02
5.730377882719039917e-02
-1.770426332950592041e-02
-8.874346315860748291e-02
-5.195515602827072144e-02
-2.789948321878910065e-02
4.176957532763481140e-03
1.988009549677371979e-03
-7.314137648791074753e-03
1.552306488156318665e-02
-9.131173603236675262e-03
3.800807753577828407e-03
-6.427022814750671387e-02
-3.525111451745033264e-02
-1.508114393800497055e-02
-7.074938714504241943e-02
5.955833196640014648e-02
8.769859373569488525e-02
3.957590460777282715e-02
-1.292960066348314285e-02
2.330893836915493011e-02
-9.497351013123989105e-03
-1.147120073437690735e-02
4.801737517118453979e-02
-2.136736921966075897e-02
-1.096741203218698502e-02
1.832143031060695648e-02
-4.146615043282508850e-02
3.261815011501312256e-02
-2.307701297104358673e-02
7.259484846144914627e-03
1.872918568551540375e-03
5.465242639183998108e-02
1.705208420753479004e-02
-5.318888928741216660e-03
-2.452048473060131073e-03
-1.719667389988899231e-02
-2.740758471190929413e-02
1.817900873720645905e-02
-2.147701010107994080e-02
6.627201102674007416e-03
5.454392358660697937e-02
-4.869179055094718933e-02
-3.339270502328872681e-02
4.993978887796401978e-02
-4.820992425084114075e-02
-1.764550991356372833e-02
4.791167378425598145e-02
3.593941032886505127e-02
-8.374516665935516357e-02
2.471232041716575623e-02
-7.740895450115203857e-02
4.015069454908370972e-02
-4.090899135917425156e-03
1.055755931884050369e-02
-4.656319692730903625e-02
1.845689490437507629e-02
1.154012046754360199e-02
1.919028721749782562e-02
6.906231399625539780e-03
-3.550477325916290283e-02
-1.824070326983928680e-02
-8.726596832275390625e-03
-1.598419249057769775e-02
-4.334595799446105957e-02
-4.817555099725723267e-02
6.552054733037948608e-02
-1.651252806186676025e-02
-3.495517000555992126e-02
4.365546628832817078e-02
4.200541228055953979e-02
1.435008551925420761e-02
2.187369391322135925e-02
5.981196835637092590e-02
4.781541228294372559e-02
-8.361578732728958130e-02
7.246425747871398926e-02
3.396998345851898193e-02
3.536631911993026733e-02
-8.523835800588130951e-03
-6.198944151401519775e-02
-9.353594854474067688e-03
4.121967405080795288e-02
5.083044245839118958e-02
2.663470618426799774e-02
4.365500435233116150e-02
-3.148999996483325958e-03
3.577511012554168701e-02
5.088603124022483826e-03
-3.387623652815818787e-02
1.500469073653221130e-02
1.908114738762378693e-02
-5.809307098388671875e-02
7.572588045150041580e-03
2.083740197122097015e-03
4.674107208847999573e-02
7.738210260868072510e-02
-1.952786743640899658e-02
-3.497096896171569824e-02
-2.398031391203403473e-02
-4.922108724713325500e-02
3.085036296397447586e-03
3.223900496959686279e-02
-2.561338804662227631e-02
2.302300743758678436e-02
-2.777169272303581238e-02
-3.208868578076362610e-02
-1.190276145935058594e-01
4.699166491627693176e-02
5.717167258262634277e-02
-2.071040123701095581e-02
-8.866252750158309937e-02
2.909894473850727081e-02
4.273224622011184692e-02
-6.874669343233108521e-03
-5.356848984956741333e-02
-1.438584458082914352e-02
5.692652985453605652e-02
1.224436797201633453e-03
4.709054529666900635e-02
3.224835731089115143e-03
-1.429123338311910629e-02
-1.089701522141695023e-02
-6.340271979570388794e-02
-1.867060549557209015e-02
1.942713372409343719e-02
2.086558938026428223e-02
-6.365773733705282211e-03
-3.084280341863632202e-02
-2.096240175887942314e-03
-1.329112611711025238e-02
5.243709776550531387e-03
5.644772201776504517e-03
-1.414132770150899887e-02
2.723534824326634407e-03
1.747690513730049133e-02
2.153482055291533470e-03
-7.056970149278640747e-02
-2.557423897087574005e-02
-3.628548700362443924e-03
-1.064872220158576965e-01
-1.768764341250061989e-03
-1.112013403326272964e-02
2.114668861031532288e-02
-5.967627465724945068e-02
2.921196445822715759e-02
-1.381575763225555420e-01
1.790945976972579956e-02
-3.954639658331871033e-02
2.287214621901512146e-03
-2.037884667515754700e-02
-5.347138270735740662e-03
1.522479392588138580e-02
-2.107672020792961121e-02
1.199513487517833710e-02
4.814959317445755005e-02
2.082395076286047697e-04
1.717405579984188080e-02
9.723886847496032715e-03
7.417144626379013062e-02
-3.915811330080032349e-02
-1.448427606374025345e-02
2.960538119077682495e-02
2.105928584933280945e-02
2.802931005135178566e-03
-3.905878961086273193e-02
4.083140566945075989e-02
-5.656810849905014038e-02
-1.329834852367639542e-02
2.084748446941375732e-02
5.185764282941818237e-02
-3.044558502733707428e-02
1.202494837343692780e-02
-3.909785300493240356e-02
1.636074669659137726e-02
-2.410557307302951813e-02
1.028691511601209641e-02
3.380766510963439941e-02
4.615493118762969971e-02
9.998581372201442719e-03
6.112087145447731018e-02
-2.753215841948986053e-02
1.980760321021080017e-02
-6.800623983144760132e-02
1.703309454023838043e-02
1.057284325361251831e-02
-2.950215712189674377e-02
3.817033022642135620e-02
3.873537061735987663e-04
-6.290471181273460388e-03
1.857612282037734985e-02
3.028125036507844925e-03
9.116727858781814575e-02
-3.298298642039299011e-02
-2.840921096503734589e-02
-2.612604014575481415e-02
-1.698433049023151398e-02
5.062097683548927307e-03
4.320333525538444519e-02
5.061378702521324158e-02
-1.869480498135089874e-02
-1.291317516006529331e-03
3.771176561713218689e-03
-2.885245159268379211e-02
-3.776265680789947510e-02
3.136569261550903320e-02
6.250781472772359848e-03
7.675009965896606445e-02
-3.596105147153139114e-03
-6.044709123671054840e-03
-6.604212522506713867e-02
-8.973547071218490601e-02
-3.517507016658782959e-02
3.222467843443155289e-03
-2.313784137368202209e-02
-9.573308750987052917e-03
5.883969739079475403e-02
3.389344364404678345e-02
2.476756088435649872e-02
3.975987061858177185e-02
-1.421290449798107147e-02
-4.983555525541305542e-02
2.725078165531158447e-02
-1.508887857198715210e-02
-5.733618163503706455e-04
4.117438197135925293e-02
-2.199732139706611633e-02
4.907351732254028320e-02
1.137713901698589325e-02
4.767307266592979431e-02
3.964159265160560608e-02
-9.935147128999233246e-03
-5.258102715015411377e-02
1.591402105987071991e-02
4.241785034537315369e-02
2.413780242204666138e-02
-3.559851646423339844e-02
1.444873679429292679e-02
-3.249625442549586296e-03
-2.219273149967193604e-02
-1.613305509090423584e-02
-2.775479294359683990e-02
1.541938912123441696e-02
-1.881468296051025391e-02
-2.755033597350120544e-02
8.495802059769630432e-03
1.667334698140621185e-02
-6.988707929849624634e-02
-2.150473557412624359e-02
7.633388042449951172e-02
-3.797918930649757385e-02
-8.307763375341892242e-03
-1.244905870407819748e-02
2.379088103771209717e-02
1.848993077874183655e-02
-7.759896665811538696e-02
3.160303458571434021e-03
7.191704213619232178e-02
6.506417691707611084e-02
3.089722990989685059e-02
-5.283555388450622559e-02
-2.456896007061004639e-02
3.092356957495212555e-02
-3.295523673295974731e-02
1.014678087085485458e-02
4.420631006360054016e-02
-5.852198973298072815e-02
-6.349159032106399536e-02
-3.885699808597564697e-02
-7.226059585809707642e-02
-2.887596748769283295e-02
8.946350961923599243e-02
-8.933547884225845337e-03
-4.906010627746582031e-02
1.018792390823364258e-03
2.061928622424602509e-02
-2.508985251188278198e-02
2.924952469766139984e-02
-1.043497491627931595e-02
-5.046656820923089981e-03
3.645383939146995544e-02
5.193092301487922668e-02
4.917798563838005066e-02
3.469926118850708008e-02
8.016153424978256226e-02
8.510681986808776855e-02
-2.477926388382911682e-02
7.567011564970016479e-02
-3.712280839681625366e-02
-1.934624835848808289e-02
8.027772419154644012e-03
2.763803349807858467e-03
-1.490419358015060425e-02
1.792860031127929688e-02
-1.122768037021160126e-02
-9.732658974826335907e-03
3.920065984129905701e-02
-6.697105709463357925e-03
-3.459488600492477417e-02
-1.629586517810821533e-02
-2.320826053619384766e-02
-1.827152632176876068e-02
7.109185308218002319e-02
-1.128008216619491577e-02
7.867337204515933990e-03
-4.748276621103286743e-02
4.818942397832870483e-02
-1.491339504718780518e-02
-7.871013134717941284e-02
-8.790358901023864746e-02
2.759850770235061646e-02
4.612841829657554626e-02
2.514872234314680099e-03
-5.554272327572107315e-03
2.501633018255233765e-02
1.122672948986291885e-02
5.761365406215190887e-03
-2.565332688391208649e-02
7.662855833768844604e-02
3.995929658412933350e-02
-4.564022645354270935e-02
3.819882124662399292e-02
3.745040670037269592e-02
2.667858079075813293e-02
-5.127189680933952332e-03
-5.648360028862953186e-02
-1.017234660685062408e-02
-3.666644543409347534e-02
-5.159226432442665100e-02
-2.924304222688078880e-03
2.282896637916564941e-02
-4.562343284487724304e-02
-2.671722508966922760e-02
-1.787899434566497803e-02
-4.544321075081825256e-02
3.865147382020950317e-02
-1.310951309278607368e-03
-1.012405101209878922e-02
1.598918065428733826e-02
-2.900814265012741089e-02
-3.432743623852729797e-02
6.173228379338979721e-03
-4.639662429690361023e-02
-1.811019517481327057e-02
-1.431128475815057755e-02
-5.110545549541711807e-03
-5.649723485112190247e-02
2.714024111628532410e-02
-2.985617145895957947e-02
5.892452970147132874e-02
-5.770353600382804871e-02
9.213268756866455078e-03
-6.722393445670604706e-03
-2.678090892732143402e-02
-6.940573453903198242e-02
2.270419616252183914e-03
3.719245642423629761e-02
1.848783716559410095e-02
2.791144512593746185e-02
1.842500083148479462e-02
2.101650461554527283e-02
3.024419071152806282e-03
-1.495297718793153763e-02
-1.301807258278131485e-02
3.713648766279220581e-02
-3.595869988203048706e-02
-5.492154508829116821e-02
7.896438986063003540e-02
2.157058566808700562e-02
2.970354072749614716e-02
-1.099382806569337845e-02
6.793863140046596527e-03
1.131486427038908005e-02
-5.200704559683799744e-02
1.098986640572547913e-01
1.235179486684501171e-03
1.614120788872241974e-02
-5.738434568047523499e-02
1.094956696033477783e-02
3.364611044526100159e-02
-3.577138856053352356e-02
-4.207304120063781738e-02
-3.853245452046394348e-02
-9.961848845705389977e-04
-5.494919419288635254e-02
1.786117441952228546e-03
-4.809520766139030457e-02
9.296362288296222687e-03
-5.393813550472259521e-02
-5.913784727454185486e-02
-2.168934233486652374e-02
6.351219024509191513e-03
2.469155937433242798e-02
7.928646169602870941e-03
2.556992322206497192e-02
1.500788424164056778e-02
1.244385354220867157e-02
-3.194209933280944824e-02
2.415146678686141968e-02
9.189137816429138184e-02
-1.373097393661737442e-02
3.473353013396263123e-02
1.015217415988445282e-02
-1.404680963605642319e-02
-5.165042355656623840e-02
3.229229710996150970e-03
1.980133913457393646e-02
5.843685194849967957e-02
-2.788593526929616928e-03
-1.097969524562358856e-02
-3.351813182234764099e-03
-6.993276625871658325e-02
-4.430818557739257812e-02
-8.548083156347274780e-02
3.039408102631568909e-02
1.023483276367187500e-02
-1.675308123230934143e-02
2.301690541207790375e-02
-2.033055014908313751e-02
-4.388399794697761536e-02
-3.344208374619483948e-02
2.960566990077495575e-02
-6.975892465561628342e-03
-1.237745280377566814e-03
-2.042591571807861328e-02
-2.305952087044715881e-02
-3.016794472932815552e-02
-2.806751057505607605e-02
9.676326997578144073e-03
-6.798647344112396240e-02
-4.607569891959428787e-03
-5.702227354049682617e-02
8.070673048496246338e-02
-2.610274031758308411e-02
4.703680798411369324e-02
-9.117627888917922974e-02
8.405148983001708984e-04
-1.851949654519557953e-02
-8.775876834988594055e-03
5.332680419087409973e-02
-9.187872521579265594e-03
2.054177969694137573e-02
9.982858318835496902e-04
-1.781343482434749603e-02
3.547062724828720093e-02
3.565525263547897339e-02
6.289018690586090088e-02
5.067196488380432129e-02
4.425682500004768372e-02
-6.862048059701919556e-02
-7.327977102249860764e-03
-1.311559788882732391e-02
-1.151312515139579773e-02
-5.773907154798507690e-02
-3.117159008979797363e-02
1.349586434662342072e-02
2.153724990785121918e-02
2.664553374052047729e-02
-5.617136508226394653e-02
4.994041472673416138e-02
-5.540655180811882019e-02
1.003775745630264282e-02
2.294784598052501678e-02
-4.566686227917671204e-02
4.386983811855316162e-02
-4.399028420448303223e-02
6.235659494996070862e-02
-5.959665868431329727e-04
-3.489278315100818872e-04
8.930262923240661621e-02
7.578505575656890869e-02
8.582684397697448730e-02
7.624124642461538315e-03
8.898012340068817139e-02
-4.331132024526596069e-02
-1.117919385433197021e-02
4.465363547205924988e-02
8.526553399860858917e-03
-7.133541256189346313e-02
4.060185700654983521e-02
-6.734844762831926346e-03
2.452074736356735229e-02
-3.237089887261390686e-02
-4.177378956228494644e-03
-3.964269533753395081e-02
3.644584445282816887e-03
2.676876960322260857e-03
-3.782228380441665649e-02
1.462609320878982544e-02
-3.931821882724761963e-02
-4.022594541311264038e-02
-4.864803701639175415e-02
8.275496959686279297e-02
-1.726279850117862225e-03
5.706365033984184265e-02
-3.206107020378112793e-02
3.058534301817417145e-02
-2.835816703736782074e-02
3.228469192981719971e-02
-2.075208816677331924e-03
-5.124891921877861023e-02
5.107180401682853699e-02
2.618650905787944794e-02
-3.769999742507934570e-02
4.749155417084693909e-02
-1.882772706449031830e-02
-9.295334108173847198e-03
1.374159473925828934e-02
1.605034805834293365e-02
-1.938414387404918671e-02
-1.607263833284378052e-02
8.383492007851600647e-03
-2.071005851030349731e-02
-4.744432866573333740e-02
2.781215868890285492e-02
1.999078318476676941e-02
2.891087718307971954e-02
4.820430185645818710e-04
-8.380678296089172363e-02
1.958299800753593445e-02
-4.209189862012863159e-02
2.328156121075153351e-02
-6.168169784359633923e-04
2.353808656334877014e-02
-2.136891335248947144e-02
-1.932850456796586514e-03
-7.437755167484283447e-02
4.290935769677162170e-02
3.252069279551506042e-02
-6.344660371541976929e-02
-2.091050520539283752e-02
-4.435749724507331848e-02
-1.565977744758129120e-02
7.649554312229156494e-02
5.896735563874244690e-02
-4.085998609662055969e-02
-6.989737600088119507e-02
5.529109388589859009e-02
2.879669703543186188e-02
6.011857651174068451e-03
2.086109854280948639e-02
-1.620792783796787262e-02
-7.314660400152206421e-02
1.283990126103162766e-02
-3.655937314033508301e-02
3.639221936464309692e-02
-9.411789476871490479e-02
2.247658371925354004e-02
-1.825841702520847321e-02
1.793088018894195557e-02
1.777140609920024872e-02
-2.753815986216068268e-02
-9.152200073003768921e-03
4.388636350631713867e-02
8.705430664122104645e-03
-7.025468349456787109e-02
2.028755657374858856e-02
2.858655340969562531e-02
-1.444294769316911697e-02
1.925958134233951569e-02
1.779304817318916321e-02
2.596991695463657379e-02
6.315881758928298950e-02
4.665140435099601746e-02
3.392476961016654968e-02
-2.060177549719810486e-02
-2.310734055936336517e-02
-5.001523718237876892e-02
-7.208632677793502808e-02
1.439273823052644730e-02
1.199063938111066818e-02
1.387077663093805313e-02
3.471553698182106018e-02
1.713191159069538116e-02
2.550201676785945892e-02
2.038996201008558273e-03
-3.467420861124992371e-02
5.245428532361984253e-02
3.475404577329754829e-03
-2.238575555384159088e-02
-7.269870489835739136e-03
2.954167500138282776e-02
8.078817278146743774e-03
2.277051098644733429e-02
-4.696769639849662781e-02
-6.735587865114212036e-02
3.238721564412117004e-02
-3.108869493007659912e-02
1.095287036150693893e-02
-5.772613734006881714e-02
-2.037264779210090637e-02
-2.601548470556735992e-02
3.677777945995330811e-02
1.311311149038374424e-03
-4.644741490483283997e-02
2.269992046058177948e-02
-2.345097996294498444e-02
-4.357285052537918091e-02
6.916143745183944702e-02
-3.443243727087974548e-02
-1.064356788992881775e-02
-2.060059271752834320e-02
3.148070722818374634e-02
-2.559725381433963776e-02
-1.850953139364719391e-02
3.431419283151626587e-02
6.528995931148529053e-03
-6.286133080720901489e-02
-2.736745215952396393e-02
-2.158155106008052826e-02
-1.554019935429096222e-02
-4.079573228955268860e-02
1.875745877623558044e-02
6.871799379587173462e-02
6.328044831752777100e-02
3.589339181780815125e-02
-1.922977343201637268e-02
-2.668328024446964264e-02
4.451217595487833023e-03
1.367691904306411743e-02
-3.775670751929283142e-02
4.304743185639381409e-02
-2.749063819646835327e-02
3.165586665272712708e-02
1.592908240854740143e-02
5.243200343102216721e-03
7.348671555519104004e-02
4.391694068908691406e-02
2.306452766060829163e-02
-5.844148248434066772e-02
2.572675049304962158e-02
1.985647901892662048e-02
1.485941279679536819e-02
4.571596160531044006e-02
2.833614312112331390e-02
-1.691538281738758087e-02
4.552828893065452576e-02
1.627210713922977448e-02
8.261973038315773010e-03
-4.428713768720626831e-02
1.083942223340272903e-02
2.218506066128611565e-03
6.601515226066112518e-03
2.824296802282333374e-02
4.484191909432411194e-02
7.244128733873367310e-03
7.751357555389404297e-02
-2.849177084863185883e-02
-7.495555561035871506e-03
-2.200115844607353210e-02
-3.692514821887016296e-02
-5.936067551374435425e-02
2.032017335295677185e-02
-1.607413651072420180e-05
-4.529902245849370956e-03
4.937671124935150146e-03
-3.703138791024684906e-03
1.031147316098213196e-02
-1.262492407113313675e-02
-4.410950466990470886e-02
3.739127516746520996e-02
1.099298335611820221e-02
6.842344533652067184e-03
3.353658318519592285e-02
3.953971900045871735e-03
-1.812430657446384430e-02
-2.081085741519927979e-02
-9.182787686586380005e-02
1.061081304214894772e-03
2.555482648313045502e-02
4.978396743535995483e-02
1.594462431967258453e-02
-3.041934035718441010e-02
1.043397095054388046e-02
7.992778904736042023e-03
-3.462657332420349121e-02
3.712008893489837646e-02
7.816983386874198914e-03
-4.941970854997634888e-02
-6.957167293876409531e-03
-6.815980188548564911e-03
3.354430571198463440e-02
6.299430131912231445e-02
-1.235077064484357834e-02
-2.307240664958953857e-02
-2.713979780673980713e-02
-1.748330518603324890e-02
-5.141285713762044907e-03
-1.175009831786155701e-02
1.248220214620232582e-03
-6.061822921037673950e-02
8.171118795871734619e-02
-6.357878446578979492e-02
-1.283867470920085907e-02
1.399479806423187256e-02
-2.745158784091472626e-02
-4.242513701319694519e-02
-4.272355139255523682e-02
-3.569666296243667603e-02
4.461280256509780884e-02
5.525266379117965698e-02
-4.161094129085540771e-02
6.810176372528076172e-02
2.092910185456275940e-02
-3.105909563601016998e-02
4.300537332892417908e-02
-3.801418840885162354e-02
-4.834172874689102173e-02
-2.522686310112476349e-02
-4.074794054031372070e-02
-1.378642395138740540e-02
-6.656704097986221313e-02
-1.247800607234239578e-02
2.956411615014076233e-02
-4.293987900018692017e-02
4.145085439085960388e-02
5.997241660952568054e-02
2.593104355037212372e-02
3.271515714004635811e-03
-3.964834287762641907e-02
-4.218019917607307434e-02
-1.611840538680553436e-02
-5.679392069578170776e-02
-2.428868785500526428e-02
1.392872445285320282e-02
2.440953254699707031e-02
-7.003585342317819595e-03
1.332600601017475128e-02
2.895984612405300140e-02
-1.357266586273908615e-02
2.448000945150852203e-02
1.029463112354278564e-02
-2.382459118962287903e-02
-6.218413636088371277e-02
4.814098356291651726e-04
9.145903401076793671e-03
3.216426447033882141e-02
-2.337882993742823601e-03
1.467869617044925690e-02
2.070875605568289757e-03
3.776892786845564842e-03
7.635213434696197510e-03
-3.960522264242172241e-02
1.910713687539100647e-02
3.498717211186885834e-03
-1.016929931938648224e-02
-2.418948151171207428e-02
-1.632256619632244110e-02
-4.341980814933776855e-02
-5.294752120971679688e-02
1.173619925975799561e-02
-1.748167094774544239e-03
3.511786460876464844e-03
-4.555861465632915497e-03
-3.887047246098518372e-02
4.409120604395866394e-02
-7.057549804449081421e-02
-1.000567674636840820e-01
1.950957998633384705e-02
5.503404513001441956e-02
-4.949705209583044052e-03
4.990770667791366577e-02
6.565028801560401917e-03
-2.788511104881763458e-02
1.904719695448875427e-02
1.321653276681900024e-02
-2.295964630320668221e-03
-1.144113689661026001e-01
-2.330191805958747864e-02
6.526213139295578003e-02
-1.843592151999473572e-02
4.390616714954376221e-02
1.112556271255016327e-02
4.932139068841934204e-03
7.356192171573638916e-02
-1.548547763377428055e-03
3.577755764126777649e-02
4.425596818327903748e-02
-3.686209768056869507e-02
-3.096748143434524536e-03
-2.800437249243259430e-02
4.851612821221351624e-02
-7.798250019550323486e-02
-8.539845049381256104e-02
-8.842390961945056915e-03
-4.344322904944419861e-02
-7.232400588691234589e-03
3.989417455159127712e-04
-3.581437841057777405e-02
4.365440923720598221e-03
5.429604649543762207e-02
4.635331220924854279e-03
8.000958710908889771e-02
4.998371750116348267e-02
2.235674858093261719e-02
-5.413288623094558716e-02
-6.382758915424346924e-02
6.748964637517929077e-02
1.196444965898990631e-02
1.540649589151144028e-02
8.757115341722965240e-03
-4.605982452630996704e-02
-3.776951134204864502e-02
4.429420083761215210e-02
-5.961639061570167542e-02
2.438342943787574768e-02
9.172535687685012817e-02
3.734536934643983841e-03
-1.582004502415657043e-02
-2.399447932839393616e-02
1.641519553959369659e-02
-6.680905818939208984e-02
1.336584985256195068e-02
2.460652217268943787e-02
6.438986863940954208e-03
3.225848486181348562e-04
-5.094830319285392761e-02
-7.450409978628158569e-02
1.621943898499011993e-02
-6.722129136323928833e-02
-6.496450863778591156e-03
-4.630687832832336426e-02
-8.732340298593044281e-03
-7.514399942010641098e-03
-9.732867032289505005e-02
5.524515360593795776e-02
3.064413927495479584e-02
-8.827186189591884613e-03
-1.265925820916891098e-02
6.080964114516973495e-03
4.636025801301002502e-02
-2.511206828057765961e-02
3.146071732044219971e-02
5.129120871424674988e-02
-5.306697264313697815e-02
-1.816137507557868958e-02
3.578646108508110046e-02
2.047106996178627014e-02
-1.549646141938865185e-03
8.766525425016880035e-03
-1.257118955254554749e-02
-3.136650659143924713e-03
-1.532283611595630646e-03
3.008530475199222565e-02
5.676410719752311707e-02
