-2.312857471406459808e-02
-4.354054853320121765e-02
-4.089259728789329529e-02
-1.548079587519168854e-02
3.735381364822387695e-02
6.474801152944564819e-02
5.490472540259361267e-02
-8.943448215723037720e-02
-3.004362247884273529e-02
-2.883816510438919067e-02
4.468261078000068665e-02
4.505020007491111755e-02
4.776420816779136658e-02
2.592485863715410233e-03
-2.635889686644077301e-02
-3.683442994952201843e-02
3.285786509513854980e-02
-6.205163151025772095e-02
-3.410641476511955261e-02
3.450341755524277687e-03
-7.828429341316223145e-02
8.532219380140304565e-02
2.422701753675937653e-02
3.040246898308396339e-03
1.849257200956344604e-02
-4.867443814873695374e-02
-6.532652676105499268e-02
-3.479741886258125305e-02
-7.480528205633163452e-02
-5.592693388462066650e-02
4.534421861171722412e-02
-9.726921468973159790e-02
3.463707119226455688e-02
2.487297728657722473e-02
5.173097550868988037e-02
-2.706838771700859070e-02
2.103006094694137573e-02
-6.367201567627489567e-04
-4.522516578435897827e-02
5.204820190556347370e-04
-7.253654301166534424e-02
-2.978223783429712057e-04
8.587470278143882751e-03
-5.458250269293785095e-02
-2.647737786173820496e-02
1.772221736609935760e-02
-3.181196004152297974e-02
1.381979137659072876e-01
-7.419673353433609009e-02
-2.683540992438793182e-02
3.366790339350700378e-02
2.664878033101558685e-02
-8.403749018907546997e-02
-1.711834594607353210e-02
-2.127107419073581696e-02
4.044540598988533020e-02
4.479732364416122437e-03
-4.569083824753761292e-02
-3.670023009181022644e-02
-2.478189021348953247e-02
-9.547549998387694359e-04
-8.137376606464385986e-02
9.357200935482978821e-03
-2.611168846487998962e-02
-4.186053574085235596e-02
5.951491184532642365e-03
7.059772312641143799e-02
-5.672626942396163940e-02
8.101755380630493164e-02
-6.575703620910644531e-02
-1.154937408864498138e-02
-7.062020152807235718e-02
-2.568358741700649261e-02
-1.520757842808961868e-02
4.774550721049308777e-02
-7.598845753818750381e-03
-1.191905885934829712e-02
1.361379325389862061e-01
-1.344751007854938507e-02
3.086413955315947533e-03
-2.049675025045871735e-02
-6.224269513040781021e-03
-4.925638437271118164e-03
-1.187909618020057678e-01
-9.970012120902538300e-03
1.279164999723434448e-01
6.512289494276046753e-02
9.240932017564773560e-02
2.172240428626537323e-02
1.787852961570024490e-03
-1.630572043359279633e-02
-2.375990338623523712e-02
-8.944343775510787964e-02
-9.120443463325500488e-02
2.446405217051506042e-02
1.894733496010303497e-02
-7.233095914125442505e-02
-2.850410155951976776e-02
-2.399619296193122864e-02
2.106236666440963745e-02
5.235735699534416199e-02
3.767273575067520142e-02
6.183214858174324036e-02
-3.189596533775329590e-02
-8.790683001279830933e-02
3.805217146873474121e-02
1.082581654191017151e-01
5.875046178698539734e-02
3.430074080824851990e-02
1.778749376535415649e-02
8.000003546476364136e-02
-8.195556700229644775e-03
1.226340606808662415e-01
9.428302198648452759e-02
-1.543484069406986237e-02
2.938959375023841858e-02
-6.801713258028030396e-02
-4.379580914974212646e-02
7.168425619602203369e-02
-2.608465030789375305e-02
1.969968527555465698e-02
-7.905825041234493256e-03
-4.466336220502853394e-02
7.019120454788208008e-02
-6.676831096410751343e-02
1.929184072650969028e-03
-4.961378499865531921e-02
3.747171163558959961e-02
-2.614150941371917725e-02
1.773775741457939148e-02
2.585578709840774536e-02
3.482766821980476379e-02
-7.904378324747085571e-02
3.402069956064224243e-02
-4.177390038967132568e-02
-7.777941972017288208e-02
-2.089536562561988831e-02
5.687969177961349487e-02
-4.426381364464759827e-02
-8.452893234789371490e-03
8.109526336193084717e-02
5.098189227283000946e-03
8.702803403139114380e-02
1.562603749334812164e-02
3.624413907527923584e-02
2.795239724218845367e-02
-4.645669087767601013e-02
-4.508559778332710266e-02
-1.608623377978801727e-02
-1.866687461733818054e-02
-1.818570308387279510e-02
-6.084619462490081787e-02
-6.991147994995117188e-02
-7.347784191370010376e-02
-1.028385385870933533e-01
-8.886263519525527954e-02
-4.415060579776763916e-02
2.846506610512733459e-02
-2.042378112673759460e-02
5.378986708819866180e-03
-4.673933982849121094e-02
1.466612797230482101e-03
1.109245978295803070e-02
2.861345931887626648e-02
-2.481839992105960846e-02
-6.291179358959197998e-02
-7.320011407136917114e-02
-1.352483592927455902e-02
-5.904819816350936890e-02
1.083527952432632446e-01
-2.204263769090175629e-02
-4.491212964057922363e-02
-3.336548805236816406e-02
-2.165865711867809296e-02
-4.812220484018325806e-02
5.892726033926010132e-02
-4.126876220107078552e-02
5.282090976834297180e-02
6.647574156522750854e-02
2.885821647942066193e-02
1.466636210680007935e-01
7.492884248495101929e-02
-3.113474464043974876e-03
4.806443303823471069e-02
-7.646090351045131683e-03
2.240587770938873291e-02
1.212763264775276184e-01
-7.607009727507829666e-03
7.961488515138626099e-02
-2.602113597095012665e-02
4.779916256666183472e-02
2.423903532326221466e-02
-7.339120656251907349e-02
-2.818835899233818054e-02
-7.010912895202636719e-02
2.539508230984210968e-02
-8.320315927267074585e-02
4.292996972799301147e-02
-1.356662996113300323e-02
-1.490937639027833939e-02
2.879199758172035217e-02
5.598244816064834595e-02
8.511527441442012787e-03
1.120584551244974136e-02
-1.881756819784641266e-02
3.907745704054832458e-02
4.003370180726051331e-02
-2.891847304999828339e-02
-2.433117665350437164e-02
-9.821230545639991760e-03
8.331046253442764282e-02
-6.747581809759140015e-02
-2.669966220855712891e-02
9.446477890014648438e-02
-6.040487065911293030e-02
1.152062043547630310e-02
3.700294997543096542e-03
1.106171309947967529e-01
1.114887148141860962e-01
-1.188174448907375336e-02
-9.584175050258636475e-02
-2.967411465942859650e-02
1.807647757232189178e-02
4.734717309474945068e-02
2.311587147414684296e-02
9.354792535305023193e-02
4.996673390269279480e-02
-6.068344786763191223e-02
-4.724522307515144348e-02
-7.206394523382186890e-02
5.600941553711891174e-02
4.853880405426025391e-02
7.612308114767074585e-02
-3.542384505271911621e-02
-2.594743669033050537e-02
4.791070707142353058e-03
8.579067885875701904e-02
1.526778005063533783e-02
7.307867705821990967e-02
-6.438218057155609131e-02
-5.041170399636030197e-03
-3.831775393337011337e-03
1.502426061779260635e-02
-6.769032776355743408e-02
-2.142864465713500977e-02
-4.870443139225244522e-03
1.183595391921699047e-03
9.151484817266464233e-03
3.577439114451408386e-02
6.932392716407775879e-02
8.604950457811355591e-02
-3.588769584894180298e-02
3.046662919223308563e-02
-3.154046460986137390e-02
-5.558550357818603516e-03
3.616752475500106812e-02
-6.619726121425628662e-02
-4.185056686401367188e-02
-3.166794404387474060e-02
1.351181603968143463e-02
-1.045928802341222763e-02
-2.169922366738319397e-02
7.549770921468734741e-02
-7.947030477225780487e-03
-9.867552667856216431e-03
9.342121332883834839e-02
3.117999620735645294e-02
1.110821682959794998e-02
4.932750388979911804e-02
-2.400133991613984108e-03
8.252800442278385162e-03
-5.180288478732109070e-02
2.181104011833667755e-02
4.971618298441171646e-03
-1.588608324527740479e-02
-8.017927408218383789e-02
-2.051011100411415100e-02
-3.241074457764625549e-02
-2.826080657541751862e-02
7.859023660421371460e-02
-1.373751554638147354e-02
-2.578327432274818420e-02
2.713946625590324402e-02
-7.579555362462997437e-02
9.166731499135494232e-03
-9.121917933225631714e-02
-7.013399153947830200e-02
1.204912457615137100e-02
-4.882664233446121216e-02
1.096648257225751877e-02
-7.228132337331771851e-02
6.912555545568466187e-02
-1.181203350424766541e-01
3.539971634745597839e-02
1.445883512496948242e-02
-2.117784507572650909e-02
-2.619925700128078461e-02
5.793200433254241943e-02
4.653833061456680298e-02
-4.635804146528244019e-02
2.519962005317211151e-02
-2.879929356276988983e-02
3.571595251560211182e-02
-4.018744826316833496e-02
7.958801835775375366e-02
-6.947758607566356659e-03
-7.412614673376083374e-02
-4.856839403510093689e-02
-4.009961709380149841e-02
-2.549983933568000793e-02
5.679751560091972351e-02
3.563821688294410706e-02
3.443514928221702576e-02
1.798995584249496460e-02
2.878279983997344971e-02
7.646598666906356812e-02
-5.400324240326881409e-02
3.525381535291671753e-02
-5.624387413263320923e-03
-5.557394027709960938e-02
6.196253374218940735e-02
2.096066251397132874e-02
-6.426684558391571045e-02
1.879093237221240997e-02
-6.336099002510309219e-03
1.657281443476676941e-02
-4.183258488774299622e-02
6.043341127224266529e-04
8.551007509231567383e-02
2.212476544082164764e-02
2.326727099716663361e-02
1.855608262121677399e-02
6.867403537034988403e-02
3.491295501589775085e-02
2.769310586154460907e-02
2.043536119163036346e-02
1.970866136252880096e-02
3.586819022893905640e-02
9.695135056972503662e-03
-1.010713167488574982e-02
7.680086791515350342e-02
3.004042431712150574e-02
-8.852700702846050262e-03
-7.593436539173126221e-02
1.863007433712482452e-02
-6.081550940871238708e-02
4.986805468797683716e-02
-4.516729968599975109e-04
-6.319119781255722046e-02
8.446829393506050110e-03
-7.270922511816024780e-02
4.366169124841690063e-02
1.572014181874692440e-03
4.684825986623764038e-02
6.463591754436492920e-02
3.327732905745506287e-02
4.443350434303283691e-02
1.036846637725830078e-02
3.521288931369781494e-02
1.751522161066532135e-02
8.496424183249473572e-03
4.380990564823150635e-02
5.304729565978050232e-02
8.277641981840133667e-02
-1.153284236788749695e-01
7.555899769067764282e-02
1.357492897659540176e-02
-2.722030878067016602e-02
-8.869493752717971802e-02
-3.153271973133087158e-02
1.761232502758502960e-02
3.094641305506229401e-02
-1.160866674035787582e-02
-4.374704137444496155e-02
-4.911068826913833618e-02
-2.923997677862644196e-02
-5.437700822949409485e-02
-7.058803737163543701e-02
5.114974081516265869e-02
-6.416647881269454956e-02
-4.734437912702560425e-02
-1.985711045563220978e-02
-4.133813455700874329e-02
-8.442229032516479492e-02
-1.002951059490442276e-02
5.633825808763504028e-02
1.257595792412757874e-02
-6.293285638093948364e-02
-2.666258811950683594e-02
-8.120416104793548584e-02
-8.044767379760742188e-02
-5.106697324663400650e-03
3.010370209813117981e-02
2.943623065948486328e-02
-4.059844464063644409e-02
-4.675158113241195679e-02
-7.193869911134243011e-03
4.576160013675689697e-02
7.882597856223583221e-03
3.074293583631515503e-02
-2.809757180511951447e-02
5.541972070932388306e-02
5.857480689883232117e-02
-9.352833032608032227e-02
-4.935076460242271423e-02
5.057321861386299133e-02
6.049551814794540405e-02
-7.405827194452285767e-02
-2.533078193664550781e-03
5.781210027635097504e-03
4.420834407210350037e-02
1.352632604539394379e-02
3.364291787147521973e-02
-2.714191377162933350e-02
-5.420093890279531479e-03
9.658971801400184631e-03
1.450025290250778198e-02
-6.715605407953262329e-02
6.397544592618942261e-02
-5.736849084496498108e-02
-6.704797595739364624e-02
4.928089305758476257e-02
2.142364718019962311e-02
-3.679785132408142090e-02
-1.906327158212661743e-02
-2.495510131120681763e-02
-3.991420194506645203e-02
-3.092112205922603607e-02
4.338552057743072510e-02
5.590427294373512268e-02
-9.619905904401093721e-05
-6.435427814722061157e-03
-3.416679054498672485e-02
2.704038098454475403e-02
6.398008018732070923e-02
-4.346943646669387817e-02
-5.768448486924171448e-02
2.196333184838294983e-02
2.284295484423637390e-02
2.917007170617580414e-02
-3.974564000964164734e-02
6.016791984438896179e-02
-1.253465190529823303e-02
6.441166251897811890e-02
4.830938950181007385e-02
9.722806513309478760e-03
-2.397715300321578979e-02
-2.620153315365314484e-02
-1.258110720664262772e-02
-1.067900285124778748e-02
8.127192035317420959e-03
-6.358916405588388443e-03
3.521316125988960266e-02
1.333168055862188339e-02
4.602405428886413574e-02
-2.278010733425617218e-02
-1.747910492122173309e-02
-1.175094209611415863e-02
3.171835327520966530e-03
6.181984394788742065e-02
7.327836751937866211e-02
4.777814075350761414e-02
-5.174097791314125061e-02
-9.960516542196273804e-02
-1.706527918577194214e-02
6.426825653761625290e-03
-2.782014198601245880e-02
-3.708508610725402832e-02
3.513231500983238220e-02
-4.883477464318275452e-02
-1.056610606610774994e-02
1.615547016263008118e-02
9.206417202949523926e-02
-4.354641586542129517e-02
-4.662538692355155945e-02
-1.569461263716220856e-02
5.591643974184989929e-02
-5.085551738739013672e-02
-1.772026345133781433e-02
1.103474479168653488e-02
-1.942887157201766968e-02
-5.115868151187896729e-02
5.550439283251762390e-02
1.177175119519233704e-01
-6.001405883580446243e-03
-4.073230549693107605e-02
-2.397486008703708649e-02
-1.474280748516321182e-02
5.187004432082176208e-02
-1.349070295691490173e-02
-4.910524934530258179e-02
4.001273959875106812e-02
-5.902337143197655678e-04
4.214290902018547058e-02
8.564105257391929626e-03
3.060822933912277222e-02
1.152775436639785767e-02
7.027199119329452515e-02
-4.007279127836227417e-02
1.201537903398275375e-02
-2.630448900163173676e-02
-1.583725400269031525e-02
-3.319638222455978394e-02
2.763439342379570007e-02
3.340375144034624100e-03
-4.993392527103424072e-02
-2.564822789281606674e-03
-4.395794495940208435e-02
-7.530341297388076782e-02
6.726264953613281250e-02
2.330957353115081787e-02
-5.414127185940742493e-02
7.876479625701904297e-02
2.638934738934040070e-02
-4.020355641841888428e-02
-1.204339973628520966e-02
-5.800301954150199890e-02
6.902051717042922974e-02
-3.512022644281387329e-02
6.156576052308082581e-02
-1.212392076849937439e-01
-6.010648608207702637e-02
3.697159141302108765e-02
3.614863008260726929e-02
3.875347971916198730e-02
1.121835596859455109e-02
2.526883268728852272e-03
-1.003099307417869568e-01
-4.230199009180068970e-02
-1.284374855458736420e-02
6.524989008903503418e-02
-8.414027839899063110e-02
7.497413083910942078e-03
4.738896712660789490e-02
-4.433196410536766052e-02
7.117182482033967972e-03
-9.669546782970428467e-02
-8.619838394224643707e-03
-3.517159819602966309e-02
4.285204224288463593e-03
3.843193501234054565e-02
-1.016943231225013733e-01
-3.147565876133739948e-04
1.069809645414352417e-01
2.488692104816436768e-02
-4.032897949218750000e-02
-7.041365653276443481e-02
-6.314375251531600952e-02
-2.242082357406616211e-02
-1.222332753241062164e-02
-6.909126043319702148e-02
3.421596810221672058e-02
-1.290457695722579956e-02
-1.066847424954175949e-02
-6.000590324401855469e-02
-1.391129475086927414e-02
-8.211182057857513428e-02
2.581788599491119385e-02
5.082719773054122925e-02
9.039529412984848022e-02
-2.408252097666263580e-02
-4.954333975911140442e-02
7.003258913755416870e-02
4.185109958052635193e-02
2.718726173043251038e-02
5.899540334939956665e-02
-5.183958448469638824e-03
2.286456525325775146e-02
1.272326707839965820e-02
-6.215586513280868530e-02
-4.791889339685440063e-02
-5.016256496310234070e-02
3.459558263421058655e-02
1.144736260175704956e-02
-4.097910597920417786e-02
-6.342585384845733643e-02
1.456558983772993088e-02
1.683624461293220520e-02
2.491635270416736603e-02
3.260311484336853027e-02
-7.049901783466339111e-02
2.441387623548507690e-02
1.079805544577538967e-03
1.717844977974891663e-02
-4.356915503740310669e-02
-2.478420920670032501e-02
2.961454354226589203e-02
5.847757682204246521e-02
9.402391314506530762e-02
5.368419364094734192e-02
-4.551514238119125366e-02
-7.057391107082366943e-02
8.824580907821655273e-02
1.024596393108367920e-02
1.077367439866065979e-01
3.184400871396064758e-02
-2.437316626310348511e-02
-3.515418618917465210e-02
-6.606628652662038803e-03
1.386972330510616302e-02
4.572716355323791504e-02
6.158415600657463074e-02
1.667433977127075195e-02
5.355844646692276001e-02
-3.658955916762351990e-02
4.319112002849578857e-02
-7.582809776067733765e-03
1.420526113361120224e-02
4.057779908180236816e-02
1.596381328999996185e-02
-4.052769392728805542e-02
-4.007934406399726868e-02
5.019082129001617432e-02
-4.922385886311531067e-02
1.791741326451301575e-02
8.796709589660167694e-03
6.620913278311491013e-03
-2.098253928124904633e-02
3.261751681566238403e-02
6.240108609199523926e-02
1.442229375243186951e-02
8.140663267113268375e-04
-4.146241769194602966e-02
2.183164656162261963e-02
3.329653665423393250e-02
4.627459868788719177e-02
-8.734089136123657227e-02
-1.275602355599403381e-02
3.854662552475929260e-02
8.052530139684677124e-02
-5.276745185256004333e-02
-9.842210263013839722e-02
-6.139784678816795349e-02
-2.354629710316658020e-02
-1.091353408992290497e-02
1.324569154530763626e-02
1.637379825115203857e-02
3.610047977417707443e-03
2.593587385490536690e-03
5.111978203058242798e-02
-4.327258840203285217e-02
1.403902377933263779e-02
2.039045654237270355e-02
2.930219285190105438e-02
-4.108894243836402893e-02
6.838236586190760136e-04
-1.209047529846429825e-02
2.382872067391872406e-02
3.937671333551406860e-02
-6.448440253734588623e-02
6.598812341690063477e-02
-1.083533689379692078e-01
5.721589922904968262e-02
-4.752675816416740417e-02
3.869485482573509216e-02
-1.315367966890335083e-02
-1.180565655231475830e-01
-5.063304677605628967e-02
-1.552919484674930573e-02
-2.335451776161789894e-03
-1.582323014736175537e-02
2.735480293631553650e-02
-4.745586961507797241e-02
-6.268463097512722015e-03
-6.487843394279479980e-02
2.069628797471523285e-02
-3.513563051819801331e-02
-4.042818397283554077e-02
-1.390024088323116302e-02
1.090794056653976440e-02
5.541552230715751648e-02
-3.857442736625671387e-02
-2.539979293942451477e-03
-8.141839876770973206e-03
-2.754252962768077850e-02
-3.464819118380546570e-02
2.720167674124240875e-02
-8.257713168859481812e-03
3.531979396939277649e-02
9.117595106363296509e-02
2.385553345084190369e-02
8.822245895862579346e-02
6.054171919822692871e-02
7.499164785258471966e-04
3.422921150922775269e-02
2.583771944046020508e-02
-5.153091624379158020e-02
-6.864751130342483521e-02
5.340746045112609863e-02
4.541445896029472351e-02
-1.089387573301792145e-02
2.916294150054454803e-02
2.350544184446334839e-02
-6.286201067268848419e-03
4.205472394824028015e-02
2.063705399632453918e-02
1.960308477282524109e-02
3.341079875826835632e-02
-3.209589794278144836e-02
-7.768427580595016479e-02
4.847727250307798386e-03
2.549773268401622772e-02
9.519405663013458252e-03
1.078773364424705505e-01
1.325481571257114410e-02
1.825857348740100861e-02
-2.363002859055995941e-02
1.837862469255924225e-02
8.962820284068584442e-03
1.284366101026535034e-02
6.194997951388359070e-02
4.009805343230254948e-05
1.841698028147220612e-02
-1.404348947107791901e-02
-3.110748715698719025e-02
-4.155609931331127882e-04
-3.913426399230957031e-02
-9.554833173751831055e-02
7.837015390396118164e-02
1.899600587785243988e-02
-6.832044571638107300e-02
1.076554041355848312e-02
4.020264744758605957e-02
-5.495563894510269165e-02
2.122945152223110199e-02
-5.956336110830307007e-02
-3.253367543220520020e-02
1.015592366456985474e-01
2.969671599566936493e-02
3.580347821116447449e-02
9.205283131450414658e-04
-2.527952380478382111e-02
1.539195218356326222e-04
6.191047281026840210e-02
-4.299137368798255920e-02
4.775766283273696899e-02
-7.405889779329299927e-02
6.429172120988368988e-03
-2.458951063454151154e-02
8.178504556417465210e-02
-6.560786161571741104e-03
-1.021719537675380707e-03
6.163930520415306091e-02
4.131151363253593445e-02
3.349737031385302544e-03
-3.706400748342275620e-03
5.038837715983390808e-02
5.308257043361663818e-02
-2.765989862382411957e-03
-8.242998592322692275e-05
-7.178048044443130493e-02
2.062401175498962402e-02
-7.715187221765518188e-02
-3.512559086084365845e-02
6.323701143264770508e-02
1.675152033567428589e-02
-7.018022239208221436e-02
1.264652237296104431e-02
5.339500494301319122e-04
-6.661164760589599609e-02
-5.482038110494613647e-02
-5.610389262437820435e-02
3.431705385446548462e-02
8.808286488056182861e-02
-1.059166565537452698e-01
-5.574147030711174011e-02
-1.373429503291845322e-02
3.737467154860496521e-02
-6.893001496791839600e-02
8.684638142585754395e-02
-6.829535216093063354e-02
-1.841473393142223358e-02
-2.045961655676364899e-02
2.449021860957145691e-02
3.421881794929504395e-02
-1.668471470475196838e-02
-4.326527565717697144e-02
-7.229131460189819336e-02
-4.661494866013526917e-02
3.124425932765007019e-02
-2.612171508371829987e-02
5.218699201941490173e-02
4.179729148745536804e-02
4.724847897887229919e-02
-2.674671635031700134e-02
3.142069652676582336e-02
2.494082227349281311e-02
2.517502056434750557e-03
-6.166985258460044861e-02
3.454455733299255371e-02
-7.668071892112493515e-03
-1.293812412768602371e-02
-7.619771361351013184e-02
-6.508525460958480835e-02
2.594744041562080383e-02
-4.527221620082855225e-02
-4.375052172690629959e-03
-2.718716859817504883e-02
-3.880156949162483215e-02
-1.960325054824352264e-02
8.500920981168746948e-02
-1.446249708533287048e-02
-6.094416230916976929e-02
-1.094100903719663620e-02
1.582960411906242371e-02
7.316539529711008072e-03
-4.252171143889427185e-02
-5.240360647439956665e-02
4.790283367037773132e-02
5.714204534888267517e-02
-7.968541234731674194e-02
-5.594942718744277954e-02
-3.638741374015808105e-02
7.611377537250518799e-02
6.450783461332321167e-02
-1.407599169760942459e-02
1.612594537436962128e-02
6.210107356309890747e-02
-6.652066111564636230e-02
2.709068357944488525e-02
-9.465005993843078613e-02
-1.035012956708669662e-02
1.514987554401159286e-02
3.431774443015456200e-03
-3.190797939896583557e-02
-1.344070211052894592e-02
5.479000881314277649e-02
-1.382294017821550369e-02
-2.566244825720787048e-02
2.210347726941108704e-02
4.084188491106033325e-02
1.509452424943447113e-02
3.370511904358863831e-02
4.022498056292533875e-02
2.533883042633533478e-02
6.382723152637481689e-02
-4.255672171711921692e-02
8.854038082063198090e-03
-5.497179925441741943e-02
-6.932359933853149414e-02
3.136428445577621460e-02
5.956067144870758057e-02
8.642318844795227051e-02
3.552367538213729858e-02
3.317594528198242188e-02
4.371850565075874329e-02
8.522571623325347900e-02
-5.657132714986801147e-02
-6.386207789182662964e-02
4.261548072099685669e-02
-1.591487228870391846e-02
-7.828042656183242798e-02
6.602720916271209717e-02
-7.696308195590972900e-02
-6.792510300874710083e-02
-3.765541687607765198e-02
-7.667245343327522278e-03
-2.346707135438919067e-02
-2.349752932786941528e-02
-3.638891130685806274e-02
-6.622996646910905838e-03
-1.793019101023674011e-02
6.859435886144638062e-02
4.719061776995658875e-02
-8.654844760894775391e-02
6.329213734716176987e-03
5.927137099206447601e-03
-2.611479349434375763e-02
2.825530245900154114e-02
2.884324267506599426e-02
2.241454459726810455e-02
5.347663536667823792e-02
5.206422135233879089e-02
-2.147130295634269714e-02
-1.694497466087341309e-02
-2.137147635221481323e-02
-6.442333012819290161e-02
-5.390599835664033890e-03
3.996471315622329712e-02
-6.853417027741670609e-03
4.045876860618591309e-02
-1.814400963485240936e-02
7.773985713720321655e-02
3.225277736783027649e-02
6.725759804248809814e-02
3.362040594220161438e-02
-2.942315675318241119e-02
5.335230007767677307e-02
3.245617821812629700e-02
5.772698298096656799e-02
2.360880188643932343e-02
-1.089410390704870224e-02
4.266409203410148621e-02
1.592181622982025146e-02
-5.350812803953886032e-03
-7.668138295412063599e-02
8.524579554796218872e-02
1.043381262570619583e-02
-7.051721215248107910e-02
8.410205692052841187e-02
-4.986169189214706421e-02
2.314274944365024567e-02
1.532536000013351440e-02
-1.131303142756223679e-02
-1.343274395912885666e-02
-3.717597573995590210e-02
-7.083827257156372070e-02
-4.273364692926406860e-02
-8.096285164356231689e-02
6.298872642219066620e-03
-4.090783745050430298e-02
5.070723593235015869e-02
9.789784252643585205e-02
3.021067194640636444e-02
-9.318142384290695190e-02
2.199586667120456696e-02
-8.523070067167282104e-02
3.446066752076148987e-02
-3.415601328015327454e-02
-2.598661743104457855e-02
-2.943787537515163422e-02
-1.727342605590820312e-02
-9.781818836927413940e-02
4.824434220790863037e-02
-6.611536256968975067e-03
-5.603658780455589294e-02
1.001041382551193237e-02
4.384869709610939026e-02
-6.710720807313919067e-02
-3.708648309111595154e-02
2.054947614669799805e-02
-1.618990674614906311e-02
2.576932683587074280e-02
-2.288573235273361206e-02
-4.986489191651344299e-02
9.455683082342147827e-02
1.836824975907802582e-02
-1.509780343621969223e-02
2.438551373779773712e-02
-2.509560063481330872e-02
-5.132611468434333801e-02
1.457269396632909775e-02
-3.746736422181129456e-02
5.998350679874420166e-02
2.706703171133995056e-02
-8.823898620903491974e-03
-7.130145281553268433e-02
1.652758941054344177e-02
6.981099396944046021e-02
-6.645865738391876221e-02
6.659917533397674561e-02
4.925134032964706421e-02
-2.358362777158617973e-03
-5.555526167154312134e-02
8.499503880739212036e-02
1.513931807130575180e-02
-6.505963392555713654e-03
1.785553991794586182e-02
1.308885514736175537e-01
3.647767938673496246e-03
-2.879044786095619202e-02
-2.322348579764366150e-02
-3.425763919949531555e-02
-5.780224874615669250e-02
3.183430805802345276e-02
6.491612643003463745e-02
-1.177450567483901978e-01
-1.491346396505832672e-02
2.653334476053714752e-02
-3.413655981421470642e-02
-8.460148423910140991e-02
-4.003960266709327698e-02
2.654216066002845764e-02
-3.942892700433731079e-02
-5.145161971449851990e-02
-5.563535541296005249e-02
2.068245597183704376e-02
-5.902284756302833557e-02
-3.050708677619695663e-03
-9.386236965656280518e-02
2.928397245705127716e-02
-3.053742460906505585e-02
1.878395117819309235e-02
-9.201756864786148071e-02
2.568743564188480377e-02
7.690069079399108887e-02
1.749142631888389587e-02
3.604264557361602783e-02
-9.466707706451416016e-03
-2.093777619302272797e-02
-6.596855819225311279e-02
-5.939480662345886230e-02
-6.876365095376968384e-02
-2.974256314337253571e-02
3.896094113588333130e-02
-4.570499062538146973e-02
6.207009311765432358e-03
1.744267158210277557e-02
-2.344525419175624847e-02
1.116484403610229492e-02
2.351724542677402496e-03
6.404648721218109131e-02
1.093798428773880005e-01
-2.503011003136634827e-02
-8.895903080701828003e-02
-1.198114734143018723e-02
-3.266405686736106873e-02
-7.507665082812309265e-03
-5.021297559142112732e-02
1.091146469116210938e-01
-9.575318545103073120e-03
1.468298118561506271e-02
-5.636226758360862732e-02
2.500481158494949341e-02
-9.165245294570922852e-02
4.765514656901359558e-02
4.234362021088600159e-02
-5.837107077240943909e-02
2.363242767751216888e-02
-3.370917961001396179e-02
5.851767957210540771e-02
3.167777135968208313e-02
6.524901837110519409e-02
-5.124111659824848175e-03
