1.870890520513057709e-02
2.689620852470397949e-02
-5.639554932713508606e-03
-9.240498766303062439e-03
-3.802887722849845886e-02
-7.926814141683280468e-04
-8.123423904180526733e-02
-2.546526864171028137e-02
4.928368330001831055e-02
1.132470518350601196e-01
8.526042103767395020e-03
7.312054187059402466e-02
-3.481683507561683655e-02
6.334242224693298340e-02
3.455873520579189062e-04
-5.487177893519401550e-02
1.856019161641597748e-02
-4.453562200069427490e-02
6.345054507255554199e-02
-9.063612087629735470e-04
1.178438961505889893e-02
-7.150070741772651672e-03
-4.586625844240188599e-02
-2.748796343803405762e-02
9.011997282505035400e-02
4.102469608187675476e-02
-3.535402566194534302e-02
9.600099176168441772e-02
-6.867311149835586548e-02
-1.915946952067315578e-03
-4.730569198727607727e-03
2.409115806221961975e-02
1.755578070878982544e-02
-5.434076488018035889e-02
2.951518446207046509e-02
4.183121398091316223e-02
6.439255177974700928e-02
3.952424973249435425e-02
4.932996258139610291e-02
-9.066178463399410248e-03
-4.378433339297771454e-03
3.201481327414512634e-02
8.404111862182617188e-02
-3.433097153902053833e-02
2.003159746527671814e-02
-2.176582440733909607e-02
2.941719628870487213e-02
4.717730358242988586e-02
-2.235997281968593597e-02
-3.558592125773429871e-02
3.377673029899597168e-02
3.161408379673957825e-02
3.049657680094242096e-02
-4.176444187760353088e-02
5.200478713959455490e-03
-4.480401799082756042e-02
-3.255677223205566406e-02
1.200582599267363548e-03
2.392502268776297569e-03
-3.294384106993675232e-02
2.286571636795997620e-02
3.990078810602426529e-03
-1.610883511602878571e-03
2.077524922788143158e-02
2.461997326463460922e-03
2.695139497518539429e-03
8.020683890208601952e-05
8.653021417558193207e-03
2.586439996957778931e-02
4.297837987542152405e-02
-7.327336817979812622e-02
3.427540883421897888e-02
1.056671608239412308e-02
-2.066080458462238312e-02
3.630613535642623901e-02
-7.027679681777954102e-02
5.505739897489547729e-02
-6.166000384837388992e-03
-4.649096727371215820e-02
4.212066158652305603e-02
-6.952969729900360107e-02
-6.281472742557525635e-02
8.963975124061107635e-03
4.130280867684632540e-04
-6.532817333936691284e-02
-6.457082927227020264e-03
4.433507099747657776e-02
-5.128268525004386902e-02
-1.819879375398159027e-02
-4.107462614774703979e-02
4.306162521243095398e-02
-2.489767037332057953e-03
-3.423636406660079956e-02
4.410960711538791656e-03
-2.182777784764766693e-02
3.837386891245841980e-02
-2.758557721972465515e-02
-5.101072136312723160e-03
-6.584532558917999268e-02
-4.506444931030273438e-02
1.697413250803947449e-02
-2.622786164283752441e-02
-9.000502526760101318e-02
-2.665596082806587219e-03
-2.108287438750267029e-02
-1.270327065140008926e-02
-4.994937032461166382e-02
-1.805127225816249847e-02
2.757952176034450531e-02
1.076487079262733459e-02
2.876351401209831238e-02
3.056151978671550751e-02
-6.005503609776496887e-02
-3.434722311794757843e-03
-1.610918343067169189e-02
6.000339239835739136e-02
2.172243967652320862e-02
2.094548195600509644e-02
-4.498042166233062744e-03
-3.212399408221244812e-02
3.403983637690544128e-02
1.200601831078529358e-02
-7.088299095630645752e-02
4.723586887121200562e-02
-5.913843214511871338e-02
1.421340741217136383e-02
-3.572913631796836853e-02
6.944593507796525955e-03
-3.564986586570739746e-02
3.296379745006561279e-02
-4.034012556076049805e-02
-4.224866628646850586e-02
5.960565805435180664e-02
-2.184438519179821014e-02
-6.081720441579818726e-02
-5.309190601110458374e-02
-1.370393019169569016e-02
2.807303518056869507e-02
-1.006470024585723877e-01
-1.433231774717569351e-02
-6.445790827274322510e-02
6.700045615434646606e-02
-9.051486849784851074e-03
7.201690226793289185e-02
5.784125998616218567e-02
-4.152695462107658386e-02
-1.998521015048027039e-02
-2.698264457285404205e-02
1.042761746793985367e-02
6.086703855544328690e-03
1.763370260596275330e-02
1.347390841692686081e-02
-9.622718789614737034e-04
1.654502935707569122e-02
3.216404095292091370e-02
-5.601789429783821106e-02
-1.139358524233102798e-02
1.118117757141590118e-02
5.129661411046981812e-02
-5.459272768348455429e-03
5.586747452616691589e-02
-3.467890247702598572e-02
1.684888452291488647e-02
-1.399778667837381363e-02
3.096495196223258972e-02
2.426796220242977142e-02
1.282087527215480804e-03
9.465725161135196686e-03
-5.316424369812011719e-02
8.053408563137054443e-02
4.543175920844078064e-02
-1.673187687993049622e-02
-1.129177771508693695e-02
-2.553583122789859772e-02
-4.319423437118530273e-02
-4.256382908351952210e-06
4.869402199983596802e-02
-6.642257422208786011e-02
-6.728159636259078979e-02
-1.903053931891918182e-02
-3.244368708692491055e-04
5.354497954249382019e-02
5.146902799606323242e-02
6.322004646062850952e-02
5.234622862190008163e-03
-7.262631505727767944e-02
8.375258184969425201e-03
-6.064748018980026245e-02
6.370828486979007721e-03
1.797189190983772278e-02
1.274289339780807495e-01
1.820307783782482147e-02
3.495562588796019554e-03
-3.065177937969565392e-03
3.896349295973777771e-02
4.336040932685136795e-03
-1.300815586000680923e-02
-3.591710329055786133e-02
3.204169124364852905e-02
-1.288748439401388168e-02
-1.286097057163715363e-02
4.296310245990753174e-02
8.105752989649772644e-03
5.282383039593696594e-02
-1.949199102818965912e-02
-2.459041029214859009e-02
7.532903552055358887e-02
-2.300971373915672302e-02
4.577381163835525513e-02
-2.610971964895725250e-02
-1.994828134775161743e-02
-4.595631361007690430e-02
5.440976098179817200e-02
-4.420392587780952454e-02
-3.497775271534919739e-02
-1.986326649785041809e-02
-2.459782734513282776e-02
-1.457429211586713791e-02
1.568531617522239685e-02
-3.543474525213241577e-02
-8.723540231585502625e-03
-4.450244829058647156e-02
5.133504047989845276e-02
1.983585301786661148e-03
2.103947475552558899e-02
-2.520719915628433228e-02
-3.630913048982620239e-02
-6.382659077644348145e-02
-8.968244306743144989e-03
8.665256202220916748e-03
-8.324855007231235504e-03
2.235691435635089874e-02
1.077804155647754669e-02
2.325898408889770508e-02
-1.149615459144115448e-02
1.313840737566351891e-03
-2.830868586897850037e-02
7.508657872676849365e-02
-6.931477691978216171e-03
-7.007884234189987183e-02
-1.270287018269300461e-02
3.796208649873733521e-02
1.095521543174982071e-02
3.947215899825096130e-02
-2.204776369035243988e-02
3.843125654384493828e-03
3.228180855512619019e-02
6.270697340369224548e-03
2.179146371781826019e-02
-8.152384310960769653e-02
-6.492802500724792480e-02
2.676082216203212738e-02
7.148434524424374104e-04
-1.781848631799221039e-02
3.955236449837684631e-02
-5.329146049916744232e-03
2.745160460472106934e-02
1.354558300226926804e-02
-4.038358852267265320e-02
-1.855167001485824585e-02
-4.405625537037849426e-02
-4.054609313607215881e-02
-2.726932615041732788e-02
-1.903375983238220215e-02
1.978860050439834595e-02
-1.176073122769594193e-02
2.678619883954524994e-02
3.991261497139930725e-02
-1.953770406544208527e-02
1.536651141941547394e-02
-3.358670696616172791e-02
-3.352862596511840820e-02
4.753291234374046326e-02
4.691022913902997971e-03
-1.677532121539115906e-02
3.835331648588180542e-02
-1.163865323178470135e-03
-4.721049591898918152e-02
-3.740666434168815613e-03
-4.908335953950881958e-02
3.779762890189886093e-03
-8.196327835321426392e-03
-1.614649314433336258e-03
-1.768432185053825378e-02
-5.234266072511672974e-02
9.589837491512298584e-02
1.024776045233011246e-02
-3.644855692982673645e-02
2.664655260741710663e-02
-5.155577883124351501e-02
6.029700115323066711e-02
-1.172598171979188919e-02
5.932366102933883667e-02
-3.498817607760429382e-02
6.019241642206907272e-03
4.231711104512214661e-02
-8.637236058712005615e-02
-1.790478453040122986e-02
-1.354102790355682373e-02
1.861315034329891205e-02
-1.082413364201784134e-02
-1.341972127556800842e-02
6.281881779432296753e-02
-2.545380406081676483e-02
-1.748465746641159058e-02
5.171353463083505630e-03
1.016142312437295914e-02
2.269128523766994476e-02
1.548601128160953522e-02
5.014205724000930786e-02
-1.869452930986881256e-02
4.210028052330017090e-02
-4.840108007192611694e-02
-1.897902600467205048e-02
-8.246443234384059906e-03
-3.215193748474121094e-02
-2.504728920757770538e-02
3.686810843646526337e-03
8.457509800791740417e-03
-2.457638271152973175e-02
-7.059422135353088379e-02
-3.389144316315650940e-02
9.188704192638397217e-03
-1.217151340097188950e-02
4.938605427742004395e-02
2.297668904066085815e-02
-7.198646198958158493e-03
2.239111438393592834e-02
-4.363200068473815918e-02
-2.402255125343799591e-02
-2.607206813991069794e-02
-4.503630846738815308e-02
1.530670095235109329e-02
-1.653262972831726074e-02
-2.831152081489562988e-02
-1.632109470665454865e-02
-1.139809377491474152e-02
-9.516956284642219543e-03
-1.079140305519104004e-01
2.738908678293228149e-02
-3.670599311590194702e-02
-4.733221232891082764e-02
1.305682933889329433e-03
-2.423004247248172760e-02
1.902291737496852875e-02
3.920549154281616211e-02
-5.418899003416299820e-03
-6.515036523342132568e-02
-1.034573838114738464e-02
3.397858515381813049e-02
3.497837111353874207e-02
-4.187484830617904663e-02
-2.570182830095291138e-02
-2.801744826138019562e-02
3.678229451179504395e-02
-3.801174927502870560e-03
5.027008056640625000e-02
-5.620440933853387833e-03
-7.216309010982513428e-02
-1.685643196105957031e-02
3.289826586842536926e-02
4.444340988993644714e-02
1.209834441542625427e-01
4.095015302300453186e-02
1.044054403901100159e-01
-3.867832245305180550e-03
1.379251293838024139e-02
-4.134866967797279358e-02
-1.403944566845893860e-03
-7.865557074546813965e-02
6.151805166155099869e-03
9.409055858850479126e-02
-4.641269519925117493e-02
4.149536043405532837e-02
6.438949704170227051e-02
6.789878755807876587e-02
-2.383747883141040802e-02
8.200602978467941284e-02
-4.254505410790443420e-02
4.719552770256996155e-02
3.289144858717918396e-02
9.152479469776153564e-03
4.224632307887077332e-02
2.288245595991611481e-03
2.239056490361690521e-02
-4.959020297974348068e-03
-3.355875238776206970e-02
2.029480785131454468e-02
-7.683291099965572357e-03
-3.035713173449039459e-02
-3.751952573657035828e-02
5.725353956222534180e-02
-4.214275628328323364e-02
-2.054242976009845734e-02
-3.682811278849840164e-03
6.673306226730346680e-02
3.805962949991226196e-02
-2.119858935475349426e-02
-9.824642911553382874e-03
-2.038649283349514008e-02
2.992584370076656342e-02
6.006515771150588989e-02
-1.586746238172054291e-02
-8.965446613729000092e-03
4.638671502470970154e-02
7.668440788984298706e-02
-6.847495585680007935e-02
-4.999089241027832031e-02
-2.835422940552234650e-02
-6.146531179547309875e-02
-2.552192844450473785e-02
-4.310192540287971497e-03
-3.141743689775466919e-02
6.761054694652557373e-02
-2.999413572251796722e-02
2.951828949153423309e-02
2.012786269187927246e-02
1.228299923241138458e-02
1.549070701003074646e-03
-3.583890944719314575e-02
-3.568220138549804688e-02
1.851206831634044647e-02
-1.521987002342939377e-02
5.970374867320060730e-02
-7.305087056010961533e-03
3.034568391740322113e-02
-8.681342937052249908e-03
-4.112873226404190063e-02
-8.341257460415363312e-03
-5.669636651873588562e-02
3.411536291241645813e-02
3.618649765849113464e-02
-4.762395285069942474e-03
6.509573757648468018e-02
-6.791041791439056396e-02
1.929710269905626774e-03
1.122821215540170670e-02
3.239260613918304443e-02
-2.453525085002183914e-03
3.692952170968055725e-02
-3.549399226903915405e-02
-2.253321558237075806e-02
7.590048015117645264e-02
-5.775355175137519836e-02
-5.912125110626220703e-03
-2.284409105777740479e-02
2.342473529279232025e-02
-9.326601400971412659e-03
-4.041011631488800049e-02
-3.678478673100471497e-02
1.564195752143859863e-02
1.923528313636779785e-02
1.923691853880882263e-02
-6.049659568816423416e-03
-1.842464320361614227e-02
4.119913280010223389e-02
1.966217299923300743e-03
1.116432528942823410e-02
-2.453074231743812561e-02
1.109811011701822281e-03
-6.074493285268545151e-03
8.565962314605712891e-02
-3.503306582570075989e-02
-5.072940140962600708e-02
-7.576360367238521576e-03
-3.379875421524047852e-02
4.393129050731658936e-02
-3.561734035611152649e-02
-7.284610066562891006e-03
8.286035060882568359e-02
-4.927081614732742310e-02
6.140040233731269836e-02
-3.736561164259910583e-02
7.603193167597055435e-03
6.995107978582382202e-02
-3.720303624868392944e-02
2.646433934569358826e-02
-4.281298443675041199e-02
2.233525738120079041e-02
5.130254849791526794e-02
1.438181032426655293e-03
3.462168946862220764e-02
7.599736005067825317e-02
-2.846899069845676422e-02
-1.359991822391748428e-02
9.167412295937538147e-03
4.616707935929298401e-02
-5.725176632404327393e-02
2.683346159756183624e-02
-5.780951306223869324e-02
-4.251106292940676212e-04
6.313830614089965820e-02
-8.147165179252624512e-03
-1.457746922969818115e-01
-3.008473291993141174e-02
2.702288515865802765e-02
-2.485989220440387726e-02
4.024836793541908264e-02
7.158897817134857178e-02
1.968534104526042938e-02
-2.471969649195671082e-02
2.884831465780735016e-02
1.801405160222202539e-04
2.076127752661705017e-02
-4.103547427803277969e-03
-1.005291100591421127e-02
-6.525526288896799088e-03
-7.361499220132827759e-02
3.681430220603942871e-02
-7.345348596572875977e-03
6.704744696617126465e-02
-4.011712595820426941e-02
4.288122430443763733e-02
-1.596105750650167465e-03
-1.725333277136087418e-03
2.162243239581584930e-02
1.840324327349662781e-02
-2.861667238175868988e-02
-4.769023507833480835e-02
-6.768998503684997559e-02
5.128609761595726013e-02
-3.055727854371070862e-02
-6.531284004449844360e-02
-4.100025631487369537e-03
1.745383068919181824e-02
9.370663901790976524e-04
-2.036776207387447357e-02
2.948220260441303253e-02
-2.510486519895493984e-04
-5.151184275746345520e-02
2.714598551392555237e-02
1.187397539615631104e-02
-8.343155495822429657e-03
-3.087399341166019440e-02
-1.341205555945634842e-02
4.254953190684318542e-02
-3.774460032582283020e-02
-4.378127399832010269e-03
-2.736639976501464844e-02
-5.656626820564270020e-02
2.686441317200660706e-02
5.320709198713302612e-02
5.236342176795005798e-02
-7.112944126129150391e-02
2.041213400661945343e-02
4.121029004454612732e-02
-1.082582622766494751e-01
1.372873969376087189e-02
4.883994162082672119e-02
-2.987088402733206749e-03
1.080576609820127487e-02
7.314474135637283325e-02
-1.031589657068252563e-01
3.113461472094058990e-02
-2.288735471665859222e-02
-2.090445021167397499e-03
1.004397347569465637e-01
5.944136530160903931e-03
-1.719437912106513977e-02
-3.085208497941493988e-02
4.479630850255489349e-03
2.576765604317188263e-02
-3.473567217588424683e-02
-8.381182700395584106e-02
-4.820860177278518677e-02
-2.898353710770606995e-02
2.591225691139698029e-02
3.882363438606262207e-02
-6.747938692569732666e-02
-4.581261053681373596e-02
-5.519871786236763000e-02
3.399487212300300598e-02
2.374007832258939743e-03
1.997846737504005432e-02
-2.838110364973545074e-02
2.624980546534061432e-02
2.248645946383476257e-02
2.711280807852745056e-02
2.524454146623611450e-02
2.859548106789588928e-02
-1.002482976764440536e-02
-1.002347245812416077e-01
5.286251008510589600e-02
2.308977954089641571e-02
-4.062444344162940979e-02
1.590993138961493969e-03
3.842416033148765564e-02
3.347959741950035095e-02
-1.746354438364505768e-02
-5.024350434541702271e-02
1.225527003407478333e-02
6.901071406900882721e-03
4.287171363830566406e-02
5.133188515901565552e-02
-1.220760121941566467e-02
-2.911763731390237808e-03
5.752961337566375732e-02
-1.739461533725261688e-02
3.290408849716186523e-02
-4.950005933642387390e-02
3.054749034345149994e-02
1.317497994750738144e-02
2.431362401694059372e-03
-1.061665937304496765e-01
-2.520000562071800232e-02
1.782006397843360901e-02
-3.624595468863844872e-03
-1.071520615369081497e-02
-4.334219172596931458e-02
-7.463851571083068848e-02
6.490846723318099976e-02
9.608426690101623535e-02
-6.818812340497970581e-02
1.616981998085975647e-02
2.536010369658470154e-02
3.034040331840515137e-02
-3.326155990362167358e-02
4.523543268442153931e-02
1.333518512547016144e-02
-2.563934959471225739e-02
5.873112753033638000e-02
-2.614630199968814850e-02
8.528344333171844482e-02
-8.899939060211181641e-02
9.896696358919143677e-02
3.690778464078903198e-02
9.666917845606803894e-03
2.155938273062929511e-04
9.226954542100429535e-03
-1.865314319729804993e-03
-2.386095561087131500e-02
1.900128461420536041e-02
-3.426574170589447021e-02
-2.181402221322059631e-02
8.176321163773536682e-03
-3.535571740940213203e-03
-2.675616368651390076e-02
2.990307752043008804e-03
-4.050518386065959930e-03
4.816665779799222946e-03
-2.440687641501426697e-02
1.258082594722509384e-02
9.970053099095821381e-03
2.297018654644489288e-02
-9.033516049385070801e-03
2.954849787056446075e-02
-1.284173503518104553e-02
3.991639986634254456e-02
2.773199975490570068e-02
-3.022474236786365509e-02
-1.664571277797222137e-02
2.339865546673536301e-03
3.233098238706588745e-02
-9.675603359937667847e-03
-9.642528742551803589e-02
3.329449892044067383e-02
6.598825007677078247e-02
-1.636398397386074066e-02
-2.598502300679683685e-02
1.804166845977306366e-02
1.570705883204936981e-02
-5.204923823475837708e-02
1.520647108554840088e-02
2.962377481162548065e-02
-3.489299863576889038e-02
2.725411392748355865e-02
3.239974752068519592e-02
3.369919210672378540e-02
5.685885623097419739e-02
3.514119982719421387e-02
1.914628222584724426e-02
3.791999071836471558e-02
-1.489425636827945709e-02
9.255395270884037018e-03
7.307272870093584061e-03
1.449396368116140366e-02
-5.118089914321899414e-02
8.344023674726486206e-02
7.032929360866546631e-02
-3.311518579721450806e-03
-2.086675167083740234e-02
-1.462460216134786606e-02
1.112517435103654861e-02
-5.013456568121910095e-02
3.220213204622268677e-02
-2.470230869948863983e-02
-1.736383885145187378e-02
-1.447125617414712906e-02
2.699650265276432037e-02
3.637798596173524857e-03
2.452459884807467461e-03
-6.028105691075325012e-02
-6.926801055669784546e-03
-6.228161044418811798e-03
1.783277466893196106e-02
-1.806274056434631348e-02
6.048229988664388657e-03
4.500393569469451904e-02
7.920595258474349976e-02
6.130354106426239014e-02
5.414391681551933289e-02
2.759337797760963440e-02
-3.332374244928359985e-02
-3.322921320796012878e-02
-3.806486725807189941e-02
-4.128376394510269165e-02
-2.104780450463294983e-02
-7.886578142642974854e-02
6.964187603443861008e-03
2.551594376564025879e-02
-2.128033526241779327e-02
5.113280378282070160e-03
-3.525315597653388977e-02
2.293368615210056305e-02
8.062953501939773560e-02
3.092281892895698547e-02
5.662593618035316467e-02
-4.331706464290618896e-02
1.718991086818277836e-03
2.781554684042930603e-02
8.744031190872192383e-03
4.983046092092990875e-03
1.656102761626243591e-02
2.260269224643707275e-02
-4.824291169643402100e-02
1.615864038467407227e-02
8.540413528680801392e-02
1.951872557401657104e-02
-2.105197124183177948e-02
5.529243033379316330e-03
-4.450128762982785702e-04
-5.713925696909427643e-03
-1.927984878420829773e-02
-4.507659748196601868e-02
-1.508669345639646053e-03
5.430040508508682251e-02
3.895835950970649719e-02
7.255723699927330017e-03
-5.253124982118606567e-03
3.267284110188484192e-02
-2.184672653675079346e-02
2.914349175989627838e-02
-2.003910578787326813e-02
5.511371791362762451e-02
2.249739691615104675e-02
-4.365736246109008789e-02
2.584264846518635750e-03
-3.207876114174723625e-03
-6.822817772626876831e-02
-6.812171638011932373e-02
-5.531754717230796814e-02
-3.062360733747482300e-02
1.680424250662326813e-02
2.269665151834487915e-02
5.302267894148826599e-02
3.700036555528640747e-02
5.430829152464866638e-02
-2.911989763379096985e-02
-3.498490527272224426e-02
-3.056766465306282043e-02
-2.461610594764351845e-03
-2.144623920321464539e-02
3.328914567828178406e-02
-4.351381957530975342e-02
3.546956926584243774e-02
3.062159568071365356e-02
1.088020298629999161e-02
-3.454625606536865234e-02
-4.772335756570100784e-03
2.097684517502784729e-02
-1.465666946023702621e-02
1.275598816573619843e-02
1.552086416631937027e-02
4.671257734298706055e-02
-7.214213907718658447e-02
1.071116887032985687e-02
-1.021015457808971405e-03
-4.822248127311468124e-03
-8.790145814418792725e-02
-3.100508078932762146e-02
4.826233163475990295e-02
-6.517871469259262085e-02
-1.462272182106971741e-02
-7.757644355297088623e-02
-2.204913273453712463e-02
8.344099856913089752e-03
6.588464230298995972e-02
-7.585643325001001358e-03
6.056676059961318970e-02
-2.555630169808864594e-02
-7.261572871357202530e-03
1.155824121087789536e-02
-4.664953052997589111e-02
-1.797630265355110168e-02
1.064190044999122620e-01
1.868783496320247650e-02
4.829668998718261719e-02
-8.072308450937271118e-02
1.017554197460412979e-02
-7.370079867541790009e-03
2.348785474896430969e-02
-7.328485697507858276e-02
-7.102298736572265625e-02
5.047776736319065094e-03
7.281168363988399506e-03
1.858369447290897369e-02
-7.942457497119903564e-02
1.744205504655838013e-02
-1.823307015001773834e-02
1.367489341646432877e-03
2.048917300999164581e-02
4.471763223409652710e-02
-1.691900379955768585e-02
-2.850942127406597137e-02
2.256319858133792877e-02
-1.208528969436883926e-02
-2.423202618956565857e-02
-4.251797869801521301e-02
5.139436572790145874e-02
-6.092005595564842224e-02
3.401673957705497742e-02
2.064573951065540314e-02
-5.142381414771080017e-02
4.476402699947357178e-02
-3.238957002758979797e-02
6.876720488071441650e-02
2.138303965330123901e-02
4.223671182990074158e-02
-5.453689955174922943e-03
6.568450480699539185e-02
7.419065386056900024e-02
-7.817445695400238037e-02
4.491801839321851730e-03
3.237573429942131042e-02
1.045403331518173218e-01
-6.413067877292633057e-02
1.681272126734256744e-02
6.085872184485197067e-03
-1.619479432702064514e-02
7.222674787044525146e-02
8.148669265210628510e-03
-1.011891663074493408e-01
-4.888668283820152283e-02
8.055327460169792175e-03
-2.267864160239696503e-02
1.456726808100938797e-02
-7.801378518342971802e-02
1.335254218429327011e-02
2.504134178161621094e-02
-3.571831807494163513e-02
4.766881838440895081e-02
-5.419769138097763062e-02
6.687566637992858887e-02
8.538648486137390137e-03
8.350674062967300415e-03
9.711160324513912201e-03
5.418811738491058350e-02
-1.833736523985862732e-02
1.560749951750040054e-03
-1.100161857903003693e-02
3.542450442910194397e-02
2.069943770766258240e-02
-6.678497046232223511e-02
-2.398295700550079346e-02
-1.033356040716171265e-02
3.086366131901741028e-02
6.053598597645759583e-02
-1.214549597352743149e-02
1.513293199241161346e-02
5.899357050657272339e-02
5.651662871241569519e-02
5.714670941233634949e-02
3.049832209944725037e-02
-3.472740203142166138e-02
6.206948310136795044e-02
2.096436358988285065e-02
-7.079773396253585815e-02
6.114883348345756531e-02
2.986751496791839600e-02
-3.616653010249137878e-02
3.197876736521720886e-02
-1.203499082475900650e-02
-2.893224731087684631e-02
8.688712492585182190e-03
-5.497708171606063843e-02
-1.398556213825941086e-02
8.063770085573196411e-02
-1.038761995732784271e-02
7.792596705257892609e-03
-3.974763210862874985e-03
2.191953733563423157e-02
-1.259654574096202850e-02
6.398911029100418091e-02
-3.781622275710105896e-02
2.153618447482585907e-02
1.764063723385334015e-02
-1.096334457397460938e-01
7.809564005583524704e-03
2.798805572092533112e-02
7.746807299554347992e-03
1.144722197204828262e-02
3.056815080344676971e-02
1.051346957683563232e-01
3.229586035013198853e-02
4.413975030183792114e-02
1.659465953707695007e-02
-2.987420558929443359e-02
4.283963143825531006e-02
4.239178821444511414e-02
5.932457861490547657e-05
2.975660748779773712e-02
-7.254309952259063721e-03
-1.251975633203983307e-02
-5.111216008663177490e-02
-3.147736191749572754e-02
1.043464690446853638e-01
-3.154479339718818665e-02
2.240671031177043915e-02
-7.104461081326007843e-03
-1.649997569620609283e-02
-3.550017252564430237e-02
-5.465330928564071655e-02
4.471902176737785339e-02
8.547277003526687622e-02
-5.991941690444946289e-02
-3.550042584538459778e-02
-7.462532725185155869e-03
-4.952855780720710754e-02
2.896832861006259918e-02
2.563256211578845978e-02
-3.549420833587646484e-02
-2.916530519723892212e-02
1.047675777226686478e-02
1.494277920573949814e-02
-4.390841349959373474e-02
4.906947910785675049e-02
6.257095932960510254e-02
-4.309867322444915771e-02
3.693785145878791809e-02
2.459689229726791382e-02
-6.468955427408218384e-02
8.291039615869522095e-03
-4.118355736136436462e-02
-2.025597728788852692e-03
-4.535787925124168396e-02
-5.373834632337093353e-03
1.865324936807155609e-02
-2.319780644029378891e-03
2.194770611822605133e-02
3.388716652989387512e-02
-2.834339626133441925e-02
-1.813923008739948273e-02
4.371748305857181549e-03
4.608829692006111145e-02
4.842495173215866089e-02
-4.560010880231857300e-02
5.054861307144165039e-02
3.909056633710861206e-02
3.032623231410980225e-02
-3.392012417316436768e-02
-6.442290265113115311e-03
1.853206567466259003e-02
5.721062794327735901e-02
7.351548969745635986e-02
5.057939514517784119e-02
2.272077836096286774e-02
-7.015526294708251953e-02
2.828779257833957672e-02
-3.190898895263671875e-02
-2.933448925614356995e-02
-2.426530234515666962e-02
-6.433194037526845932e-03
5.227978527545928955e-02
4.781715571880340576e-03
-3.844146151095628738e-03
1.385602913796901703e-02
5.715461820363998413e-02
1.491423416882753372e-02
3.158770501613616943e-02
-3.784578526392579079e-03
-3.845379920676350594e-03
5.659627169370651245e-02
2.771073020994663239e-03
2.507497556507587433e-02
-4.337947349995374680e-03
-5.005688220262527466e-02
-3.423490375280380249e-02
9.945681318640708923e-03
-3.121524350717663765e-03
1.234453078359365463e-02
-3.433864563703536987e-02
1.182234566658735275e-02
-1.223769690841436386e-02
2.787716872990131378e-02
2.761376835405826569e-02
-7.406029850244522095e-03
-2.055294066667556763e-02
-2.936947904527187347e-02
3.204975277185440063e-02
9.127193130552768707e-03
1.404208131134510040e-02
3.636182099580764771e-02
2.244905009865760803e-02
-1.071732565760612488e-01
5.261644348502159119e-02
-1.010940503329038620e-02
-3.867530077695846558e-02
-1.391715556383132935e-02
2.182771451771259308e-02
-3.407140076160430908e-02
1.062375120818614960e-02
3.422407433390617371e-02
-4.108633846044540405e-02
3.313032165169715881e-02
5.862575024366378784e-03
-7.367514073848724365e-02
3.585142269730567932e-02
-3.044120501726865768e-03
5.772172659635543823e-02
-2.922994084656238556e-02
2.493806369602680206e-02
-4.859858378767967224e-02
1.000491622835397720e-02
2.722315676510334015e-02
