-4.689792171120643616e-02
-8.376253396272659302e-02
6.361906975507736206e-02
-2.248382009565830231e-02
1.817241683602333069e-02
-9.729823097586631775e-03
-9.010377526283264160e-02
-2.937405183911323547e-02
-4.590852931141853333e-02
1.200551353394985199e-02
4.406186938285827637e-02
-4.190927743911743164e-02
3.671616315841674805e-02
-3.712433204054832458e-02
3.899107128381729126e-02
6.429920345544815063e-02
-6.876864936202764511e-03
3.872155025601387024e-02
4.322260990738868713e-02
-3.112655691802501678e-02
2.585490606725215912e-02
5.593286082148551941e-02
2.035739272832870483e-02
4.871277883648872375e-02
-7.329892367124557495e-02
1.970292814075946808e-02
1.557570509612560272e-02
-2.053240686655044556e-02
2.801987342536449432e-02
-3.081411309540271759e-02
-8.369717001914978027e-02
5.090877879410982132e-03
3.577473014593124390e-02
7.851936854422092438e-03
4.026064649224281311e-02
2.773268707096576691e-02
8.089037612080574036e-03
-5.758754536509513855e-02
2.879906073212623596e-02
-2.267646044492721558e-02
8.634135127067565918e-03
5.645621567964553833e-02
-5.112120881676673889e-02
7.045194506645202637e-02
-4.264000430703163147e-02
-2.069498784840106964e-02
-3.878673911094665527e-02
5.528649780899286270e-03
5.413361266255378723e-02
2.361165173351764679e-02
-2.778605371713638306e-02
1.386089529842138290e-02
6.740141659975051880e-02
-4.204782599117606878e-04
-4.190075770020484924e-02
2.097260765731334686e-02
-5.007959529757499695e-02
-3.628205042332410812e-03
-1.748647354543209076e-02
-1.546862302348017693e-03
3.684489428997039795e-02
-2.232808433473110199e-02
2.999893762171268463e-02
-4.499457776546478271e-02
1.327044796198606491e-02
8.938464522361755371e-02
-1.781909912824630737e-02
6.166948471218347549e-03
6.357229501008987427e-02
3.429949283599853516e-04
-5.139744374901056290e-03
-5.170712620019912720e-02
-2.163860574364662170e-02
2.729051001369953156e-02
-5.231421813368797302e-02
4.035536199808120728e-02
7.254179567098617554e-02
2.267272397875785828e-02
-8.747107349336147308e-03
7.006710767745971680e-02
-4.536921903491020203e-02
5.250075832009315491e-02
-9.882208704948425293e-02
-1.086608739569783211e-03
2.058404032140970230e-03
2.169753657653927803e-03
4.077009391039609909e-03
-6.726150214672088623e-02
-2.967569045722484589e-02
3.814303502440452576e-02
3.655114024877548218e-02
-8.314825390698388219e-05
7.839544862508773804e-02
9.710384905338287354e-02
3.530668094754219055e-02
-2.026697807013988495e-02
1.095729041844606400e-02
-2.355000376701354980e-02
1.951724104583263397e-02
3.176391869783401489e-02
-8.098213933408260345e-03
-3.165061026811599731e-02
-1.076422631740570068e-02
-2.332833968102931976e-02
-4.579266533255577087e-02
6.122504547238349915e-02
2.619691751897335052e-02
3.941580653190612793e-02
5.508166737854480743e-03
-4.992429167032241821e-03
-9.866337291896343231e-03
-3.739387542009353638e-02
2.987269312143325806e-02
-6.234798952937126160e-02
5.802253726869821548e-03
-5.565464124083518982e-02
-2.811719477176666260e-02
5.963592976331710815e-02
2.049896307289600372e-02
-7.207278162240982056e-02
-1.373474299907684326e-02
-4.467256367206573486e-02
-7.857391983270645142e-02
-5.690730758942663670e-04
3.554120426997542381e-03
7.977060973644256592e-02
-2.523731999099254608e-02
4.007718712091445923e-02
7.399040460586547852e-02
-9.086118079721927643e-03
5.548053421080112457e-03
-6.774176377803087234e-03
2.287428639829158783e-02
6.355074048042297363e-02
3.683565557003021240e-02
-5.422411486506462097e-03
6.901229172945022583e-02
-2.553042024374008179e-03
-1.985394582152366638e-02
1.250344514846801758e-02
5.864218622446060181e-02
-3.119194647297263145e-03
-2.825691550970077515e-02
3.300402080640196800e-03
5.320967733860015869e-02
-8.393575251102447510e-02
-2.803250029683113098e-02
-5.913161113858222961e-02
-2.980753546580672264e-03
-6.087949872016906738e-02
-2.426916919648647308e-02
4.332838580012321472e-03
-2.402596361935138702e-02
5.728422477841377258e-02
2.721460163593292236e-02
-3.305829316377639771e-02
-3.724094852805137634e-02
4.798631370067596436e-02
3.676993772387504578e-02
-3.166694194078445435e-03
9.588013589382171631e-02
-1.863965392112731934e-02
-2.490459941327571869e-02
-2.583686821162700653e-02
-4.332631826400756836e-02
-7.469084113836288452e-02
-2.792211621999740601e-02
-2.772969193756580353e-02
-4.094308242201805115e-02
-1.267528720200061798e-02
-1.505744270980358124e-02
2.743002958595752716e-02
8.431196957826614380e-02
-8.861193805932998657e-02
5.131833627820014954e-02
-9.525133296847343445e-03
3.483134508132934570e-02
-4.192662239074707031e-02
-3.762363456189632416e-03
4.685299098491668701e-02
4.351902287453413010e-03
1.019140183925628662e-01
3.497317805886268616e-02
-2.977393195033073425e-02
6.820046901702880859e-02
-3.345690667629241943e-02
-6.278956425376236439e-04
-2.467726590111851692e-03
2.566116163507103920e-03
2.033470012247562408e-02
2.177792787551879883e-02
1.407527364790439606e-03
-2.546209655702114105e-02
-1.194579154253005981e-02
3.772788122296333313e-02
-2.406879514455795288e-02
-1.288776285946369171e-02
-6.779766082763671875e-02
3.570720553398132324e-02
-4.345048218965530396e-02
4.669705778360366821e-02
1.975006982684135437e-02
1.873406954109668732e-02
7.238499075174331665e-02
3.831721842288970947e-02
8.779153227806091309e-03
-6.240876391530036926e-03
-1.783202402293682098e-02
3.201183304190635681e-02
4.793763905763626099e-02
1.717962510883808136e-02
-1.654461026191711426e-02
2.243174426257610321e-02
3.450826974585652351e-03
-2.936175465583801270e-02
2.178892679512500763e-02
3.031829185783863068e-02
2.213353849947452545e-02
-3.394826501607894897e-02
1.645374670624732971e-02
8.827827870845794678e-02
-4.152578115463256836e-02
4.419306665658950806e-02
7.703731954097747803e-02
8.497915416955947876e-02
3.181109204888343811e-02
-3.785002231597900391e-02
4.317738488316535950e-02
6.753548979759216309e-02
4.226310551166534424e-02
-5.584482103586196899e-02
-2.518591098487377167e-02
-5.751626193523406982e-02
-3.726956993341445923e-02
3.363853693008422852e-02
4.054998606443405151e-02
-3.494071215391159058e-02
4.106381908059120178e-02
-9.069768711924552917e-03
3.310308605432510376e-02
-1.520063821226358414e-02
-2.549220807850360870e-02
-6.497856974601745605e-02
-6.272367667406797409e-03
1.696510240435600281e-02
-5.635624006390571594e-02
5.930404644459486008e-03
-1.574214920401573181e-02
5.561565980315208435e-02
-1.449420861899852753e-02
1.969006285071372986e-02
6.569916754961013794e-02
-4.735239967703819275e-02
-8.101036399602890015e-02
1.362203620374202728e-03
5.803759023547172546e-02
6.240300834178924561e-03
-3.846716508269309998e-02
-3.316004946827888489e-02
-1.109266579151153564e-01
9.112695604562759399e-02
-9.911994449794292450e-03
3.414561739191412926e-03
-4.482608661055564880e-02
5.765581876039505005e-02
-4.884886741638183594e-02
1.901600696146488190e-02
3.513075783848762512e-02
4.141270369291305542e-02
1.289225742220878601e-02
7.374492473900318146e-03
-3.317698836326599121e-02
5.623295158147811890e-02
9.205850958824157715e-02
-1.535971462726593018e-02
-4.856464266777038574e-02
-3.436376526951789856e-02
2.396709471940994263e-02
6.404638290405273438e-02
7.901789620518684387e-03
-5.209344252943992615e-02
3.525968641042709351e-03
-2.907750196754932404e-02
-8.156464993953704834e-02
-7.714722305536270142e-02
-4.406701773405075073e-02
-1.864189840853214264e-02
4.452871158719062805e-02
-1.640181429684162140e-02
-1.805838011205196381e-02
-5.436515808105468750e-02
4.509415011852979660e-03
3.455770388245582581e-02
5.322132259607315063e-02
-1.900323666632175446e-02
7.183666527271270752e-02
4.736076295375823975e-02
1.450312789529561996e-02
2.310755290091037750e-02
3.117878222838044167e-03
1.396420747041702271e-01
8.041216433048248291e-02
3.478617593646049500e-02
-9.398213773965835571e-02
2.674547955393791199e-02
-5.958064645528793335e-02
3.180074691772460938e-02
1.281758397817611694e-02
4.200734570622444153e-02
4.120970144867897034e-02
2.204991504549980164e-02
-3.422367619350552559e-03
1.448712963610887527e-02
3.327184170484542847e-02
-4.989625141024589539e-02
-4.048150405287742615e-02
1.845518499612808228e-02
-3.664646297693252563e-02
1.912013627588748932e-03
6.018837913870811462e-03
7.592482026666402817e-03
-4.982020333409309387e-02
2.770324470475316048e-03
2.642823383212089539e-03
-8.977579884231090546e-03
-3.226635605096817017e-02
2.381657063961029053e-02
-4.425531998276710510e-02
2.628178894519805908e-02
-2.426047995686531067e-02
4.146023839712142944e-02
-1.230494864284992218e-02
7.268811576068401337e-03
-3.318936005234718323e-02
-4.422348737716674805e-02
8.108200505375862122e-03
8.558981120586395264e-03
6.674383580684661865e-02
-6.701117753982543945e-02
1.785200275480747223e-02
5.624562874436378479e-02
-4.034112766385078430e-02
-5.239352211356163025e-02
5.651915445923805237e-02
2.735344506800174713e-02
-5.495188012719154358e-02
-1.577746355906128883e-03
-3.744452819228172302e-02
2.629048377275466919e-02
3.598846867680549622e-02
-9.773601591587066650e-02
-4.014769941568374634e-02
5.811804905533790588e-02
5.967811867594718933e-02
2.545991167426109314e-02
1.400992739945650101e-02
6.077132001519203186e-02
2.189327031373977661e-02
2.979907672852277756e-03
6.114006042480468750e-02
-5.427510291337966919e-02
-7.030738145112991333e-02
4.627185314893722534e-02
-1.045586094260215759e-01
-5.873450264334678650e-02
-3.188856178894639015e-03
-4.963663592934608459e-02
1.883223280310630798e-02
-6.775016337633132935e-02
8.450972381979227066e-04
-6.302780006080865860e-03
-6.378082931041717529e-02
-6.600632797926664352e-03
-4.142818227410316467e-02
-2.851907536387443542e-02
-3.197039291262626648e-02
-1.322607882320880890e-02
2.704233303666114807e-02
-3.680254565551877022e-03
-6.114933639764785767e-03
2.401121519505977631e-02
-3.183154016733169556e-02
1.897595077753067017e-02
9.577030688524246216e-02
6.680268794298171997e-02
-1.746736466884613037e-02
1.568026654422283173e-02
-3.501540794968605042e-02
-3.331929072737693787e-02
1.281283516436815262e-02
2.640243433415889740e-02
-4.023939371109008789e-02
7.648555911146104336e-04
-2.180272154510021210e-02
-5.210801213979721069e-02
-2.926412411034107208e-02
-2.997627016156911850e-04
4.964157193899154663e-02
-4.256591573357582092e-02
-6.726156175136566162e-02
-2.112806402146816254e-02
7.619239855557680130e-03
-1.596555113792419434e-02
-6.818213500082492828e-03
-6.238755304366350174e-03
-2.575729228556156158e-02
8.064216375350952148e-02
5.524966865777969360e-02
-8.776102960109710693e-02
-5.254326388239860535e-02
8.748030662536621094e-02
-9.809788316488265991e-03
-2.682243939489126205e-04
4.612441733479499817e-02
-2.053711563348770142e-02
5.784207955002784729e-02
-4.639125615358352661e-02
5.353932082653045654e-02
3.767250478267669678e-02
-1.859441027045249939e-02
2.724210731685161591e-02
-5.249454174190759659e-03
4.966272786259651184e-02
1.665245555341243744e-02
-3.688462823629379272e-02
-3.633401356637477875e-03
-5.857817828655242920e-03
9.375949390232563019e-03
1.551929744891822338e-03
3.336072713136672974e-02
1.003414765000343323e-01
-1.736365072429180145e-02
3.231921046972274780e-02
7.216712087392807007e-02
-9.764982759952545166e-02
4.173309728503227234e-02
-5.696927756071090698e-02
2.094341814517974854e-02
-1.449968200176954269e-02
6.448509544134140015e-02
-1.393328187987208366e-03
1.876993291079998016e-02
-4.067826271057128906e-02
-4.074605926871299744e-02
-4.302003979682922363e-02
1.103544607758522034e-02
2.154308557510375977e-02
-6.807968020439147949e-02
-5.763139203190803528e-02
-7.261068373918533325e-02
-1.895293965935707092e-02
1.813372224569320679e-02
1.718790270388126373e-02
4.119200259447097778e-02
-1.336886454373598099e-02
-3.019879572093486786e-02
-1.927517727017402649e-02
-1.004507881589233875e-03
-4.525509104132652283e-02
4.291399568319320679e-02
-6.339969485998153687e-02
3.040502592921257019e-02
2.656173426657915115e-03
-3.761228639632463455e-03
-2.797944657504558563e-02
-4.767966642975807190e-02
-7.058018818497657776e-03
1.097973994910717010e-02
7.648994773626327515e-02
-1.181443128734827042e-02
-4.246740788221359253e-02
5.702486261725425720e-02
1.972360722720623016e-02
-6.027847528457641602e-02
3.656830266118049622e-02
-3.755087405443191528e-02
-4.408191889524459839e-02
4.329831339418888092e-03
1.185500994324684143e-02
-1.062349230051040649e-02
-2.053609117865562439e-02
-7.399769965559244156e-03
3.690050169825553894e-02
5.825901776552200317e-02
1.441306155174970627e-02
7.430078461766242981e-03
5.353422835469245911e-03
6.936566531658172607e-02
2.111929468810558319e-02
-8.912892080843448639e-03
-1.288782153278589249e-02
3.599714487791061401e-02
1.337255537509918213e-02
8.468502014875411987e-02
3.849174454808235168e-02
-2.845393493771553040e-02
-5.685485526919364929e-02
9.201051667332649231e-03
-6.820242106914520264e-02
-4.163610562682151794e-02
4.961895197629928589e-02
8.243848383426666260e-02
1.768340729176998138e-02
8.261921256780624390e-02
-1.710384851321578026e-03
-1.164262555539608002e-02
-6.830265372991561890e-02
-1.014378014951944351e-02
-7.802122086286544800e-02
-3.354157134890556335e-02
5.078585818409919739e-02
-5.921932752244174480e-04
6.604371592402458191e-03
-2.766823954880237579e-02
2.102484181523323059e-02
7.383693475276231766e-03
-2.846151404082775116e-02
-1.655963808298110962e-02
-2.440782077610492706e-02
2.067333832383155823e-02
5.321010574698448181e-02
5.406356602907180786e-02
-6.885629892349243164e-02
-4.401097446680068970e-02
2.325493283569812775e-02
2.505307644605636597e-02
2.113583311438560486e-02
1.058521196246147156e-01
-7.191940397024154663e-02
-4.001896455883979797e-02
4.915679246187210083e-02
6.506322324275970459e-02
-2.339116111397743225e-02
-3.751558810472488403e-02
6.984822452068328857e-02
-4.253097251057624817e-02
9.481994435191154480e-03
7.230553310364484787e-03
4.225450754165649414e-02
3.142528608441352844e-02
-2.106492221355438232e-02
1.654731482267379761e-02
2.934813126921653748e-02
-5.263115279376506805e-03
1.177134271711111069e-02
4.058338329195976257e-02
-6.487354636192321777e-02
8.719909004867076874e-03
6.337808072566986084e-02
-9.861516207456588745e-02
-6.624170392751693726e-02
-1.753735728561878204e-02
-6.367986649274826050e-02
1.569952256977558136e-02
-6.778366863727569580e-03
-6.467605382204055786e-02
-6.313861906528472900e-02
-2.292731218039989471e-02
-2.722726389765739441e-02
6.702220439910888672e-02
-2.913416177034378052e-02
-4.739803075790405273e-02
-2.115134336054325104e-02
-5.666119232773780823e-02
2.873373217880725861e-02
2.499124407768249512e-02
2.352186106145381927e-02
3.332909196615219116e-02
-4.540681466460227966e-02
-1.042141672223806381e-02
-9.700549766421318054e-03
2.411328628659248352e-02
4.469404369592666626e-02
1.625708118081092834e-02
3.276462899520993233e-03
5.878560245037078857e-03
6.382335722446441650e-02
1.411229372024536133e-02
-2.684210892766714096e-03
5.340971983969211578e-03
8.072703331708908081e-02
-7.688954006880521774e-03
-4.064163565635681152e-02
-1.382053457200527191e-02
-7.119736820459365845e-02
-4.607227817177772522e-02
-3.401480987668037415e-02
-5.925912037491798401e-02
2.766403369605541229e-02
-7.481446024030447006e-03
4.700645804405212402e-02
-5.543585866689682007e-02
-2.364754863083362579e-02
-5.843651946634054184e-03
-3.899641335010528564e-02
-4.095634911209344864e-03
4.796810913830995560e-03
3.218203317373991013e-03
-2.594194747507572174e-02
-1.767468824982643127e-02
2.972253970801830292e-02
-1.613578200340270996e-02
2.165863476693630219e-02
-3.047445975244045258e-02
1.799706742167472839e-02
-1.334058213979005814e-02
-1.553388405591249466e-02
-3.220313787460327148e-02
-4.788824170827865601e-02
1.056915987282991409e-02
2.708096615970134735e-02
-3.039313107728958130e-02
-7.155210524797439575e-02
2.515135705471038818e-02
-2.333957888185977936e-02
6.635712832212448120e-02
-2.436410635709762573e-03
7.441760506480932236e-03
-4.608497396111488342e-02
4.336869716644287109e-02
-1.542259566485881805e-02
5.671221762895584106e-02
8.382509462535381317e-03
-5.997931119054555893e-03
-6.341551244258880615e-02
-5.091859772801399231e-02
3.180515766143798828e-02
3.820097073912620544e-02
3.885908052325248718e-02
1.133915707468986511e-01
-1.227360963821411133e-02
-2.216918393969535828e-02
5.340073257684707642e-02
4.399288818240165710e-02
4.256011918187141418e-02
-3.235208615660667419e-02
-7.071167975664138794e-02
5.020842701196670532e-02
2.264961972832679749e-02
4.390853643417358398e-02
1.961398310959339142e-02
-3.075827145949006081e-03
-5.682398751378059387e-02
-5.461957678198814392e-02
1.145958434790372849e-02
5.651595070958137512e-03
-1.022958569228649139e-02
-7.814411818981170654e-02
3.961106389760971069e-02
4.857333749532699585e-02
-1.385816652327775955e-02
3.075716644525527954e-02
3.737338259816169739e-02
5.651972815394401550e-02
1.115861930884420872e-03
4.780068062245845795e-03
1.827160269021987915e-02
2.383964508771896362e-02
6.163603439927101135e-02
-3.294415399432182312e-02
-1.399323530495166779e-02
2.261962182819843292e-02
8.664123713970184326e-02
7.288999855518341064e-02
-4.989757761359214783e-02
3.051659278571605682e-02
-8.577638864517211914e-02
3.730563446879386902e-02
-1.121526304632425308e-02
1.961416378617286682e-02
-4.921054840087890625e-02
-1.051156688481569290e-02
-3.884834703058004379e-03
1.237285882234573364e-02
1.792930997908115387e-03
4.327146336436271667e-02
-3.815357759594917297e-02
-4.621425271034240723e-02
5.790955573320388794e-02
1.256428286433219910e-02
1.017289794981479645e-02
2.390589751303195953e-02
-6.451600790023803711e-02
-1.535018626600503922e-02
1.116217579692602158e-02
3.031300753355026245e-02
2.107479609549045563e-02
1.576849375851452351e-03
6.478337198495864868e-02
-7.163636386394500732e-03
5.066775158047676086e-02
1.451116986572742462e-02
-3.763967752456665039e-02
-5.956327170133590698e-02
4.044448211789131165e-02
2.511201426386833191e-02
-1.471056044101715088e-02
-4.908771719783544540e-03
-1.768391206860542297e-02
-5.799017380923032761e-03
1.594924740493297577e-02
2.411953732371330261e-02
-5.513708107173442841e-03
-3.669766336679458618e-02
-2.331827767193317413e-02
6.271179020404815674e-02
1.093145180493593216e-02
-8.205697871744632721e-03
5.159970000386238098e-02
-2.570296637713909149e-02
-2.177030220627784729e-02
-2.097791992127895355e-02
-1.596436835825443268e-02
3.136719018220901489e-02
3.314891830086708069e-02
7.135992869734764099e-03
-5.511523783206939697e-02
4.395562782883644104e-02
-4.390637949109077454e-02
6.036091130226850510e-03
5.009545758366584778e-02
2.271009050309658051e-02
-4.694684222340583801e-02
-5.540673062205314636e-02
-1.046649366617202759e-02
-2.018914930522441864e-02
5.374737083911895752e-02
-5.388103891164064407e-03
-2.369949594140052795e-02
-1.766983978450298309e-02
1.539457216858863831e-02
9.130488149821758270e-03
-6.369264423847198486e-02
2.683688513934612274e-02
5.121542885899543762e-02
-2.808862365782260895e-02
-2.965550683438777924e-02
1.197289489209651947e-02
-1.453140005469322205e-02
-2.391522563993930817e-02
1.353268045932054520e-02
5.209977924823760986e-02
-6.266814190894365311e-03
1.020857691764831543e-02
-6.365314475260674953e-04
-7.356608286499977112e-03
6.470363587141036987e-02
3.204987943172454834e-02
1.983090676367282867e-02
-3.346317633986473083e-02
-1.468699611723423004e-02
-2.091637998819351196e-02
-4.922134056687355042e-02
-1.790553890168666840e-02
2.643586136400699615e-03
1.200187206268310547e-01
-1.362167857587337494e-02
1.464964263141155243e-02
5.403147265315055847e-02
-4.980763420462608337e-02
2.983515895903110504e-02
-4.114457964897155762e-02
6.118315458297729492e-02
1.125862821936607361e-01
-4.954305663704872131e-02
-5.382489785552024841e-02
1.138304267078638077e-02
-7.538924366235733032e-02
8.740112930536270142e-02
-3.430741280317306519e-02
-5.419424921274185181e-02
5.055057629942893982e-02
-3.955150488764047623e-03
-2.405259385704994202e-02
7.756421715021133423e-02
-1.840709522366523743e-02
3.929491620510816574e-03
1.977487839758396149e-02
-1.341836899518966675e-02
-5.757036432623863220e-02
-1.843286305665969849e-02
1.569036766886711121e-02
4.999603331089019775e-02
2.435076236724853516e-02
2.036832086741924286e-02
-5.797840654850006104e-02
3.836039081215858459e-02
-6.676594913005828857e-02
4.282509442418813705e-03
-8.349566906690597534e-02
-6.583747267723083496e-02
-4.555285722017288208e-02
3.693714365363121033e-02
-4.952247440814971924e-02
-1.023550610989332199e-02
-7.850618101656436920e-03
-4.230949655175209045e-02
2.814197354018688202e-02
-6.382188200950622559e-02
-1.615924574434757233e-02
3.921708464622497559e-02
-4.330461472272872925e-02
5.489319190382957458e-02
1.132765598595142365e-02
-5.013613030314445496e-02
4.937162622809410095e-02
-7.794459164142608643e-02
-4.656793549656867981e-02
-5.855582654476165771e-03
2.998114563524723053e-02
4.934847354888916016e-02
-6.867334991693496704e-02
9.717570245265960693e-02
-9.713641554117202759e-02
3.233865648508071899e-02
4.372191801667213440e-02
1.515281386673450470e-03
3.467698767781257629e-02
-9.015485644340515137e-03
-2.054908871650695801e-02
-1.902239769697189331e-02
3.893027314916253090e-03
-1.831291615962982178e-02
-5.056239664554595947e-03
-2.913683280348777771e-02
-4.126494005322456360e-02
6.060957908630371094e-02
-5.734331533312797546e-02
1.684742793440818787e-02
-2.243404276669025421e-02
-7.124018669128417969e-02
4.028104618191719055e-02
-1.013763714581727982e-02
1.076481398195028305e-02
6.651120632886886597e-02
4.213474225252866745e-03
1.650140061974525452e-02
-6.230982765555381775e-02
-6.668468564748764038e-02
4.116061143577098846e-03
4.987893626093864441e-02
2.289150096476078033e-02
1.360576972365379333e-02
-3.063174150884151459e-02
-5.333700403571128845e-02
-1.095780637115240097e-03
-6.822479516267776489e-02
-4.897685348987579346e-02
-1.634542830288410187e-02
4.087441787123680115e-02
-1.320101041346788406e-02
-2.411289885640144348e-02
-4.969755560159683228e-02
-1.787975244224071503e-02
-4.663945361971855164e-02
1.212499802932143211e-03
8.919365354813635349e-04
-4.967152141034603119e-03
1.584030129015445709e-02
3.448498994112014771e-02
-2.046038210391998291e-02
3.889148309826850891e-02
5.659933667629957199e-03
1.948727853596210480e-02
-5.474112182855606079e-02
5.998966842889785767e-02
-3.175652027130126953e-02
-3.113323636353015900e-02
2.975969947874546051e-02
5.098744854331016541e-02
3.770849108695983887e-02
-1.127929426729679108e-02
2.446550503373146057e-02
4.692147951573133469e-03
-2.772438805550336838e-03
1.642337068915367126e-02
2.176437154412269592e-02
4.138451814651489258e-02
2.668944187462329865e-03
7.014256715774536133e-02
-1.208135206252336502e-02
1.518574892543256283e-03
-7.848127186298370361e-02
2.864225395023822784e-02
8.198763430118560791e-02
-5.186584591865539551e-02
6.290741264820098877e-02
1.265526982024312019e-03
7.827087491750717163e-02
4.993135854601860046e-02
1.134880632162094116e-02
-3.682124242186546326e-02
1.181545946747064590e-02
2.050874941051006317e-02
4.766120761632919312e-02
-4.824005067348480225e-02
-9.487249702215194702e-02
-6.471323221921920776e-02
6.169155240058898926e-02
-1.089504137635231018e-01
-6.810335814952850342e-02
-2.590648643672466278e-02
3.379748761653900146e-02
2.216357737779617310e-02
-3.062359057366847992e-02
-1.015067324042320251e-01
4.143962636590003967e-02
1.018242444843053818e-03
9.647756069898605347e-02
-5.893196538090705872e-02
1.313340477645397186e-02
1.645209640264511108e-02
3.282615914940834045e-02
-4.307391121983528137e-03
-3.427879139780998230e-02
9.979579597711563110e-03
7.544256001710891724e-02
-9.096513502299785614e-03
-2.482249960303306580e-02
-2.215443924069404602e-02
4.337053373456001282e-02
-2.769362926483154297e-02
3.089826740324497223e-02
7.077439129352569580e-02
-1.766256801784038544e-02
-3.206783533096313477e-02
-7.070571184158325195e-03
6.848447769880294800e-02
-1.350550167262554169e-02
-1.615086197853088379e-02
-5.892759934067726135e-02
-1.372633781284093857e-02
-7.194776087999343872e-02
-4.956388473510742188e-02
4.964056424796581268e-03
-5.592769756913185120e-02
-5.014763399958610535e-02
6.459391117095947266e-02
2.439581416547298431e-02
1.901799440383911133e-02
-1.001149043440818787e-02
3.851893171668052673e-02
1.088008191436529160e-02
-2.476335316896438599e-02
-4.748424398712813854e-04
5.140166613273322582e-04
-3.011195547878742218e-02
6.594189256429672241e-02
4.572963342070579529e-02
-1.590431295335292816e-02
3.054731525480747223e-02
5.469204112887382507e-02
5.098284408450126648e-02
4.016133397817611694e-02
-2.253933437168598175e-02
1.529656071215867996e-02
-1.560906413942575455e-02
3.174707666039466858e-02
3.231404721736907959e-02
6.332432478666305542e-02
6.721961498260498047e-02
1.257324777543544769e-02
1.344810798764228821e-02
6.381279230117797852e-02
1.752961054444313049e-02
1.460225880146026611e-02
6.038599461317062378e-02
1.246241852641105652e-02
-7.263480871915817261e-02
-2.120829746127128601e-02
7.823051512241363525e-02
1.510340347886085510e-02
1.463009044528007507e-02
2.445689775049686432e-02
-1.106993667781352997e-02
-2.714661695063114166e-02
2.430232800543308258e-02
1.769307255744934082e-02
-1.755447499454021454e-02
-2.836537361145019531e-02
3.276218846440315247e-02
-2.472766116261482239e-02
-2.648429013788700104e-02
-7.340612355619668961e-03
-2.910990640521049500e-02
4.218639433383941650e-02
1.846574619412422180e-02
5.393836545408703387e-05
-1.548935938626527786e-02
-4.008466005325317383e-02
-7.614957634359598160e-03
8.215703070163726807e-03
4.943475127220153809e-02
-4.174154996871948242e-02
3.312700241804122925e-02
-4.251061379909515381e-02
-7.771679759025573730e-02
7.146673742681741714e-03
-1.569568365812301636e-02
1.402469538152217865e-02
-2.616676688194274902e-02
2.152694948017597198e-02
-3.388206660747528076e-02
5.138906836509704590e-02
5.703894048929214478e-02
3.423069790005683899e-02
-4.200414568185806274e-02
2.727309986948966980e-02
-6.324765831232070923e-02
2.002443931996822357e-02
5.057526379823684692e-02
-5.977018270641565323e-03
6.179189682006835938e-02
-2.420573122799396515e-02
-5.077205132693052292e-03
-1.018118020147085190e-02
2.114710770547389984e-02
8.113667368888854980e-03
3.020636178553104401e-02
-8.524817414581775665e-03
1.604445464909076691e-02
5.143044516444206238e-03
-6.052964925765991211e-02
4.121156781911849976e-02
