1.715115644037723541e-02
4.881392419338226318e-02
-2.017569169402122498e-02
1.408170722424983978e-02
3.892776742577552795e-02
1.086942153051495552e-03
-2.322087250649929047e-02
-1.020692568272352219e-02
2.294016815721988678e-02
-2.253009378910064697e-02
-1.594152115285396576e-02
-3.021161817014217377e-02
6.715527921915054321e-02
-2.706082537770271301e-02
1.553559023886919022e-02
-2.192953601479530334e-02
2.352538704872131348e-02
5.942279938608407974e-03
3.003763593733310699e-02
-1.756991818547248840e-02
1.236729510128498077e-02
5.211700871586799622e-02
-7.708390057086944580e-02
1.896329596638679504e-02
-2.670546993613243103e-02
7.009695470333099365e-02
6.959111243486404419e-02
-3.853587061166763306e-02
-8.198036998510360718e-02
-6.916393525898456573e-03
-5.589656904339790344e-02
4.199597239494323730e-02
-8.396672084927558899e-03
2.898677065968513489e-02
1.563291298225522041e-03
5.108116194605827332e-02
3.747444227337837219e-02
2.955545112490653992e-02
2.482171729207038879e-02
-1.170168630778789520e-02
4.821690171957015991e-02
-2.181119844317436218e-02
4.561990499496459961e-05
4.028179869055747986e-02
5.599462427198886871e-03
7.720331847667694092e-02
1.326453965157270432e-02
1.731944037601351738e-03
-1.944090053439140320e-02
4.990115761756896973e-02
-2.074764110147953033e-02
4.705018922686576843e-02
-2.408701367676258087e-02
-5.987242609262466431e-02
1.834542490541934967e-02
9.924498945474624634e-02
-7.946046069264411926e-03
6.668607704341411591e-03
1.546551473438739777e-02
-9.841264039278030396e-02
-2.086335793137550354e-02
1.444172114133834839e-02
-3.023003973066806793e-02
3.964641317725181580e-02
3.280556946992874146e-02
6.265855580568313599e-02
1.512285787612199783e-02
-8.925613015890121460e-02
4.976755008101463318e-03
-6.530512869358062744e-02
-7.336449623107910156e-02
-7.803197205066680908e-02
6.331679970026016235e-02
-6.047127395868301392e-02
-2.196482196450233459e-02
5.792060494422912598e-02
-9.202866815030574799e-03
1.637500151991844177e-02
-2.942754700779914856e-02
1.276105362921953201e-02
1.275817118585109711e-02
4.908034205436706543e-02
2.709149755537509918e-02
-5.436180159449577332e-02
9.304848499596118927e-03
-4.455086216330528259e-02
1.133878063410520554e-02
-1.630216464400291443e-02
-7.747933268547058105e-02
-5.799595266580581665e-03
1.162457652390003204e-02
5.958404019474983215e-02
-1.493419986218214035e-02
-1.426511723548173904e-02
-1.432156539522111416e-03
7.028430700302124023e-03
-1.333729946054518223e-03
-8.918474614620208740e-02
1.168845570646226406e-03
-2.536660991609096527e-02
-4.023312404751777649e-02
2.220578677952289581e-02
-2.596026100218296051e-02
1.398698054254055023e-02
-1.275846362113952637e-02
-1.030334364622831345e-02
5.911180377006530762e-02
5.374376848340034485e-02
7.150250487029552460e-03
6.189671345055103302e-03
4.599018767476081848e-02
-6.814505159854888916e-02
-6.481298804283142090e-02
2.487972751259803772e-02
-2.025590464472770691e-02
-7.822803407907485962e-02
-3.243894502520561218e-02
7.854241877794265747e-02
3.128371434286236763e-03
2.506534196436405182e-02
9.515492245554924011e-03
-1.509610284119844437e-02
6.305861473083496094e-02
1.493013091385364532e-02
6.288653705269098282e-03
-2.803784050047397614e-02
1.006415020674467087e-02
2.950336411595344543e-02
-6.798951327800750732e-02
3.509549051523208618e-02
-2.691392321139574051e-03
2.445304393768310547e-02
3.739008307456970215e-02
4.105895012617111206e-02
7.792212069034576416e-02
-1.371801830828189850e-02
-1.815322600305080414e-02
-1.447912491858005524e-02
-4.900844302028417587e-03
3.975269198417663574e-02
6.602668762207031250e-02
-5.474422127008438110e-02
-2.471004053950309753e-02
1.007035523653030396e-01
3.392380103468894958e-02
6.424494087696075439e-02
3.502734005451202393e-02
-4.594764858484268188e-02
-5.576847866177558899e-02
6.189069896936416626e-02
5.189829319715499878e-02
-1.014325246214866638e-01
3.185736015439033508e-02
5.689337104558944702e-02
-2.214444335550069809e-03
5.516860634088516235e-02
-1.742609404027462006e-02
2.842852473258972168e-02
-3.507301211357116699e-02
3.770146518945693970e-02
2.799513563513755798e-02
-1.870747283101081848e-02
8.500264957547187805e-03
7.709768600761890411e-03
-1.246632658876478672e-03
6.580895185470581055e-02
4.088030382990837097e-02
-1.039139553904533386e-02
-4.616787657141685486e-02
2.073290571570396423e-02
-3.512965049594640732e-03
5.516970995813608170e-03
4.272507876157760620e-02
2.850904501974582672e-02
5.433097481727600098e-02
-3.318770974874496460e-02
3.679729625582695007e-02
-5.428274720907211304e-02
1.922856317833065987e-03
-1.677041314542293549e-02
1.818406954407691956e-02
-2.445454336702823639e-02
-9.759007394313812256e-02
-5.101544409990310669e-02
9.715043008327484131e-03
2.550862729549407959e-02
1.198791991919279099e-02
6.805934756994247437e-02
4.178398102521896362e-02
-3.117679152637720108e-03
2.328268811106681824e-02
-4.130936414003372192e-02
-5.358922481536865234e-02
1.131969131529331207e-02
-5.216542631387710571e-03
3.003725316375494003e-03
9.340787306427955627e-03
-4.582294076681137085e-02
-8.636611700057983398e-02
-8.551593869924545288e-03
-6.499791145324707031e-02
-6.084701418876647949e-02
-4.402786120772361755e-02
2.008692733943462372e-02
-4.608377069234848022e-02
7.912380620837211609e-03
-5.603150650858879089e-02
-5.950572341680526733e-02
-5.525429174304008484e-02
1.672022603452205658e-02
7.769401371479034424e-02
-2.514443732798099518e-02
6.553762592375278473e-03
7.959097856655716896e-04
-4.108243063092231750e-02
-4.844777658581733704e-02
-1.277117896825075150e-02
1.082830689847469330e-02
2.482360228896141052e-02
-2.837076224386692047e-02
-1.515404600650072098e-02
-1.164773851633071899e-02
2.500414475798606873e-02
3.838170692324638367e-02
1.078638341277837753e-02
-5.905332416296005249e-02
1.356772147119045258e-02
-8.551880717277526855e-03
4.463928937911987305e-02
-7.072427868843078613e-02
1.263701729476451874e-02
3.517387434840202332e-02
1.167807169258594513e-02
-2.572975121438503265e-02
4.446432366967201233e-02
-6.092990562319755554e-02
4.080697149038314819e-02
-6.664893031120300293e-02
7.786399126052856445e-02
2.491685748100280762e-02
-4.845409654080867767e-03
2.395357191562652588e-02
-2.020810544490814209e-02
-2.924127504229545593e-02
-2.017933176830410957e-03
-2.166924439370632172e-02
4.488229751586914062e-04
2.227376028895378113e-02
4.189292900264263153e-03
5.345388501882553101e-02
-2.263025380671024323e-02
2.632972039282321930e-02
-4.533541202545166016e-02
-1.218715496361255646e-02
2.274990081787109375e-02
-1.152174454182386398e-02
-2.754114009439945221e-02
2.804791927337646484e-02
4.187399521470069885e-02
-9.013549983501434326e-02
8.044973760843276978e-02
-3.143072873353958130e-02
8.981903083622455597e-03
-5.216904729604721069e-02
8.281370624899864197e-03
5.142717156559228897e-03
4.896317608654499054e-03
4.078026860952377319e-02
2.839900925755500793e-02
-4.333859309554100037e-02
2.038621529936790466e-02
2.089783921837806702e-02
4.687723517417907715e-02
-5.265313386917114258e-02
-8.432946167886257172e-03
-5.948177538812160492e-03
-8.820061571896076202e-03
-7.036911696195602417e-02
-2.067875489592552185e-02
1.690115407109260559e-02
-4.309895262122154236e-02
-6.720231473445892334e-02
3.809381648898124695e-02
-1.238743681460618973e-02
-9.749539196491241455e-02
4.665683954954147339e-02
-1.615877263247966766e-02
5.034149810671806335e-02
4.090939834713935852e-02
-1.307904440909624100e-02
-3.319621086120605469e-03
7.744924724102020264e-02
2.904029749333858490e-02
-2.390539273619651794e-02
5.476526170969009399e-02
3.477392345666885376e-02
-1.866068877279758453e-02
-1.667899265885353088e-02
9.359061717987060547e-03
3.406476229429244995e-02
4.521548375487327576e-02
-2.067630551755428314e-02
-3.028156422078609467e-02
6.414381414651870728e-02
-3.386993706226348877e-02
3.589846193790435791e-02
2.082009240984916687e-02
6.424268335103988647e-02
1.897081732749938965e-02
2.700449433177709579e-03
-1.166264526546001434e-02
-3.883429244160652161e-02
-3.739627078175544739e-02
-5.098837614059448242e-02
-2.123978361487388611e-02
1.625787094235420227e-02
-7.553737610578536987e-02
3.881104663014411926e-02
-1.824755035340785980e-02
1.430660206824541092e-02
-2.210147492587566376e-02
1.775874942541122437e-02
2.070596255362033844e-02
-2.555989846587181091e-02
-1.559180486947298050e-02
-2.318450808525085449e-02
1.052847504615783691e-01
3.583884332329034805e-03
-6.001817062497138977e-02
-3.179738670587539673e-02
7.413824647665023804e-02
-7.915841788053512573e-02
-4.007472470402717590e-02
3.771029785275459290e-02
1.314331311732530594e-02
-3.681451827287673950e-02
-7.023252546787261963e-02
-6.451387889683246613e-03
-6.763672083616256714e-02
5.919793248176574707e-02
2.104136347770690918e-02
1.864577457308769226e-02
3.078247234225273132e-02
-8.207311481237411499e-02
-8.706460706889629364e-03
2.569380961358547211e-02
-2.907012403011322021e-02
-2.699510194361209869e-02
-6.462425738573074341e-02
5.010409280657768250e-02
2.515725418925285339e-02
3.145089372992515564e-02
-3.313289210200309753e-02
1.684330403804779053e-02
-3.535605594515800476e-02
-1.963415741920471191e-02
1.177678070962429047e-02
1.087650656700134277e-03
-9.728822624310851097e-04
-2.900427952408790588e-02
-2.148351166397333145e-03
-2.759499009698629379e-03
6.733987480401992798e-02
6.503154337406158447e-02
-5.832592956721782684e-03
6.297017633914947510e-02
2.783044055104255676e-02
9.338008239865303040e-03
-4.227693006396293640e-02
8.868878707289695740e-03
-4.199519008398056030e-02
1.599263772368431091e-02
-3.162341937422752380e-02
-1.272456813603639603e-02
-1.419910229742527008e-02
3.596784919500350952e-02
-4.567810893058776855e-02
-2.778126671910285950e-02
-3.799165040254592896e-02
-7.290282100439071655e-02
2.330699190497398376e-02
1.903425529599189758e-02
1.326885819435119629e-02
-2.296141348779201508e-02
-2.306866087019443512e-02
-6.527286767959594727e-02
-5.219378322362899780e-02
4.484523087739944458e-02
-1.536537986248731613e-02
-4.430160671472549438e-02
-4.341629799455404282e-03
5.398359149694442749e-02
-7.370196282863616943e-02
1.069017220288515091e-02
3.056317567825317383e-02
-1.466231327503919601e-02
6.675785779953002930e-02
3.218442143406718969e-04
7.362648844718933105e-03
-9.825350716710090637e-03
3.863934427499771118e-02
-1.247347369790077209e-01
-7.476387917995452881e-02
1.294575631618499756e-04
-2.931855060160160065e-02
5.978584289550781250e-02
4.852332547307014465e-02
-3.859578073024749756e-02
-6.850142031908035278e-03
3.988095372915267944e-02
6.943189539015293121e-03
-2.437618374824523926e-02
-3.724104911088943481e-02
-4.717471450567245483e-02
8.191572502255439758e-03
4.696164652705192566e-02
8.906478434801101685e-02
2.525883540511131287e-02
-2.255444228649139404e-02
1.540772337466478348e-02
5.749495700001716614e-02
-1.001109275966882706e-02
3.174067288637161255e-02
4.594442993402481079e-02
1.916365884244441986e-02
2.342321164906024933e-02
-1.975145377218723297e-02
4.333524499088525772e-03
2.505190111696720123e-02
4.940580204129219055e-02
-2.786345407366752625e-02
2.935902215540409088e-02
-5.618961900472640991e-02
-8.824531733989715576e-02
2.353887446224689484e-02
-8.208569139242172241e-02
-5.831224471330642700e-02
4.606482386589050293e-02
-2.821215614676475525e-02
7.885695993900299072e-02
-2.913559041917324066e-02
4.089173674583435059e-02
-3.341365605592727661e-02
-2.050093933939933777e-02
9.109480679035186768e-02
1.992693636566400528e-03
-4.894790425896644592e-02
-1.714767515659332275e-02
6.123614311218261719e-02
-1.485923654399812222e-03
2.492097206413745880e-02
5.913988500833511353e-02
-3.308200091123580933e-02
-1.079306937754154205e-02
-9.936232119798660278e-03
-2.270048484206199646e-02
1.079529076814651489e-01
2.595319412648677826e-02
-3.097889479249715805e-03
-8.594043552875518799e-03
-1.820839568972587585e-02
-1.026173382997512817e-01
-5.281186103820800781e-02
-1.289084088057279587e-02
-4.040095955133438110e-03
-8.814686536788940430e-02
6.057844497263431549e-03
-4.903203248977661133e-02
-9.714998304843902588e-02
-1.141299009323120117e-01
4.137131571769714355e-02
-8.531066589057445526e-03
-1.496908254921436310e-02
-1.591414213180541992e-02
-7.997030019760131836e-02
-1.159578748047351837e-02
3.655687719583511353e-02
5.146019533276557922e-02
4.944033920764923096e-02
-5.481825396418571472e-02
-1.129477471113204956e-02
-2.680133655667304993e-02
-3.167050704360008240e-02
1.781206205487251282e-02
1.161638461053371429e-02
-5.180540680885314941e-02
7.321730256080627441e-03
-4.559094458818435669e-02
-1.466142386198043823e-02
2.231542766094207764e-02
-6.721006333827972412e-02
-9.059430658817291260e-02
5.517373606562614441e-02
-4.029338806867599487e-02
6.283576041460037231e-02
-1.348634343594312668e-02
4.176324605941772461e-02
-3.308410989120602608e-03
-2.160360570996999741e-03
-4.593984410166740417e-02
7.542524486780166626e-02
3.357721120119094849e-02
-1.931144483387470245e-02
-7.422183454036712646e-02
-3.520194813609123230e-02
9.602297842502593994e-02
-5.914780497550964355e-02
8.001662790775299072e-03
4.273016378283500671e-02
-2.961652353405952454e-02
3.069318830966949463e-03
1.794132636860013008e-03
-2.873334288597106934e-02
-8.348246105015277863e-03
3.845909237861633301e-02
1.153896376490592957e-02
-6.852579116821289062e-02
-6.429193913936614990e-02
3.176191821694374084e-02
2.036841586232185364e-02
-4.339241981506347656e-02
3.418675065040588379e-02
-2.694774046540260315e-02
-9.809795767068862915e-03
-8.384253829717636108e-02
-6.284530460834503174e-02
-2.338476479053497314e-02
2.150016091763973236e-02
-2.136588469147682190e-02
-1.625994592905044556e-02
1.352120935916900635e-02
-2.056227996945381165e-02
3.938104212284088135e-02
-4.601111635565757751e-02
1.781407371163368225e-02
1.584320701658725739e-02
-6.227215379476547241e-02
5.918648093938827515e-02
-3.431083634495735168e-02
6.312308460474014282e-02
-5.556091200560331345e-03
-4.907825589179992676e-02
6.334035098552703857e-02
4.739164561033248901e-02
-2.428682893514633179e-02
-3.256561979651451111e-02
-1.567160710692405701e-02
4.797223955392837524e-02
-2.741682576015591621e-03
-5.030021071434020996e-02
-2.729612588882446289e-02
2.599034085869789124e-02
2.619197964668273926e-02
-1.377847790718078613e-02
1.673908345401287079e-02
-3.563326969742774963e-02
5.064353346824645996e-02
-4.514977335929870605e-03
5.234147235751152039e-02
-3.698046132922172546e-02
-1.005858406424522400e-01
5.347181484103202820e-02
-8.188199996948242188e-02
-4.432016983628273010e-03
-1.407711021602153778e-02
4.359921440482139587e-02
-3.757122904062271118e-02
2.811109460890293121e-02
3.472022712230682373e-02
-3.038391098380088806e-02
-5.593079142272472382e-03
7.839369773864746094e-02
-3.469941765069961548e-02
-6.946715060621500015e-03
4.072769731283187866e-02
-4.488108679652214050e-02
-4.789566248655319214e-02
-8.862738311290740967e-02
-3.806174919009208679e-02
5.765910074114799500e-02
2.452852204442024231e-02
1.410584431141614914e-02
8.052272349596023560e-02
1.065874379128217697e-02
-2.285391651093959808e-02
-8.370948024094104767e-03
2.324004843831062317e-02
1.162702869623899460e-02
4.848653823137283325e-02
-3.713505715131759644e-02
3.712520003318786621e-03
2.235858514904975891e-02
1.781620783731341362e-03
-2.609922364354133606e-02
1.931104995310306549e-02
1.210435526445508003e-03
1.633575186133384705e-02
-1.699418202042579651e-02
-3.417829424142837524e-02
2.930537424981594086e-02
-6.630595028400421143e-02
2.823806134983897209e-03
2.370227500796318054e-02
1.234337221831083298e-02
3.230964392423629761e-02
4.100758209824562073e-02
4.840905591845512390e-02
1.912228390574455261e-02
-4.748298972845077515e-02
4.493186622858047485e-02
-2.432429231703281403e-02
2.096617408096790314e-02
-8.006490021944046021e-02
2.547210454940795898e-02
-2.083772607147693634e-02
-3.699578717350959778e-02
-2.312159538269042969e-02
5.265263374894857407e-03
-2.468330785632133484e-02
-7.502260059118270874e-02
4.260275512933731079e-02
3.649600595235824585e-02
-8.495283871889114380e-02
2.463829889893531799e-02
2.676674723625183105e-02
2.341758518014103174e-04
-3.633511019870638847e-03
1.898244768381118774e-02
-7.147513329982757568e-02
-1.944825053215026855e-02
5.120241083204746246e-03
7.140402682125568390e-03
2.091341838240623474e-02
-3.631485253572463989e-02
-1.082537397742271423e-01
5.575861781835556030e-02
-5.476562771946191788e-03
9.457334876060485840e-02
2.392389066517353058e-02
7.766399532556533813e-02
-2.057025209069252014e-02
6.543861329555511475e-02
-3.720378130674362183e-02
1.961813308298587799e-02
-2.279905043542385101e-02
-3.426007553935050964e-02
-7.996750064194202423e-03
-5.029175803065299988e-02
-1.231607981026172638e-02
3.946935012936592102e-02
2.012629993259906769e-02
5.250409245491027832e-02
1.873907819390296936e-02
-3.723537176847457886e-02
-3.447850421071052551e-02
2.517084404826164246e-02
-1.385758072137832642e-02
-4.302339255809783936e-02
1.835469854995608330e-03
-2.066064067184925079e-02
7.418356835842132568e-02
1.465508062392473221e-02
2.143622143194079399e-03
2.709942124783992767e-02
4.553309455513954163e-02
-3.192605078220367432e-02
-6.143865175545215607e-03
-1.889864727854728699e-02
-8.594493381679058075e-03
-1.197702251374721527e-02
-1.698513701558113098e-02
-3.174557909369468689e-02
-1.132809836417436600e-02
-2.212924882769584656e-02
-2.669420279562473297e-02
-6.669149547815322876e-02
1.894910074770450592e-02
-7.189092226326465607e-03
1.326698111370205879e-03
4.624067246913909912e-02
-1.319085620343685150e-02
4.191839601844549179e-03
-7.999605685472488403e-02
7.777533680200576782e-02
3.989177197217941284e-02
3.373305127024650574e-02
8.477941155433654785e-03
-1.550330035388469696e-02
-4.689924046397209167e-02
-2.009434439241886139e-02
1.822972297668457031e-02
-1.140548149123787880e-03
1.499991398304700851e-02
4.184294492006301880e-02
-6.031623482704162598e-02
-3.614265006035566330e-03
4.990386217832565308e-02
3.109536692500114441e-02
-6.940141320228576660e-04
-6.404276192188262939e-02
1.935376971960067749e-02
-1.052914280444383621e-02
-1.324979495257139206e-02
1.605177298188209534e-02
-6.477935612201690674e-02
-7.545342203229665756e-03
3.075697924941778183e-03
-4.819148778915405273e-02
2.933329902589321136e-02
-5.702947452664375305e-02
3.518183901906013489e-02
-2.155280485749244690e-02
-3.514736890792846680e-03
6.370615959167480469e-02
2.764970064163208008e-02
-4.848375916481018066e-02
-6.634552776813507080e-02
1.925057731568813324e-02
-1.390516199171543121e-02
-1.868676394224166870e-03
4.594129510223865509e-03
-2.136120572686195374e-02
9.227653592824935913e-02
-3.646383434534072876e-02
1.469739805907011032e-02
-1.628093980252742767e-02
-5.085012409836053848e-03
5.473523586988449097e-02
9.321374818682670593e-03
-6.862211972475051880e-02
2.569632232189178467e-02
-4.004406183958053589e-02
5.754449963569641113e-02
-4.829495027661323547e-02
7.087819278240203857e-02
3.249592334032058716e-02
2.900030650198459625e-02
-2.871163748204708099e-02
2.318099513649940491e-02
-4.396080225706100464e-02
1.805701479315757751e-02
1.090686488896608353e-02
-1.136423461139202118e-02
-2.993411943316459656e-02
4.172909259796142578e-02
1.864244812168180943e-03
-6.222007423639297485e-02
-8.822755888104438782e-03
5.367420986294746399e-02
-1.877833902835845947e-02
-4.707792308181524277e-03
2.212116867303848267e-02
-2.438360080122947693e-02
-3.883851692080497742e-02
-9.641556069254875183e-03
-1.686168089509010315e-02
3.344310447573661804e-02
-1.449660398066043854e-02
4.662759974598884583e-02
1.023432463407516479e-01
-1.452374458312988281e-02
-4.009959474205970764e-02
-7.953885197639465332e-02
3.284269198775291443e-02
-1.251430250704288483e-02
1.137712877243757248e-02
4.625817015767097473e-02
6.496405694633722305e-03
1.682736538350582123e-02
-2.908856235444545746e-02
4.557156562805175781e-02
8.307833224534988403e-02
4.963500425219535828e-02
4.890077561140060425e-02
1.786221191287040710e-02
2.957351133227348328e-02
3.281373530626296997e-02
-1.281592249870300293e-02
-2.801604568958282471e-02
-1.883856579661369324e-02
-3.690651804208755493e-02
3.983979672193527222e-02
-4.278752580285072327e-02
8.103682845830917358e-02
6.225753948092460632e-02
2.904881164431571960e-02
6.289504468441009521e-03
-1.266719680279493332e-02
3.240701928734779358e-02
8.663891255855560303e-02
3.958303481340408325e-02
4.501360468566417694e-03
2.098253369331359863e-02
1.947941072285175323e-02
1.399875432252883911e-02
-5.708799697458744049e-03
-4.974532499909400940e-02
3.224753309041261673e-03
-3.993586450815200806e-02
1.063183136284351349e-02
-6.974548101425170898e-02
1.112123485654592514e-02
8.585882186889648438e-02
2.038522250950336456e-02
-5.855764821171760559e-02
3.835013508796691895e-02
1.666104793548583984e-02
-4.969620611518621445e-03
-3.767066448926925659e-02
-2.956191264092922211e-02
-2.960173226892948151e-02
-5.635560676455497742e-02
-5.835555866360664368e-02
8.488704264163970947e-02
-3.976161591708660126e-03
-6.082245707511901855e-02
2.785945311188697815e-02
-4.375874996185302734e-02
-2.401048690080642700e-02
-5.367656424641609192e-02
2.580559579655528069e-03
4.118427261710166931e-02
-1.565806008875370026e-02
6.677100807428359985e-02
5.494263023138046265e-02
5.364163964986801147e-02
2.236416004598140717e-02
3.948859125375747681e-02
-7.457546889781951904e-02
8.657423406839370728e-02
1.428580260835587978e-03
5.398177355527877808e-02
7.896570116281509399e-02
-5.664244294166564941e-02
-9.788995608687400818e-03
-9.806082397699356079e-02
7.569994777441024780e-02
3.326795995235443115e-03
2.434378862380981445e-02
-3.140438720583915710e-02
-1.554286479949951172e-02
-2.778913639485836029e-02
-1.691394858062267303e-02
2.499236725270748138e-02
2.495393157005310059e-02
-2.764024399220943451e-02
3.697445243597030640e-02
-1.172253023833036423e-02
4.191459715366363525e-02
3.114442154765129089e-02
-2.840952202677726746e-02
8.416047319769859314e-03
-1.166829913854598999e-01
4.642100539058446884e-03
-9.545565582811832428e-03
5.973571538925170898e-02
1.396438293159008026e-02
-4.389289394021034241e-02
3.247513202950358391e-03
-9.397944435477256775e-03
-8.941930718719959259e-03
-2.359598316252231598e-02
5.256979260593652725e-03
4.530110210180282593e-02
1.084991469979286194e-01
5.191809684038162231e-02
-1.676884666085243225e-02
5.000972002744674683e-02
-3.453662246465682983e-02
-2.087583765387535095e-02
1.707648672163486481e-02
3.505099937319755554e-02
2.199529111385345459e-02
-1.200945116579532623e-02
-3.421904891729354858e-02
8.629576116800308228e-02
-1.129951141774654388e-02
-8.076217956840991974e-03
-7.040224969387054443e-03
-8.221864845836535096e-05
2.609701827168464661e-02
1.925519085489213467e-03
6.804799288511276245e-02
3.799625113606452942e-02
6.699331104755401611e-02
6.828084588050842285e-02
4.334628209471702576e-02
3.441243618726730347e-02
2.457882277667522430e-02
9.379740059375762939e-02
3.322077915072441101e-02
-9.305612742900848389e-02
3.961780574172735214e-03
-8.504311740398406982e-02
1.110738050192594528e-02
-5.236613750457763672e-02
-3.505393490195274353e-02
5.687047913670539856e-02
-2.003826946020126343e-02
-1.136228162795305252e-02
8.698170632123947144e-02
2.479333803057670593e-02
3.065192699432373047e-02
2.251857519149780273e-02
-3.197517944499850273e-03
5.118419975042343140e-02
5.190493911504745483e-02
-6.104584783315658569e-03
8.228969760239124298e-03
2.963224425911903381e-02
-5.462424829602241516e-02
4.559822008013725281e-02
4.633097443729639053e-03
-6.365085393190383911e-02
2.054767683148384094e-02
9.723049588501453400e-03
1.979574374854564667e-02
-1.338597852736711502e-02
-2.308514155447483063e-02
-1.877296902239322662e-02
1.054879091680049896e-02
-3.814855962991714478e-02
-1.981541328132152557e-02
3.382578492164611816e-02
-4.764751717448234558e-02
2.683324180543422699e-02
2.836453914642333984e-02
7.759374566376209259e-03
1.233511976897716522e-02
-1.639951206743717194e-02
1.016868837177753448e-02
2.128318010363727808e-04
-1.418448425829410553e-02
-3.346460685133934021e-02
3.639028966426849365e-02
-1.540326513350009918e-02
1.868256926536560059e-02
-3.721657441928982735e-03
-2.050115354359149933e-02
8.521413058042526245e-02
-3.198412805795669556e-02
-3.597363829612731934e-02
1.274932146770879626e-04
-6.600779481232166290e-03
5.191200226545333862e-02
-2.240904979407787323e-02
-2.375229075551033020e-02
-5.803525564260780811e-04
7.447823137044906616e-02
-1.591057702898979187e-02
-5.276992917060852051e-02
-9.530082345008850098e-03
-7.543778512626886368e-03
2.685579005628824234e-03
3.776238486170768738e-02
2.566362358629703522e-02
1.233347877860069275e-02
4.336767271161079407e-02
-5.366381257772445679e-02
2.654948271811008453e-02
-6.324885785579681396e-02
9.212849661707878113e-03
-3.621460124850273132e-02
-5.656231567263603210e-02
-5.115508288145065308e-02
-2.072322182357311249e-02
4.054039600305259228e-04
-3.046279586851596832e-02
8.032081648707389832e-03
1.224625017493963242e-02
-5.236403271555900574e-02
1.849192008376121521e-02
4.029586852993816137e-04
-3.580535575747489929e-02
-1.902807503938674927e-03
-1.785165816545486450e-02
2.023326233029365540e-02
3.232901543378829956e-02
9.541796520352363586e-03
2.479987218976020813e-02
5.339190363883972168e-02
-4.033457487821578979e-02
9.472516179084777832e-02
-3.248160332441329956e-02
-2.010890282690525055e-02
7.538650929927825928e-02
-2.604756876826286316e-02
-5.651228502392768860e-02
-4.371026530861854553e-02
-4.104172345250844955e-03
7.314738631248474121e-02
1.664403825998306274e-02
-3.410796076059341431e-02
-1.897737011313438416e-02
1.451592613011598587e-02
1.192686781287193298e-01
-1.986822485923767090e-02
-7.103706896305084229e-02
-2.700945176184177399e-02
4.385555628687143326e-03
9.440258145332336426e-03
-2.005826868116855621e-02
-4.982114583253860474e-02
-1.661652326583862305e-02
6.837958842515945435e-02
-3.155110403895378113e-02
-9.899584949016571045e-02
-2.287808433175086975e-02
-2.473338879644870758e-02
-7.707973569631576538e-02
-1.073765009641647339e-02
-3.344620112329721451e-03
-1.889498555101454258e-03
5.099663883447647095e-02
-1.496265083551406860e-02
5.575811117887496948e-02
5.947954580187797546e-02
3.916662558913230896e-02
-6.728528439998626709e-02
-6.154519319534301758e-02
3.332113474607467651e-02
-1.733962073922157288e-02
-7.848114520311355591e-02
2.313462272286415100e-02
