-1.577617414295673370e-02
4.006070271134376526e-02
1.339191384613513947e-02
4.135752469301223755e-02
-7.775503396987915039e-02
3.184920549392700195e-02
-7.002992555499076843e-03
-5.079844221472740173e-02
2.591107599437236786e-02
-8.846304379403591156e-03
1.824078522622585297e-02
-4.043365269899368286e-02
5.691691488027572632e-02
-1.236112881451845169e-02
-7.524476945400238037e-02
1.375369634479284286e-02
-2.412388287484645844e-02
-1.373026147484779358e-02
3.541324287652969360e-03
3.467325493693351746e-02
2.626433037221431732e-02
-1.411294378340244293e-02
-4.113513976335525513e-02
-5.955582950264215469e-03
-8.148318529129028320e-02
4.831000044941902161e-02
5.149424448609352112e-02
3.834028914570808411e-02
5.901587754487991333e-02
8.202558755874633789e-02
-1.759094535373151302e-03
4.799224808812141418e-02
5.396920070052146912e-02
2.201240742579102516e-03
-1.191918458789587021e-02
1.151031181216239929e-01
-8.125785738229751587e-03
4.067716002464294434e-02
3.185475245118141174e-02
4.306399822235107422e-02
-1.665777340531349182e-02
2.369479089975357056e-02
6.373456865549087524e-02
-3.769788146018981934e-02
5.015798658132553101e-02
-6.826859712600708008e-02
2.525118924677371979e-02
-4.829970188438892365e-03
3.027696162462234497e-02
1.276954263448715210e-02
2.302243374288082123e-02
2.080768533051013947e-02
-2.718312107026576996e-02
-9.092447580769658089e-04
3.849444165825843811e-02
7.784635759890079498e-03
-2.237905934453010559e-02
1.485828403383493423e-02
-2.243020758032798767e-02
4.468916449695825577e-03
-4.357648640871047974e-02
-5.829168949276208878e-03
-3.550974652171134949e-03
8.113462477922439575e-03
-5.405782139860093594e-04
-5.100334435701370239e-02
2.279671095311641693e-02
5.357064679265022278e-02
-5.338563118129968643e-03
-2.553071081638336182e-02
-2.204941818490624428e-03
7.574888318777084351e-02
8.536188304424285889e-02
8.445145562291145325e-03
-2.096431516110897064e-02
-2.701438218355178833e-02
3.531431779265403748e-02
-8.223253302276134491e-03
-1.537964958697557449e-02
8.009120821952819824e-02
6.544350832700729370e-02
2.428809739649295807e-02
-1.016600639559328556e-03
1.074361056089401245e-02
7.743519730865955353e-03
8.756928145885467529e-03
7.339071016758680344e-03
3.979685902595520020e-02
2.338154241442680359e-02
3.200111538171768188e-02
-4.082730412483215332e-02
-3.010021150112152100e-02
2.054146956652402878e-03
-5.842024460434913635e-02
7.264821976423263550e-02
5.235354602336883545e-02
2.996920794248580933e-02
2.291817404329776764e-02
-5.787112563848495483e-02
2.600361360237002373e-03
4.130159318447113037e-02
-1.845828810473904014e-04
-4.674101248383522034e-03
7.431339006870985031e-03
1.700282841920852661e-02
-1.130405813455581665e-02
-8.186520077288150787e-03
-8.119546622037887573e-02
4.784164577722549438e-02
-6.804734468460083008e-02
-6.113558635115623474e-02
-5.870505236089229584e-03
-1.757217943668365479e-02
-9.508026391267776489e-02
-1.417584251612424850e-02
-1.060479134321212769e-02
-1.906892657279968262e-02
-1.013958360999822617e-02
-5.757521721534430981e-04
5.434849113225936890e-02
-1.897936337627470493e-03
1.344658434391021729e-02
-5.743172392249107361e-02
2.589521370828151703e-02
-7.890560477972030640e-02
1.785022020339965820e-02
9.329725056886672974e-03
1.386127714067697525e-02
-6.131876260042190552e-02
1.943477056920528412e-02
4.519801959395408630e-02
-1.109697017818689346e-02
1.549730263650417328e-02
-4.939488321542739868e-02
-2.545739151537418365e-02
9.026192128658294678e-03
2.693583071231842041e-02
6.378310918807983398e-02
1.026398316025733948e-02
3.068087808787822723e-02
1.523476094007492065e-02
1.775065995752811432e-02
-8.984485641121864319e-03
4.288342222571372986e-02
2.689419128000736237e-02
-9.724735282361507416e-03
-1.255077868700027466e-02
-2.702100761234760284e-02
-2.375337481498718262e-02
1.984450221061706543e-02
-4.201523587107658386e-02
2.951535768806934357e-02
-3.538525849580764771e-02
3.204675391316413879e-02
1.458795368671417236e-02
2.749743126332759857e-02
-6.600850820541381836e-02
-3.179455175995826721e-02
4.762386903166770935e-02
-2.042696066200733185e-02
-1.383572723716497421e-02
-1.083162962459027767e-03
-1.164898928254842758e-02
4.803449288010597229e-02
5.973464809358119965e-03
-9.591225534677505493e-03
-4.164087027311325073e-02
-6.002058088779449463e-02
-4.447333142161369324e-02
1.704146154224872589e-02
5.622015893459320068e-02
-3.670904552564024925e-03
-1.199204940348863602e-02
9.584453701972961426e-02
-3.075485303997993469e-02
3.462881222367286682e-02
-4.977023694664239883e-03
4.758721962571144104e-02
7.564429659396409988e-03
1.743962429463863373e-02
-1.426372770220041275e-02
-6.396108120679855347e-02
7.789907604455947876e-02
-8.754668384790420532e-02
8.812300860881805420e-03
4.469627048820257187e-03
-3.112103603780269623e-02
8.180125616490840912e-03
-8.508900552988052368e-02
3.591676801443099976e-02
2.154564112424850464e-02
-1.344279199838638306e-02
8.029862307012081146e-03
-4.388839378952980042e-02
2.994761802256107330e-03
5.609071254730224609e-02
5.970364436507225037e-02
-4.165680333971977234e-02
9.296599775552749634e-03
5.557669326663017273e-02
-3.671803325414657593e-02
-6.434788554906845093e-02
-9.553801268339157104e-02
6.491828244179487228e-03
6.114229187369346619e-02
2.976457588374614716e-02
4.672925919294357300e-03
1.829077862203121185e-02
-1.527256146073341370e-02
-2.907402440905570984e-02
-3.217723593115806580e-02
-2.561374567449092865e-02
3.048050403594970703e-02
-6.511669605970382690e-02
-2.779978141188621521e-02
1.178790256381034851e-02
-1.007159985601902008e-02
3.570536151528358459e-02
-6.515015661716461182e-02
-2.382964268326759338e-02
-7.126581668853759766e-02
-4.434576630592346191e-02
2.260253578424453735e-02
3.567782044410705566e-02
1.610029116272926331e-02
2.855282509699463844e-03
6.762038916349411011e-03
6.026759743690490723e-03
-1.635780185461044312e-02
-2.972877991851419210e-04
1.268441043794155121e-02
-5.866964161396026611e-02
3.466941416263580322e-02
2.721107937395572662e-02
4.841573070734739304e-03
-3.236794099211692810e-02
-2.422866038978099823e-02
-5.330255627632141113e-02
1.674483343958854675e-02
-5.293259397149085999e-02
3.016344271600246429e-02
2.602895908057689667e-02
-7.247778773307800293e-02
6.907764077186584473e-02
3.307846188545227051e-02
9.244494140148162842e-03
-2.216392010450363159e-02
-4.282502084970474243e-02
5.051164422184228897e-03
8.864269405603408813e-02
-4.047355055809020996e-02
-7.541807740926742554e-02
1.689564064145088196e-02
-1.053062826395034790e-02
-4.495944082736968994e-02
-1.867805793881416321e-02
1.093453764915466309e-01
1.082273665815591812e-03
-2.528575621545314789e-02
3.047262504696846008e-02
-4.442564025521278381e-02
-1.732232980430126190e-02
-4.771191999316215515e-02
3.963576629757881165e-02
9.514919365756213665e-04
-2.019761316478252411e-02
-2.560438588261604309e-02
1.444221287965774536e-02
1.670525968074798584e-02
2.097855322062969208e-02
4.752681404352188110e-02
2.232678793370723724e-02
-1.574633829295635223e-02
4.003098607063293457e-02
-7.238751649856567383e-02
-2.046884037554264069e-02
1.671917550265789032e-02
-9.364561736583709717e-02
-2.506806515157222748e-02
-1.916985027492046356e-02
4.320201277732849121e-02
1.541419234126806259e-02
-6.317074596881866455e-02
6.006515771150588989e-02
2.492290548980236053e-02
-1.918682642281055450e-02
-2.000488713383674622e-02
2.074997127056121826e-02
-2.900102362036705017e-02
-4.448797181248664856e-02
-2.507474273443222046e-02
3.034648858010768890e-02
-4.454912617802619934e-02
-2.485900186002254486e-02
-1.692732051014900208e-02
-5.881904065608978271e-02
2.364705502986907959e-02
1.602858304977416992e-03
-1.808078587055206299e-02
2.750523388385772705e-02
4.091427475214004517e-02
-8.147801458835601807e-02
-3.140280395746231079e-02
-5.197489634156227112e-02
-3.511586412787437439e-02
3.372506424784660339e-02
-1.384974829852581024e-02
-6.264943629503250122e-03
6.173739582300186157e-02
-2.127817366272211075e-03
1.068515796214342117e-02
-4.821157082915306091e-02
8.915678597986698151e-03
3.191110119223594666e-02
2.338606864213943481e-02
-7.568810135126113892e-02
1.954700239002704620e-02
-2.082012593746185303e-02
7.786916568875312805e-03
-5.719907954335212708e-02
-7.594341039657592773e-02
5.415710806846618652e-02
-6.122905388474464417e-02
1.250455528497695923e-02
2.029092237353324890e-02
-5.395237356424331665e-02
-5.597609654068946838e-02
-8.310403674840927124e-03
-6.138424947857856750e-02
3.508105501532554626e-02
6.424611806869506836e-02
8.212314918637275696e-03
-1.986814662814140320e-02
1.315374951809644699e-02
4.876262694597244263e-02
-2.182037010788917542e-02
1.379762031137943268e-02
-4.713000357151031494e-02
-1.714704930782318115e-02
4.857095330953598022e-02
2.235252037644386292e-02
6.634107232093811035e-02
-1.546616572886705399e-02
-3.444226924329996109e-03
2.407635748386383057e-02
3.776733949780464172e-02
-3.408384975045919418e-03
7.059061317704617977e-04
6.451352499425411224e-03
2.303042076528072357e-02
-8.888798952102661133e-02
9.273459762334823608e-02
-2.530538477003574371e-02
2.280204743146896362e-02
-5.738793406635522842e-03
-2.410080470144748688e-02
5.552882701158523560e-02
-1.525976229459047318e-03
2.852674014866352081e-02
2.440016344189643860e-02
5.473495274782180786e-02
-3.268011286854743958e-02
7.463144510984420776e-02
-4.491707775741815567e-03
-9.470606595277786255e-02
-1.003969740122556686e-02
-3.672493249177932739e-02
-5.573790147900581360e-02
1.579295843839645386e-02
2.973812818527221680e-02
-5.182742699980735779e-02
-2.988277375698089600e-02
-8.994882553815841675e-02
5.494350939989089966e-02
-9.777361154556274414e-02
1.708531007170677185e-02
8.013918995857238770e-02
1.805239170789718628e-02
-4.717054963111877441e-02
2.847018465399742126e-02
-1.339573692530393600e-02
5.434044077992439270e-02
3.221000358462333679e-02
1.068631466478109360e-02
-4.049297422170639038e-02
-5.252043157815933228e-02
6.739416625350713730e-03
1.153578236699104309e-02
5.222940072417259216e-02
5.489753186702728271e-02
1.462692022323608398e-02
-6.903845071792602539e-02
-6.806994974613189697e-02
-5.785247310996055603e-02
4.473052173852920532e-02
-1.315972302109003067e-02
2.677310816943645477e-02
4.402971640229225159e-02
-6.712464615702629089e-03
-3.474473208189010620e-02
-3.498109430074691772e-02
-5.045267194509506226e-02
-2.911619842052459717e-02
-6.131676211953163147e-02
6.119772419333457947e-02
3.303920477628707886e-02
-1.928411610424518585e-02
-7.995568448677659035e-04
-1.362781785428524017e-02
1.030409242957830429e-02
2.112874947488307953e-02
-6.979101896286010742e-02
6.516675651073455811e-02
-3.198054386302828789e-03
6.123610772192478180e-03
-7.893674820661544800e-02
3.460017219185829163e-02
-4.919218271970748901e-02
4.005441069602966309e-02
-4.485177993774414062e-02
7.933525741100311279e-02
1.069252006709575653e-02
2.253015292808413506e-03
3.401348739862442017e-02
5.379923153668642044e-03
-7.380922883749008179e-02
5.493159405887126923e-03
9.347821772098541260e-02
3.108593262732028961e-02
1.176810474134981632e-03
-3.925773501396179199e-02
-2.757740765810012817e-02
-3.595482930541038513e-02
1.222106628119945526e-02
-7.743758708238601685e-02
5.160279572010040283e-03
-4.171587526798248291e-02
8.660322055220603943e-03
-9.472700767219066620e-03
-4.884669929742813110e-02
1.772288046777248383e-02
-4.263663198798894882e-03
-2.361524850130081177e-02
-5.445381999015808105e-02
-4.542806372046470642e-02
3.189259395003318787e-02
-8.859753608703613281e-03
5.610075965523719788e-02
-4.479417204856872559e-02
2.632297761738300323e-02
3.846260160207748413e-02
4.044758528470993042e-02
3.834560513496398926e-02
-2.916736528277397156e-02
1.683929585851728916e-03
1.055709943175315857e-01
4.407659918069839478e-02
-1.458608452230691910e-02
-2.790447091683745384e-03
-3.438770398497581482e-02
-1.120195165276527405e-02
5.919800139963626862e-03
2.306257083546370268e-04
1.523198094218969345e-02
1.047830563038587570e-02
7.028649002313613892e-02
2.626407891511917114e-02
-6.424949318170547485e-02
-1.737426966428756714e-02
-1.648525521159172058e-02
-1.798395812511444092e-02
-2.675978839397430420e-02
7.169611006975173950e-02
-1.229023654013872147e-02
-1.021485682576894760e-02
3.743001073598861694e-02
1.732259616255760193e-02
-9.736460447311401367e-02
-3.802123293280601501e-02
5.049074813723564148e-02
-1.036463677883148193e-02
-3.716291487216949463e-02
1.096853427588939667e-02
-2.449884079396724701e-02
-5.435344576835632324e-02
-5.180647969245910645e-02
6.301791965961456299e-02
5.380719527602195740e-02
-3.588705509901046753e-02
-1.466994080692529678e-02
1.931942999362945557e-02
-3.193644806742668152e-02
2.304279804229736328e-02
-7.124049216508865356e-02
-8.339972048997879028e-02
5.350753664970397949e-02
1.733108889311552048e-03
4.350343660917133093e-04
1.821720390580594540e-03
6.739167496562004089e-03
-5.639394000172615051e-02
2.389663271605968475e-02
3.401662036776542664e-02
-2.270293608307838440e-02
2.415540255606174469e-02
5.216087028384208679e-02
-2.911425009369850159e-02
-6.441087275743484497e-02
3.504534810781478882e-02
3.362336754798889160e-02
-6.411324720829725266e-03
-9.122862666845321655e-02
-1.954370178282260895e-02
-2.372208423912525177e-02
5.567141249775886536e-02
9.085671603679656982e-02
3.696925565600395203e-02
8.576380461454391479e-02
5.476951133459806442e-03
5.612811446189880371e-02
1.005563363432884216e-01
1.999450474977493286e-02
-3.676973283290863037e-02
1.285606063902378082e-02
-4.585297033190727234e-02
-1.119429618120193481e-02
-1.295941919088363647e-01
-3.770170733332633972e-02
-3.990069963037967682e-03
-2.219548448920249939e-02
-6.661089509725570679e-02
-1.600380428135395050e-02
-1.307699531316757202e-01
-4.128585755825042725e-02
1.011513695120811462e-01
9.109282866120338440e-03
-6.820234656333923340e-02
5.283297598361968994e-02
-9.175191633403301239e-03
4.059290140867233276e-02
-2.505817916244268417e-03
-5.242268089205026627e-03
4.685391206294298172e-03
-9.428955614566802979e-02
1.758316718041896820e-02
2.662902884185314178e-02
1.340238284319639206e-02
-1.142133399844169617e-02
-5.543693900108337402e-02
4.775438830256462097e-02
4.329926741775125265e-04
-3.159448504447937012e-02
-2.215186133980751038e-02
-3.108595311641693115e-02
-3.741786628961563110e-02
1.206019800156354904e-02
-6.568420678377151489e-02
-2.777914702892303467e-02
2.958197146654129028e-02
-1.197431087493896484e-01
1.852532476186752319e-02
-1.929024048149585724e-02
-3.742199018597602844e-02
-3.242130950093269348e-02
2.970296889543533325e-02
-1.433584652841091156e-02
-1.825624331831932068e-02
5.018517374992370605e-02
-4.639356583356857300e-02
-2.800332382321357727e-02
1.878419145941734314e-02
-3.770063444972038269e-02
4.058887064456939697e-02
-3.868407756090164185e-02
3.426022082567214966e-02
8.307210169732570648e-03
-3.275354206562042236e-02
5.144141986966133118e-02
1.268570427782833576e-03
8.160331845283508301e-02
8.570772409439086914e-02
-1.467823982238769531e-02
-1.053009182214736938e-02
1.170285791158676147e-02
-9.687402099370956421e-02
5.292766913771629333e-02
3.306319564580917358e-02
3.053841181099414825e-02
-1.803673803806304932e-02
-1.918744668364524841e-02
3.554891794919967651e-02
-4.340393841266632080e-02
-6.861615180969238281e-02
2.362667769193649292e-02
-1.164376512169837952e-01
-4.378195479512214661e-02
2.293645218014717102e-02
5.586702004075050354e-02
4.319145344197750092e-03
-1.588323968462646008e-03
-1.577475853264331818e-02
-4.156357422471046448e-02
8.517744392156600952e-02
3.516574576497077942e-02
2.702867612242698669e-02
-2.583915181457996368e-02
7.968375459313392639e-03
1.297580660320818424e-03
-2.354647219181060791e-02
5.064072087407112122e-03
1.835607364773750305e-02
6.752832233905792236e-02
7.546680420637130737e-02
2.205181168392300606e-03
-2.825496951118111610e-03
-5.811081267893314362e-03
-6.605580449104309082e-02
-4.221539944410324097e-03
-1.511769276112318039e-02
-3.397760912775993347e-02
4.673506319522857666e-02
3.027167730033397675e-02
-7.726193219423294067e-02
-2.512417361140251160e-02
-4.137326776981353760e-02
4.631292819976806641e-02
-3.777155280113220215e-02
1.104508619755506516e-02
1.945095253176987171e-03
2.388308942317962646e-02
3.315730020403862000e-02
3.183183819055557251e-02
-1.503084786236286163e-03
1.288068853318691254e-02
-6.731107831001281738e-02
3.661160543560981750e-02
7.052792608737945557e-02
3.309925645589828491e-02
-3.218486905097961426e-02
2.054878510534763336e-02
-8.859448134899139404e-03
-7.301395386457443237e-02
-7.080739736557006836e-02
-2.745618298649787903e-02
7.811125367879867554e-02
5.108877085149288177e-03
-1.451484207063913345e-02
3.173835948109626770e-02
4.608482122421264648e-02
-1.011926122009754181e-02
8.020176552236080170e-03
-4.713153466582298279e-02
7.603917270898818970e-03
4.825797677040100098e-02
2.665498480200767517e-02
-5.813553556799888611e-02
6.305813789367675781e-02
4.558509588241577148e-02
-4.162799101322889328e-03
4.717024974524974823e-03
-6.581560522317886353e-02
3.127753734588623047e-05
-7.197555154561996460e-02
-3.928426280617713928e-02
2.368961088359355927e-02
1.398039422929286957e-02
2.957607805728912354e-02
7.726951688528060913e-02
6.735417991876602173e-02
-1.381623442284762859e-03
3.792453184723854065e-02
6.210783030837774277e-03
-4.625221714377403259e-02
1.287453994154930115e-02
7.072450965642929077e-02
2.902112901210784912e-02
-5.168886110186576843e-02
-8.300462365150451660e-02
1.857881806790828705e-02
3.430395945906639099e-02
3.720792243257164955e-03
3.971834108233451843e-02
3.016661107540130615e-02
2.730205468833446503e-02
2.343428879976272583e-02
1.001795567572116852e-02
-2.644310891628265381e-02
7.519273459911346436e-02
-4.941628500819206238e-02
-1.240962836891412735e-02
-1.589389331638813019e-02
-2.050723321735858917e-02
-5.871342145837843418e-04
-2.117344178259372711e-02
-1.523390226066112518e-02
-2.179455012083053589e-02
3.464462608098983765e-02
-4.739494994282722473e-02
-5.091962218284606934e-02
-7.765436079353094101e-03
4.049303755164146423e-02
-7.676160335540771484e-02
-5.592443421483039856e-02
7.392919505946338177e-04
-1.624727807939052582e-02
2.369444817304611206e-02
2.954848110675811768e-02
-2.287812903523445129e-02
-6.693523377180099487e-02
2.823709137737751007e-02
-3.308462351560592651e-02
1.794576272368431091e-02
2.302191592752933502e-02
-3.037609625607728958e-03
1.608609966933727264e-02
-2.169243805110454559e-02
3.919350355863571167e-02
1.057916670106351376e-04
5.554308742284774780e-02
7.921963930130004883e-03
8.393504656851291656e-03
5.791881587356328964e-03
4.261387512087821960e-02
4.293400421738624573e-02
-2.517372742295265198e-02
7.208235096186399460e-03
1.181087177246809006e-02
-6.242868304252624512e-02
3.692840039730072021e-02
-4.040411487221717834e-02
2.350055240094661713e-02
1.461298111826181412e-02
4.003372509032487869e-03
-2.325465716421604156e-02
-2.117748605087399483e-03
1.658218726515769958e-02
9.743838757276535034e-02
-7.623578887432813644e-03
1.037577837705612183e-01
2.058416604995727539e-02
-4.091868549585342407e-02
-8.988060988485813141e-03
-1.318609528243541718e-02
-1.831983402371406555e-02
-1.117594912648200989e-02
4.014501348137855530e-02
-1.179670318961143494e-01
-2.477992326021194458e-02
6.809800863265991211e-02
2.797166258096694946e-02
1.059182733297348022e-02
-7.311795372515916824e-03
-1.634812355041503906e-02
1.952628605067729950e-02
8.145099878311157227e-02
-2.785425446927547455e-02
-2.002516388893127441e-02
-7.352565880864858627e-03
2.595614083111286163e-02
-8.812423795461654663e-02
-2.773760259151458740e-02
7.725838571786880493e-02
5.968644982203841209e-04
4.011817742139101028e-03
-1.987578533589839935e-02
2.199777588248252869e-02
-3.718908876180648804e-02
5.494344979524612427e-02
5.802886094897985458e-03
5.608195066452026367e-02
-1.352868508547544479e-02
2.193401195108890533e-02
7.278575748205184937e-02
2.291959710419178009e-02
-6.755593232810497284e-03
-3.622383996844291687e-02
3.873140364885330200e-02
-2.232294343411922455e-02
3.499851375818252563e-02
-8.875828236341476440e-03
2.440215647220611572e-02
-1.878357678651809692e-02
2.257081679999828339e-02
-5.058440938591957092e-02
-3.267489746212959290e-02
9.598844498395919800e-02
-8.438578993082046509e-02
-2.884403336793184280e-03
8.361314982175827026e-02
-8.334035053849220276e-03
-2.169272489845752716e-02
2.989818155765533447e-02
4.942368250340223312e-03
-1.468668691813945770e-02
6.017927452921867371e-02
2.742990292608737946e-02
6.073687225580215454e-02
-6.199196353554725647e-02
6.425648927688598633e-02
2.204137109220027924e-02
8.361881598830223083e-03
-6.326573342084884644e-02
4.310796502977609634e-03
1.096392609179019928e-02
-3.366947174072265625e-02
-5.787171889096498489e-03
3.871642798185348511e-02
1.323909312486648560e-02
-5.531030148267745972e-02
-7.223043590784072876e-02
6.881828606128692627e-02
7.899352908134460449e-02
-3.920534998178482056e-02
-2.394844964146614075e-02
-5.181638151407241821e-02
-3.747863322496414185e-02
-3.294421359896659851e-02
5.975820869207382202e-02
-4.444190859794616699e-02
3.419317305088043213e-03
-8.972601499408483505e-04
-4.530001059174537659e-02
6.800606101751327515e-02
-4.681061580777168274e-02
-2.947562932968139648e-02
-1.347623020410537720e-02
5.465222056955099106e-03
6.070990581065416336e-03
-1.904159411787986755e-02
-2.541786432266235352e-02
-3.132140636444091797e-02
-6.821533292531967163e-02
-3.702361136674880981e-02
4.956141859292984009e-02
-4.977463930845260620e-02
-6.679733842611312866e-02
1.640648953616619110e-02
5.811461433768272400e-02
-1.707602292299270630e-02
-2.114717150107026100e-03
-2.785666286945343018e-02
-1.011549402028322220e-02
4.767931997776031494e-03
-3.967947140336036682e-02
7.191403955221176147e-02
-1.447506435215473175e-02
-7.629856467247009277e-03
-6.178313866257667542e-02
-1.758863218128681183e-02
-4.525721073150634766e-02
4.637769889086484909e-03
4.753116518259048462e-03
1.059101969003677368e-01
-5.282253772020339966e-02
6.329151801764965057e-04
-1.094663795083761215e-02
7.808598130941390991e-02
1.077059656381607056e-02
5.360882263630628586e-03
-5.573949590325355530e-02
1.710708439350128174e-02
-1.206261292099952698e-02
7.299196720123291016e-02
4.741372540593147278e-02
8.441732823848724365e-02
6.707108765840530396e-02
-5.338757857680320740e-02
3.317650780081748962e-02
6.016993895173072815e-03
-4.151080548763275146e-02
-1.531693711876869202e-02
-1.721225865185260773e-02
8.202380686998367310e-02
5.760722979903221130e-02
4.793015867471694946e-02
-7.270564883947372437e-02
-4.712511971592903137e-02
-7.179476320743560791e-02
-2.814065478742122650e-02
3.181444108486175537e-02
-3.544415906071662903e-02
7.000309228897094727e-02
1.931721158325672150e-02
2.904204837977886200e-02
1.825859397649765015e-02
1.395159400999546051e-02
-5.635339766740798950e-03
-3.863759711384773254e-02
4.052601009607315063e-02
2.344403229653835297e-02
2.434826921671628952e-03
-2.956217154860496521e-02
-7.947173900902271271e-03
-6.384526938199996948e-02
4.964137822389602661e-02
-3.276763856410980225e-02
-2.583218179643154144e-02
4.178438335657119751e-02
5.815685261040925980e-03
9.756701439619064331e-02
-1.128912623971700668e-02
6.114712730050086975e-02
1.151586025953292847e-01
5.237890407443046570e-02
6.502547860145568848e-02
-4.015381447970867157e-03
2.061802521347999573e-02
1.714415382593870163e-03
3.334717452526092529e-02
-6.474075466394424438e-02
3.403597697615623474e-02
6.895127147436141968e-02
-2.435560338199138641e-02
-2.633875794708728790e-02
1.877912320196628571e-02
4.536252468824386597e-02
6.716512609273195267e-03
4.374624043703079224e-02
2.406592248007655144e-04
2.149833366274833679e-02
-6.704564206302165985e-03
-6.472320854663848877e-02
-9.540100581943988800e-03
5.356640554964542389e-03
2.147048898041248322e-02
-8.137848228216171265e-02
2.060952968895435333e-02
4.015145823359489441e-02
7.662927359342575073e-02
-4.950914531946182251e-02
4.298381879925727844e-02
-9.329423308372497559e-02
-7.136519998311996460e-02
7.772329449653625488e-02
2.352939546108245850e-02
2.404161728918552399e-03
-5.635061860084533691e-02
5.712296813726425171e-02
-5.480356141924858093e-02
-1.071871723979711533e-02
-4.737012553960084915e-03
-2.771293930709362030e-02
7.721726316958665848e-03
-3.919931873679161072e-02
2.585161663591861725e-02
-1.972829364240169525e-02
-9.926770813763141632e-03
-1.875860989093780518e-02
-2.854791283607482910e-02
-1.691799983382225037e-02
4.361761361360549927e-02
-5.799021199345588684e-02
7.230975478887557983e-02
-1.588586904108524323e-02
6.139261648058891296e-02
1.842813193798065186e-02
-3.144158108625560999e-04
-3.495072945952415466e-02
4.202311392873525620e-03
8.565777540206909180e-02
7.485713064670562744e-02
8.067645132541656494e-02
-5.581368878483772278e-02
1.113115530461072922e-02
-3.423409769311547279e-03
3.764935955405235291e-02
-4.717160761356353760e-02
1.018741168081760406e-02
-4.197550471872091293e-03
-4.231070727109909058e-02
-3.101285733282566071e-02
-5.586475133895874023e-02
-4.850424826145172119e-02
4.675734788179397583e-02
-4.106554761528968811e-02
-5.496690422296524048e-02
2.011623419821262360e-02
3.543542698025703430e-02
8.726344257593154907e-02
-3.705591335892677307e-02
5.736304074525833130e-02
-7.431213743984699249e-04
2.400087565183639526e-02
1.947920769453048706e-02
-7.937442511320114136e-02
5.045915395021438599e-02
-2.868027612566947937e-02
-2.385373786091804504e-02
4.497914761304855347e-02
-2.562524378299713135e-02
8.419916965067386627e-03
-8.415345847606658936e-02
1.722097396850585938e-02
-3.817847371101379395e-02
-4.158182814717292786e-02
-3.010872937738895416e-02
-2.738575637340545654e-02
-5.600555986166000366e-02
-3.956699371337890625e-02
6.447383761405944824e-02
6.127103790640830994e-02
-5.286721512675285339e-02
-7.789401710033416748e-02
-5.737830325961112976e-02
-4.153580230195075274e-04
-9.748162701725959778e-03
-2.557047829031944275e-02
7.825490832328796387e-02
3.501982241868972778e-02
-1.419062167406082153e-02
-2.760331705212593079e-02
-1.298891659826040268e-02
2.744300663471221924e-02
-1.140264444984495640e-03
-2.698028460144996643e-03
2.964968606829643250e-02
3.834692016243934631e-02
-2.922123484313488007e-02
4.426022246479988098e-02
-1.789791136980056763e-02
-1.567895337939262390e-02
-5.362949799746274948e-03
4.016478359699249268e-02
3.656920045614242554e-02
