-1.648764312267303467e-02
5.917899683117866516e-02
6.844063318567350507e-05
-8.166508632712066174e-04
9.927579760551452637e-02
3.066520392894744873e-02
3.454330936074256897e-02
-5.102410167455673218e-02
-3.176668286323547363e-02
5.919239297509193420e-02
6.112078577280044556e-02
-1.632992923259735107e-02
1.825448498129844666e-02
-1.524370443075895309e-02
4.048492386937141418e-02
-9.228286333382129669e-03
4.996921494603157043e-02
-3.563012927770614624e-02
2.558368071913719177e-02
-9.167441166937351227e-03
-1.987134478986263275e-02
7.679826579988002777e-03
-3.878430277109146118e-02
2.981048077344894409e-02
-7.743353396654129028e-02
3.338906913995742798e-02
-6.665362417697906494e-02
-7.018274068832397461e-02
1.302421092987060547e-02
-1.022204682230949402e-01
3.595309704542160034e-02
-4.568468406796455383e-02
2.866708673536777496e-02
5.746433977037668228e-03
1.746604591608047485e-02
6.088458001613616943e-03
-5.413813143968582153e-02
-4.678233712911605835e-02
-3.981091547757387161e-03
4.084051772952079773e-02
1.822223514318466187e-02
-9.508872404694557190e-03
-2.633436024188995361e-02
-1.538102515041828156e-02
6.667277961969375610e-02
-2.296173572540283203e-02
2.057387866079807281e-02
-3.521417453885078430e-02
1.534239389002323151e-02
5.239327996969223022e-02
6.053372472524642944e-02
-5.444904416799545288e-02
-2.391636371612548828e-03
-2.722563594579696655e-02
1.318550296127796173e-02
3.483963757753372192e-02
3.095247223973274231e-02
-6.525209546089172363e-02
1.872028410434722900e-02
-1.586981676518917084e-02
-1.278899144381284714e-02
-4.303186386823654175e-02
4.608366265892982483e-02
1.841899193823337555e-02
-3.214539214968681335e-02
2.935130521655082703e-02
-1.115177175961434841e-03
4.893453046679496765e-02
2.905721217393875122e-02
-3.230940923094749451e-02
8.915406651794910431e-03
4.024813696742057800e-02
-2.219828777015209198e-02
5.598889663815498352e-02
4.619745537638664246e-02
9.597440063953399658e-02
-6.304692476987838745e-02
-1.428966782987117767e-02
-8.972252719104290009e-03
1.763363927602767944e-02
-1.301108673214912415e-02
-3.051885403692722321e-02
9.441728144884109497e-02
7.812240626662969589e-03
7.240473479032516479e-02
-5.174855142831802368e-02
2.504605241119861603e-02
6.222378578968346119e-04
7.128641754388809204e-02
-5.043574422597885132e-02
-5.252007022500038147e-02
7.987871766090393066e-03
-4.508922249078750610e-02
-4.496897011995315552e-02
-9.723605588078498840e-03
-4.483874887228012085e-02
-7.309364154934883118e-03
-4.131002724170684814e-02
5.554706230759620667e-02
-7.965460419654846191e-02
-1.430561393499374390e-02
4.224748164415359497e-02
7.375089824199676514e-02
-1.888056471943855286e-02
1.920253410935401917e-02
-1.302035450935363770e-01
1.439021248370409012e-02
5.355657637119293213e-02
1.224719267338514328e-02
3.727763146162033081e-02
-2.207562094554305077e-03
-3.969792276620864868e-02
-1.054245419800281525e-02
5.061810463666915894e-02
-1.675736717879772186e-02
-7.568539585918188095e-03
2.420344389975070953e-02
1.926774717867374420e-02
-2.711897017434239388e-03
5.238949134945869446e-02
2.738777734339237213e-02
7.674655318260192871e-02
-1.328728161752223969e-02
-1.267248298972845078e-02
-2.341288328170776367e-02
-6.486186385154724121e-02
3.137483727186918259e-03
2.706282585859298706e-02
-8.338063955307006836e-02
5.599680542945861816e-02
1.664342544972896576e-02
3.706787899136543274e-02
-2.166469022631645203e-02
1.125582121312618256e-02
3.270449489355087280e-02
3.472442505881190300e-03
-6.392204761505126953e-02
2.427999302744865417e-02
1.020977180451154709e-02
1.906996592879295349e-03
-3.254346782341599464e-03
1.343779172748327255e-02
-9.331632405519485474e-03
-2.392639033496379852e-02
5.847080796957015991e-02
6.708691269159317017e-02
-3.930228203535079956e-02
4.784327000379562378e-02
2.644902653992176056e-02
1.616907119750976562e-02
6.118668243288993835e-02
-1.909825950860977173e-02
1.965562440454959869e-02
5.956828221678733826e-02
-2.918851003050804138e-02
-1.064106728881597519e-02
-1.972965523600578308e-02
4.038016125559806824e-02
1.970978081226348877e-02
3.094058111310005188e-02
2.672002837061882019e-02
6.399182137101888657e-03
2.932153269648551941e-02
-7.874939590692520142e-02
-3.090792149305343628e-02
-6.472954899072647095e-02
9.289410896599292755e-03
4.312819615006446838e-02
4.143578116782009602e-04
-4.579916968941688538e-02
9.385696612298488617e-03
9.382998570799827576e-03
-1.368104480206966400e-02
5.837739445269107819e-03
-4.851971287280321121e-03
-3.965080901980400085e-02
3.238860517740249634e-02
6.039252877235412598e-02
-2.452257275581359863e-02
6.631200760602951050e-02
2.657875791192054749e-02
2.448182180523872375e-02
-3.854903578758239746e-02
-1.172667276114225388e-02
-8.514720201492309570e-02
-2.081949636340141296e-02
5.868860334157943726e-02
8.042629808187484741e-03
5.669955164194107056e-02
-4.488742910325527191e-03
-3.783731907606124878e-02
-4.448608960956335068e-03
-6.393314152956008911e-02
-4.917823150753974915e-02
-5.205402267165482044e-04
-1.086428090929985046e-01
-4.544082283973693848e-02
-7.326278835535049438e-02
-2.815865166485309601e-02
4.666056856513023376e-02
5.411974340677261353e-02
-1.443980075418949127e-02
-5.228252336382865906e-02
-1.390635967254638672e-02
1.947217993438243866e-02
-1.107832230627536774e-02
3.566062822937965393e-02
-8.369481563568115234e-02
-5.184355657547712326e-03
-6.705839931964874268e-02
3.275971161201596260e-03
-1.943135261535644531e-02
-4.571622237563133240e-02
-5.461601912975311279e-02
2.517086826264858246e-02
-3.620031848549842834e-02
2.116625942289829254e-02
-7.559981197118759155e-02
-6.848132610321044922e-02
-7.866398245096206665e-02
-2.145052328705787659e-02
-1.975943893194198608e-02
6.183310598134994507e-02
1.942429691553115845e-02
6.485091149806976318e-02
-6.422575563192367554e-02
-2.580448426306247711e-02
-2.652147319167852402e-03
2.979465201497077942e-02
5.246507003903388977e-02
4.942385479807853699e-02
-2.647376246750354767e-02
-1.427060808055102825e-03
-2.324669994413852692e-02
-4.565875604748725891e-02
2.055708691477775574e-02
-3.673003986477851868e-02
-4.873639717698097229e-02
6.384170055389404297e-02
1.034963782876729965e-02
-1.850124076008796692e-02
-2.220475301146507263e-02
-1.910697855055332184e-02
-1.483570900745689869e-03
-3.348058834671974182e-02
-5.315279215574264526e-02
-9.922415949404239655e-03
-3.649447485804557800e-02
3.540127351880073547e-02
-4.988900944590568542e-02
-4.499033838510513306e-02
9.091437608003616333e-02
-7.231208961457014084e-03
-3.864206001162528992e-02
-4.270238056778907776e-02
2.302206121385097504e-02
2.540068328380584717e-02
-2.089682529913261533e-04
1.059862691909074783e-02
-2.620548568665981293e-02
4.157967492938041687e-02
-7.498481124639511108e-02
4.332972690463066101e-02
-1.235335250385105610e-03
-2.064570970833301544e-02
2.524934895336627960e-02
-9.392356500029563904e-03
1.600369811058044434e-03
6.111603975296020508e-02
-7.660970836877822876e-02
-8.140615373849868774e-02
3.794874995946884155e-02
1.011051051318645477e-02
2.159064449369907379e-02
1.857017353177070618e-02
-1.674135401844978333e-02
5.473700165748596191e-02
1.324611622840166092e-02
8.773274719715118408e-03
-8.603955805301666260e-02
1.180659793317317963e-02
-3.307872638106346130e-02
1.571743749082088470e-02
-2.966595639009028673e-04
-1.429366413503885269e-02
-1.975013688206672668e-02
2.711485372856259346e-03
-3.816473856568336487e-02
4.059789236634969711e-03
-6.608496606349945068e-02
-9.731381386518478394e-02
-2.352583408355712891e-02
-7.174419611692428589e-02
2.389194257557392120e-02
-6.591212004423141479e-02
-3.971653431653976440e-02
-4.313142225146293640e-02
-1.660171337425708771e-02
2.885361947119235992e-02
1.566225662827491760e-02
-2.940129302442073822e-02
9.376301616430282593e-02
-1.729029044508934021e-02
3.408244624733924866e-02
-1.260139234364032745e-02
4.364289343357086182e-02
1.715699024498462677e-02
8.801501244306564331e-03
4.598890244960784912e-02
4.031993821263313293e-02
-2.371683018282055855e-03
-2.700223773717880249e-02
5.460418760776519775e-02
-2.794239297509193420e-02
-1.502668205648660660e-02
-3.577698394656181335e-02
2.163917385041713715e-02
7.848937995731830597e-03
-2.948029339313507080e-02
2.480238303542137146e-02
-3.579486906528472900e-02
8.537155576050281525e-03
-6.427717953920364380e-02
4.390924796462059021e-02
2.653886936604976654e-02
4.074248019605875015e-03
1.588106714189052582e-02
-8.421153761446475983e-03
-2.570622600615024567e-02
2.504540421068668365e-02
5.543386563658714294e-02
-7.096404582262039185e-02
1.193456724286079407e-02
-3.297613933682441711e-02
-1.866370998322963715e-02
1.952528953552246094e-02
-1.818183623254299164e-02
6.323354691267013550e-02
2.017528563737869263e-02
5.545586347579956055e-02
-7.197236642241477966e-03
1.114787720143795013e-02
-8.380000293254852295e-02
-1.918117143213748932e-02
1.756700337864458561e-03
-3.181629627943038940e-02
3.021836280822753906e-02
-5.274889618158340454e-02
-9.062734432518482208e-03
-1.013450399041175842e-01
9.217742830514907837e-03
-4.692455381155014038e-02
9.639962762594223022e-02
-7.117889821529388428e-02
5.210072547197341919e-02
-1.865586452186107635e-02
-1.118775922805070877e-03
-9.412173181772232056e-02
2.005933411419391632e-02
-2.758893184363842010e-02
-3.993523307144641876e-03
-1.674327440559864044e-02
1.727620547171682119e-04
3.446413204073905945e-02
3.403437510132789612e-02
-1.329765561968088150e-02
2.360339649021625519e-02
-2.240370400249958038e-02
3.476733714342117310e-02
-1.930004684254527092e-03
-1.962541788816452026e-02
-5.205892398953437805e-02
-2.082161838188767433e-03
2.075761556625366211e-03
-4.443814046680927277e-03
-8.246209472417831421e-02
7.458926737308502197e-02
2.542240731418132782e-02
2.492305450141429901e-02
-5.888728052377700806e-02
2.306905202567577362e-02
-8.290317840874195099e-03
2.107500657439231873e-02
2.876082062721252441e-02
3.370151668787002563e-02
3.531153872609138489e-02
-9.867122769355773926e-02
-7.122059911489486694e-02
-7.417338341474533081e-02
-4.203709214925765991e-02
-2.626820467412471771e-02
-9.117646515369415283e-02
1.099924324080348015e-03
-2.601095475256443024e-02
-1.509801764041185379e-02
-9.435614570975303650e-03
-1.062662601470947266e-01
1.617178553715348244e-03
8.454564027488231659e-03
-3.957119304686784744e-03
-1.752889528870582581e-02
3.542875871062278748e-02
-1.818482019007205963e-02
-3.465262800455093384e-02
-2.284687943756580353e-02
-5.456491559743881226e-02
2.221399918198585510e-03
-3.159664198756217957e-02
-1.462941523641347885e-02
2.943524625152349472e-03
1.233235560357570648e-02
-9.004422277212142944e-02
5.401514843106269836e-02
8.679317682981491089e-02
1.643117330968379974e-02
7.736296206712722778e-02
3.539050742983818054e-02
-1.721522025763988495e-02
1.172122824937105179e-02
-1.610291562974452972e-02
6.287560611963272095e-02
8.131259121000766754e-03
1.279175002127885818e-02
2.107866480946540833e-02
-1.667274348437786102e-02
-3.383655473589897156e-02
7.830199599266052246e-02
1.127128303050994873e-02
5.398168042302131653e-02
-3.932147473096847534e-02
-4.898394271731376648e-02
5.161359161138534546e-02
-9.455258958041667938e-03
2.291205897927284241e-02
-7.437333930283784866e-03
-2.168856933712959290e-02
-2.653474686667323112e-03
4.948254674673080444e-02
3.773037344217300415e-02
7.327762991189956665e-02
6.004460901021957397e-02
5.561273172497749329e-02
3.989181714132428169e-04
1.863147714175283909e-03
-6.427913159132003784e-02
3.440843196585774422e-03
2.638231264427304268e-03
-2.868524752557277679e-02
-5.241128429770469666e-02
-2.907748520374298096e-02
5.752973258495330811e-02
5.345435068011283875e-02
9.945151954889297485e-02
-2.701849862933158875e-02
6.339611858129501343e-02
-5.280528962612152100e-02
5.167641211301088333e-03
2.618354000151157379e-02
1.582455006428062916e-03
1.624150085262954235e-03
7.914086431264877319e-02
-2.788017317652702332e-02
-2.347636036574840546e-02
2.125903218984603882e-02
2.954572625458240509e-02
-5.395635217428207397e-02
-1.027823518961668015e-02
-6.856099516153335571e-02
3.887201473116874695e-02
3.151346370577812195e-02
2.943610073998570442e-03
-1.886241137981414795e-02
1.121604908257722855e-02
4.555131122469902039e-02
5.284310132265090942e-02
-5.970688071101903915e-03
-2.809370635077357292e-03
-4.127898067235946655e-02
3.530745953321456909e-02
8.940496481955051422e-03
-7.581215468235313892e-04
2.170190587639808655e-02
-2.210295759141445160e-02
2.491695061326026917e-02
-6.000705808401107788e-02
-2.443265356123447418e-02
6.453452259302139282e-02
9.754084795713424683e-02
7.115355879068374634e-02
-1.618697890080511570e-03
-3.226301446557044983e-02
-2.249996550381183624e-02
-2.653682138770818710e-03
3.156533092260360718e-02
4.982684552669525146e-02
3.397686406970024109e-02
-3.742765262722969055e-02
7.084907591342926025e-02
5.703636258840560913e-02
4.851600155234336853e-02
-2.357593737542629242e-02
5.451066419482231140e-02
-5.923012271523475647e-02
4.928568005561828613e-02
-2.670703083276748657e-02
-3.070513531565666199e-02
-2.461357787251472473e-02
1.076767873018980026e-02
-8.515217155218124390e-02
6.728202104568481445e-02
6.086213514208793640e-02
6.589868664741516113e-02
-5.677117151208221912e-04
-2.495985105633735657e-02
-3.565832972526550293e-02
1.733300462365150452e-02
2.474394626915454865e-02
-5.019121803343296051e-03
-8.937031775712966919e-02
6.550481170415878296e-02
9.526437148451805115e-03
-2.328182756900787354e-02
-1.665734872221946716e-02
5.471559613943099976e-02
5.985553842037916183e-03
-3.080977872014045715e-02
3.087404370307922363e-02
-8.752200752496719360e-03
-2.910634875297546387e-02
2.121220901608467102e-02
6.187864765524864197e-02
8.689601719379425049e-02
-6.054905429482460022e-02
-1.198224350810050964e-02
2.598204463720321655e-02
9.072219952940940857e-03
2.035791799426078796e-02
5.031620338559150696e-02
-1.832099817693233490e-02
6.026731804013252258e-02
1.178854983299970627e-02
2.276120707392692566e-02
-2.219445072114467621e-02
-1.666592201218008995e-03
1.187412161380052567e-02
-7.517224876210093498e-04
-8.177302777767181396e-03
2.907765330746769905e-03
-1.187281310558319092e-02
-6.881720572710037231e-02
-4.731170460581779480e-02
5.111882090568542480e-02
-2.080324292182922363e-02
-1.271948218345642090e-02
-1.064212713390588760e-02
5.390847567468881607e-03
-8.304918557405471802e-02
2.941752411425113678e-02
3.492243960499763489e-02
4.526548460125923157e-02
-4.915378987789154053e-02
-1.016083266586065292e-02
4.127570614218711853e-02
2.990775741636753082e-02
6.304663419723510742e-02
-1.886807940900325775e-02
1.629118341952562332e-03
-3.298221901059150696e-02
-1.017832313664257526e-03
2.046566084027290344e-02
-6.919104605913162231e-03
9.951252490282058716e-02
2.443163469433784485e-02
5.402635782957077026e-02
1.478443946689367294e-02
-3.756450489163398743e-02
-1.578561030328273773e-02
2.174037136137485504e-02
-7.013282179832458496e-02
7.705420255661010742e-03
-2.641644701361656189e-02
3.800887614488601685e-02
-7.027016836218535900e-04
-4.118553549051284790e-02
6.211532652378082275e-02
6.589369475841522217e-02
3.306508064270019531e-02
3.912017866969108582e-02
-3.353842347860336304e-02
4.268254712224006653e-02
-1.693293638527393341e-02
-2.276545017957687378e-02
1.981331780552864075e-02
3.646139055490493774e-02
-4.584183543920516968e-02
-2.678124606609344482e-02
6.804491393268108368e-03
-3.872898966073989868e-02
6.272667646408081055e-02
-3.573666093870997429e-03
1.344924326986074448e-02
2.767420373857021332e-02
6.101944670081138611e-02
3.474450856447219849e-02
1.249886024743318558e-02
3.970626741647720337e-02
-1.992692798376083374e-02
-3.397852182388305664e-02
6.581808440387248993e-03
-1.586745493113994598e-02
6.528178602457046509e-02
5.396099388599395752e-02
1.372223254293203354e-02
7.061748299747705460e-03
3.066194988787174225e-02
7.803535088896751404e-03
1.314765587449073792e-02
1.315354183316230774e-02
-3.894806280732154846e-02
-1.022727694362401962e-02
-3.102577663958072662e-02
1.992319151759147644e-02
3.478245437145233154e-02
4.002929478883743286e-02
8.774168789386749268e-02
-4.150353744626045227e-02
-5.972408503293991089e-02
3.405179083347320557e-02
-1.791963912546634674e-02
3.262273594737052917e-02
1.431887503713369370e-02
2.554621174931526184e-02
2.890726737678050995e-02
-1.188632100820541382e-02
-4.728969559073448181e-02
-1.688961498439311981e-02
8.246123790740966797e-02
-6.598098576068878174e-02
1.051057223230600357e-02
-4.627939779311418533e-03
-5.849488452076911926e-02
1.746161654591560364e-02
1.836464926600456238e-02
-1.330463401973247528e-02
8.563535287976264954e-03
-9.456033818423748016e-03
-3.357730805873870850e-02
1.432995684444904327e-02
-1.403246726840734482e-02
-6.906096637248992920e-02
-4.761376976966857910e-02
-1.460595522075891495e-02
7.186158094555139542e-03
-1.467722188681364059e-02
-4.087077453732490540e-02
4.724513366818428040e-02
-1.703325845301151276e-02
-7.474313676357269287e-02
-1.833889447152614594e-02
-4.512250795960426331e-02
-4.631898179650306702e-02
-7.149609178304672241e-02
5.042136088013648987e-02
-5.239030346274375916e-02
-2.207487262785434723e-02
-8.329732343554496765e-03
8.182794786989688873e-03
-6.150648370385169983e-02
-3.804026544094085693e-02
-4.749888926744461060e-02
6.397151201963424683e-02
-1.300233788788318634e-02
9.182745963335037231e-02
4.228791221976280212e-03
-8.842993527650833130e-02
-8.204944431781768799e-02
6.195382028818130493e-02
1.067263260483741760e-02
3.069994971156120300e-02
3.507860004901885986e-02
-7.330232299864292145e-03
4.317393153905868530e-02
2.321761287748813629e-02
1.496921386569738388e-02
-1.319736428558826447e-02
-6.248298287391662598e-02
2.159928344190120697e-02
-4.377200827002525330e-02
-6.398835033178329468e-02
4.755004867911338806e-02
-1.318197511136531830e-02
-2.876949310302734375e-02
1.888259686529636383e-02
-7.702944427728652954e-02
1.564032025635242462e-02
9.410881437361240387e-03
-1.875671185553073883e-02
-5.030571483075618744e-03
-3.721063956618309021e-02
-4.676808416843414307e-02
-6.691180169582366943e-02
3.973243758082389832e-02
-3.985189832746982574e-03
-1.158284246921539307e-01
-1.155770104378461838e-02
2.215459942817687988e-02
-6.193769164383411407e-03
5.433754622936248779e-02
3.611484542489051819e-02
5.265080556273460388e-02
7.659329473972320557e-02
-6.264839321374893188e-02
-2.029609121382236481e-02
1.514108758419752121e-02
-1.747429929673671722e-02
1.284450013190507889e-02
5.361971631646156311e-02
6.676486693322658539e-03
2.387416083365678787e-03
2.744520641863346100e-02
-2.667953260242938995e-02
4.528293013572692871e-02
-1.126172114163637161e-02
-1.215605996549129486e-02
7.402951270341873169e-02
-1.082143466919660568e-02
7.280940562486648560e-02
-1.176164019852876663e-02
-4.728718847036361694e-02
-3.019404038786888123e-02
9.416320919990539551e-02
3.985041752457618713e-02
-8.510990440845489502e-02
6.317994743585586548e-02
-2.753013558685779572e-02
-3.713212674483656883e-03
-1.309655420482158661e-02
-2.437298931181430817e-02
7.498658960685133934e-04
-4.041279666125774384e-03
-1.465104520320892334e-02
1.852909661829471588e-02
3.455413505434989929e-02
-2.261103130877017975e-02
3.917188569903373718e-02
-1.502680778503417969e-02
-1.192624447867274284e-03
-3.602954000234603882e-02
5.578999407589435577e-03
1.524508930742740631e-02
1.844126544892787933e-02
8.826969563961029053e-02
1.037296652793884277e-01
-2.073450712487101555e-03
3.749983012676239014e-02
-2.394145540893077850e-02
3.788507729768753052e-02
-4.972355440258979797e-02
3.068269975483417511e-02
3.516625985503196716e-02
-8.941386826336383820e-03
-1.199473533779382706e-02
2.794253453612327576e-02
2.526164054870605469e-02
1.759652420878410339e-02
8.500521071255207062e-03
5.783301591873168945e-02
-1.170469634234905243e-02
2.018820866942405701e-02
6.776780821382999420e-03
2.945902943611145020e-02
-5.371810868382453918e-02
1.829610951244831085e-02
4.517780244350433350e-02
-9.258152917027473450e-03
4.471106827259063721e-02
-1.036184206604957581e-01
2.136868191882967949e-03
3.959647938609123230e-02
-3.817498683929443359e-02
1.480095647275447845e-02
6.102773174643516541e-02
7.226348668336868286e-02
9.441039524972438812e-03
-2.825111895799636841e-02
-3.086012788116931915e-02
5.705412011593580246e-03
-3.334690257906913757e-02
4.391231015324592590e-02
-4.376681894063949585e-02
1.550391875207424164e-02
-2.100601606070995331e-02
-8.792779594659805298e-02
-4.283737018704414368e-02
-1.034772861748933792e-02
1.020091772079467773e-02
-6.550643593072891235e-02
-2.680348232388496399e-02
1.202323939651250839e-02
-1.265374664217233658e-02
-1.839693263173103333e-02
4.250170662999153137e-02
-6.237252801656723022e-02
-2.334122359752655029e-02
-3.689362108707427979e-02
4.730203375220298767e-02
-7.494983077049255371e-02
7.043209392577409744e-03
2.127957530319690704e-03
-1.240958459675312042e-02
5.228143185377120972e-02
8.620777726173400879e-02
-7.152795046567916870e-02
3.593527653720229864e-04
-4.308819770812988281e-02
3.065076470375061035e-02
-6.299656629562377930e-02
-2.831974625587463379e-02
-6.903020292520523071e-02
-2.642576955258846283e-02
5.075169727206230164e-02
9.376953355967998505e-03
2.074683830142021179e-02
-2.580208331346511841e-02
-1.083855703473091125e-02
-5.210812762379646301e-02
-3.368226345628499985e-03
-1.273933611810207367e-02
-2.554147876799106598e-02
7.541462033987045288e-02
3.720530122518539429e-02
1.064163167029619217e-02
-5.913816764950752258e-02
5.397848784923553467e-03
1.695670560002326965e-02
-4.217943549156188965e-02
2.502018213272094727e-02
7.267522811889648438e-02
2.030159346759319305e-02
-7.039904594421386719e-02
3.995519503951072693e-02
6.051946431398391724e-03
-6.220800057053565979e-02
3.013984858989715576e-02
5.240117013454437256e-02
-1.556569803506135941e-02
3.416671976447105408e-02
-5.517700687050819397e-02
1.258756499737501144e-02
-7.316511869430541992e-02
-6.584736518561840057e-03
-1.434957049787044525e-02
-1.695182919502258301e-02
-1.423191837966442108e-02
-7.234136760234832764e-02
-7.004200667142868042e-02
-5.062317103147506714e-02
-5.589127540588378906e-04
-5.925557110458612442e-03
1.441422663629055023e-02
-4.544343054294586182e-02
6.767373532056808472e-02
-3.754550591111183167e-03
1.551356539130210876e-02
-3.225278109312057495e-02
5.829211324453353882e-02
6.803101301193237305e-02
5.631822347640991211e-02
2.575096487998962402e-02
3.395699709653854370e-02
3.040530905127525330e-02
-3.726366534829139709e-02
5.377211142331361771e-03
-1.832748949527740479e-02
1.916393451392650604e-02
4.497141763567924500e-02
-1.011393964290618896e-02
-4.344647284597158432e-03
8.992612361907958984e-02
-1.548867952078580856e-02
6.273850798606872559e-02
-6.866931915283203125e-02
2.952718175947666168e-02
-3.273059800267219543e-02
2.877860702574253082e-02
4.938196390867233276e-02
8.564929477870464325e-03
2.984814718365669250e-02
3.249246254563331604e-02
1.008806377649307251e-01
2.932480163872241974e-02
6.238977238535881042e-02
7.072593271732330322e-02
-8.129374682903289795e-02
-2.150442078709602356e-02
2.959311567246913910e-02
1.048533711582422256e-02
-2.617245912551879883e-02
1.246754173189401627e-02
5.462405388243496418e-04
2.544421469792723656e-03
5.640565976500511169e-02
1.761727780103683472e-02
-1.568488194607198238e-03
-7.559199631214141846e-02
1.590395532548427582e-02
2.509621530771255493e-02
-5.752696841955184937e-02
-1.725303567945957184e-02
-8.205196261405944824e-02
6.736130267381668091e-02
-6.598325818777084351e-02
7.183078210800886154e-03
6.522491108626127243e-03
-5.417255684733390808e-03
2.273593470454216003e-02
5.958942323923110962e-02
4.796374589204788208e-02
-3.404651582241058350e-02
-2.192697301506996155e-02
-1.126015111804008484e-01
6.803879141807556152e-02
1.009774487465620041e-02
-9.790962189435958862e-02
-6.040187925100326538e-02
-2.711393637582659721e-03
3.835964482277631760e-03
6.788735277950763702e-03
6.084411963820457458e-02
5.563721805810928345e-02
1.960931578651070595e-03
-1.101980544626712799e-02
-2.510949969291687012e-02
-6.961546838283538818e-03
2.900779806077480316e-02
2.113469876348972321e-02
-4.424487054347991943e-02
-3.940593451261520386e-02
-6.428910885006189346e-03
-4.933360591530799866e-02
-3.730739653110504150e-02
-7.669328246265649796e-03
-6.527558714151382446e-02
-1.111053861677646637e-02
4.019119590520858765e-02
-5.427899211645126343e-02
-2.124913781881332397e-02
-1.178023498505353928e-02
-2.101747132837772369e-02
2.442616969347000122e-02
-2.799708209931850433e-02
3.465953632257878780e-04
6.995896250009536743e-02
1.283472962677478790e-02
5.050199106335639954e-02
-1.845026947557926178e-02
-4.568947851657867432e-02
6.385372020304203033e-03
4.532408341765403748e-02
-1.643519103527069092e-02
-3.183283656835556030e-02
-3.030498698353767395e-02
-2.885875850915908813e-02
5.688881874084472656e-02
1.139755547046661377e-02
-4.166790470480918884e-02
5.184674263000488281e-02
-4.281717538833618164e-02
1.154433656483888626e-02
1.813285239040851593e-02
8.879502862691879272e-02
1.069799214601516724e-01
4.511031880974769592e-02
-2.642278186976909637e-02
-3.536783158779144287e-02
-7.671339064836502075e-02
1.905150711536407471e-02
4.174901172518730164e-02
8.728996664285659790e-02
-2.452218905091285706e-02
-2.461800759192556143e-04
1.911327242851257324e-02
-7.402346283197402954e-02
-5.471716634929180145e-03
-3.850863501429557800e-02
-2.713549509644508362e-02
3.523174300789833069e-02
2.456936240196228027e-02
7.799171144142746925e-04
-1.396170631051063538e-02
1.705763116478919983e-02
-3.676647320389747620e-03
1.516745984554290771e-02
5.589525774121284485e-02
-9.301359206438064575e-02
1.466337740421295166e-01
-5.678595602512359619e-02
-6.445765495300292969e-02
7.922163605690002441e-02
4.827285651117563248e-03
5.940571427345275879e-02
2.896815724670886993e-02
8.575126528739929199e-03
2.124947123229503632e-02
-6.735755130648612976e-03
2.873384580016136169e-02
-8.476294577121734619e-03
-2.173662744462490082e-02
2.119625918567180634e-02
2.108878456056118011e-02
-4.673611745238304138e-02
-2.541909739375114441e-02
-2.188100107014179230e-02
6.493464112281799316e-02
-2.856111526489257812e-02
7.213298976421356201e-02
-7.275681011378765106e-03
1.880068704485893250e-02
-9.046375006437301636e-02
-2.262929081916809082e-02
7.474542409181594849e-02
-3.402026742696762085e-02
-3.665203601121902466e-02
3.170791268348693848e-02
