2.146849036216735840e-02
-6.662178039550781250e-02
-9.925059042870998383e-03
1.402275171130895615e-02
8.586013317108154297e-02
6.216897070407867432e-02
1.003828793764114380e-01
-1.065473780035972595e-01
6.111217662692070007e-02
5.115360766649246216e-02
-9.676445275545120239e-03
-1.425119955092668533e-02
-8.934381604194641113e-02
-4.561862349510192871e-02
-3.021894581615924835e-02
-5.912724882364273071e-02
3.577208146452903748e-03
-6.001554802060127258e-02
6.348295602947473526e-03
3.453250974416732788e-02
5.323538184165954590e-02
-9.408146142959594727e-03
5.007876455783843994e-02
-1.154139917343854904e-02
4.567828029394149780e-02
2.989935874938964844e-02
2.507730945944786072e-02
-6.877044681459665298e-03
5.621811375021934509e-02
1.912292791530489922e-03
-2.949002012610435486e-02
3.164096921682357788e-02
-4.414619505405426025e-02
-1.565349474549293518e-02
3.203958272933959961e-02
-2.863843366503715515e-02
1.038146018981933594e-01
-3.204317018389701843e-02
8.317688107490539551e-02
7.747947238385677338e-03
4.760356992483139038e-02
-4.890679195523262024e-02
7.320214062929153442e-02
-2.994460985064506531e-02
-4.314675927162170410e-02
-5.387418344616889954e-02
-7.523946464061737061e-02
-2.415318973362445831e-03
-2.726536244153976440e-02
2.331466041505336761e-02
3.405488654971122742e-02
3.946925327181816101e-02
1.481318473815917969e-02
2.091951295733451843e-02
-2.046136744320392609e-02
-5.243748798966407776e-02
4.746745154261589050e-02
-2.483063377439975739e-02
-5.883200559765100479e-03
-2.915306016802787781e-02
5.875095725059509277e-03
2.348773926496505737e-02
2.614150196313858032e-02
-5.296898260712623596e-02
-7.239411585032939911e-03
3.067279793322086334e-02
-4.110151901841163635e-02
-2.863827347755432129e-02
1.080453395843505859e-03
-7.178574055433273315e-02
1.902022771537303925e-02
-1.377511653117835522e-04
4.568840190768241882e-02
3.585628420114517212e-02
-2.777897380292415619e-02
-3.275869239587336779e-04
7.537233829498291016e-02
3.109962493181228638e-02
3.087221644818782806e-02
-1.332221180200576782e-02
1.037387736141681671e-02
6.008561700582504272e-02
-2.790173888206481934e-02
5.397311225533485413e-02
-8.599997963756322861e-04
-2.784330397844314575e-02
-1.063336338847875595e-02
6.748606264591217041e-02
-1.830582320690155029e-02
3.619776666164398193e-02
3.861307352781295776e-02
1.202550437301397324e-02
3.565714880824089050e-02
-3.135816007852554321e-02
4.630251228809356689e-02
-3.095268644392490387e-02
-6.316845118999481201e-02
-2.467020601034164429e-02
2.317606844007968903e-02
-8.121648803353309631e-03
1.758683356456458569e-03
-2.405524812638759613e-02
-1.182522252202033997e-02
3.009190410375595093e-02
6.512130051851272583e-02
5.306760594248771667e-02
-6.111634150147438049e-02
8.177205920219421387e-03
1.101060211658477783e-02
-4.539602249860763550e-02
8.097597956657409668e-02
1.005688961595296860e-02
3.493799595162272453e-03
-1.500529516488313675e-02
2.520287781953811646e-02
1.392591837793588638e-02
7.048176229000091553e-02
1.724170334637165070e-02
-1.380855124443769455e-02
1.144868414849042892e-02
-8.672513067722320557e-03
1.856313087046146393e-02
2.254450321197509766e-02
9.853186085820198059e-03
6.676591187715530396e-02
-2.588868886232376099e-02
6.111615896224975586e-02
3.395592048764228821e-02
5.203416571021080017e-02
6.752936635166406631e-03
-3.756319731473922729e-02
-3.838053345680236816e-02
-6.879106909036636353e-02
2.131528779864311218e-02
2.137942612171173096e-02
-2.859332785010337830e-02
9.331365674734115601e-02
2.803287655115127563e-02
4.797460138797760010e-02
-6.562427151948213577e-04
-7.692927867174148560e-02
-2.345139347016811371e-02
1.503466442227363586e-02
5.243674665689468384e-02
-3.151862183585762978e-03
-8.658707141876220703e-03
-2.263091690838336945e-02
3.911350853741168976e-03
4.436185956001281738e-02
-3.190502151846885681e-02
-4.077874124050140381e-02
1.448844280093908310e-02
-1.477093342691659927e-02
4.136284440755844116e-02
1.549336034804582596e-02
-2.486744336783885956e-02
1.956187188625335693e-02
1.773969456553459167e-02
2.712334878742694855e-02
-1.056278590112924576e-02
7.329464703798294067e-02
-1.000502109527587891e-01
-4.373670555651187897e-03
-1.622497104108333588e-02
-7.975560612976551056e-03
-4.295466467738151550e-02
3.077722154557704926e-02
2.070583030581474304e-02
-3.794275596737861633e-02
2.413824386894702911e-02
-4.776666685938835144e-02
-6.552124768495559692e-02
-3.051609918475151062e-02
-4.354714229702949524e-02
-5.484845116734504700e-02
4.277911782264709473e-02
-7.863277569413185120e-03
-4.528614133596420288e-02
-9.365748614072799683e-03
-5.169977247714996338e-02
4.961071163415908813e-02
-7.974260300397872925e-02
-4.160650819540023804e-02
5.118026211857795715e-02
1.026273667812347412e-01
3.618083521723747253e-02
-2.644092589616775513e-02
1.498569641262292862e-02
-3.115021251142024994e-02
3.162112087011337280e-02
9.708031080663204193e-03
-9.360366500914096832e-03
-6.781458854675292969e-02
1.538195461034774780e-02
2.862386405467987061e-02
-4.368759691715240479e-03
6.823742389678955078e-02
-5.333587154746055603e-02
-5.018180236220359802e-03
-4.614064097404479980e-02
6.649449933320283890e-04
-1.554468180984258652e-02
2.140828780829906464e-02
5.707266554236412048e-02
-5.744447000324726105e-03
4.778037592768669128e-02
5.427475273609161377e-02
-2.146374620497226715e-02
-4.046685993671417236e-03
-7.723217457532882690e-02
5.833627190440893173e-03
1.941231079399585724e-02
-4.613774828612804413e-03
-4.375419020652770996e-02
2.243058010935783386e-02
3.045283444225788116e-02
-4.607357084751129150e-03
-5.428257584571838379e-02
-1.064326986670494080e-01
2.550766803324222565e-02
2.171478420495986938e-02
-2.003937773406505585e-02
4.080409184098243713e-02
-2.716282941401004791e-02
-9.396697580814361572e-02
2.098560519516468048e-02
1.495325565338134766e-02
-6.339931394904851913e-03
1.240750923752784729e-01
-3.716352209448814392e-02
3.411882743239402771e-02
4.770946130156517029e-02
-3.082360699772834778e-02
1.409519184380769730e-02
1.246755011379718781e-02
-1.185851246118545532e-01
6.180652230978012085e-02
3.735754638910293579e-02
2.443242631852626801e-02
6.244367919862270355e-03
-5.727805197238922119e-02
-2.380075491964817047e-02
1.561497710645198822e-02
-1.430730521678924561e-01
-2.105182595551013947e-02
3.768030554056167603e-02
-1.059492584317922592e-02
-2.821618132293224335e-02
-5.221529677510261536e-02
-1.918217726051807404e-02
-6.016356125473976135e-02
-2.371880412101745605e-02
-8.307784795761108398e-02
-1.603926299139857292e-03
1.620149426162242889e-02
-2.600443363189697266e-02
-7.767381612211465836e-03
-1.011866610497236252e-02
7.162212580442428589e-02
-1.565385423600673676e-02
7.722110021859407425e-04
4.911704454571008682e-03
1.478622853755950928e-02
-3.876653313636779785e-02
6.828539073467254639e-02
7.195172458887100220e-02
-2.604168094694614410e-02
-6.825821101665496826e-02
7.239613682031631470e-02
7.382065057754516602e-03
-8.743244106881320477e-04
7.586260139942169189e-02
2.055209316313266754e-02
-6.640925258398056030e-02
3.252804651856422424e-02
3.094592690467834473e-02
-3.911942988634109497e-02
-1.232578977942466736e-02
1.408903021365404129e-02
-8.662986569106578827e-03
4.035515338182449341e-02
3.121555410325527191e-02
8.029744029045104980e-02
2.382240816950798035e-02
6.675852835178375244e-02
-2.310129813849925995e-03
9.289291501045227051e-02
4.992907866835594177e-03
-6.333365291357040405e-02
-1.442051399499177933e-02
-2.149492735043168068e-03
-4.589579068124294281e-03
-3.333980962634086609e-02
5.164884030818939209e-03
-9.429302997887134552e-03
5.513766780495643616e-02
5.958433449268341064e-02
-1.253681071102619171e-02
2.086578682065010071e-02
2.955314330756664276e-02
8.178691496141254902e-04
8.143528364598751068e-03
-3.375762701034545898e-02
-4.125831648707389832e-02
3.569927811622619629e-02
3.961918875575065613e-02
1.235074084252119064e-02
-1.547456718981266022e-02
-2.895487239584326744e-03
-2.902418561279773712e-02
-2.430046349763870239e-02
2.896557934582233429e-02
1.568778231739997864e-02
1.084609180688858032e-01
1.574578136205673218e-02
5.410782061517238617e-03
1.790077053010463715e-02
4.329157248139381409e-02
2.471612207591533661e-02
1.892255060374736786e-02
-3.482628986239433289e-02
-6.570384372025728226e-03
-9.470976144075393677e-02
1.286011654883623123e-02
-2.327177859842777252e-02
-3.526347875595092773e-02
-9.662312269210815430e-02
3.128286078572273254e-02
1.473902841098606586e-03
-2.792147733271121979e-02
4.221606999635696411e-02
-1.387987565249204636e-02
-1.580935902893543243e-02
-4.940795898437500000e-02
-4.031891375780105591e-02
-7.548061665147542953e-03
-8.876943588256835938e-02
-6.396074593067169189e-02
-2.187669835984706879e-02
-4.530290514230728149e-02
1.523825246840715408e-02
6.814479082822799683e-02
-4.292482510209083557e-03
8.453619480133056641e-02
3.321053460240364075e-02
-3.193774027749896049e-03
1.149339322000741959e-02
2.403131686151027679e-02
-3.043427690863609314e-02
5.165129154920578003e-02
5.687689036130905151e-02
2.179891429841518402e-02
2.738007344305515289e-02
-2.258613239973783493e-04
1.252277754247188568e-02
5.254859477281570435e-02
-2.149039320647716522e-02
5.680832266807556152e-02
5.279275402426719666e-02
-2.880894346162676811e-03
4.689784720540046692e-02
5.658795312047004700e-02
-4.258212074637413025e-02
-1.411077100783586502e-02
-4.125328361988067627e-02
5.588316172361373901e-02
2.932259254157543182e-02
1.025249063968658447e-02
-7.027845829725265503e-02
3.054247936233878136e-03
1.233071368187665939e-02
-2.036025561392307281e-02
-3.303382545709609985e-02
7.050335407257080078e-02
1.108013745397329330e-02
2.780648879706859589e-02
-8.180323988199234009e-03
-1.140219252556562424e-02
1.262483093887567520e-02
1.002546865493059158e-02
4.170333221554756165e-02
7.791134715080261230e-02
2.597970701754093170e-02
-6.904707849025726318e-02
7.842494547367095947e-02
2.433657273650169373e-02
-7.716876268386840820e-02
1.665637083351612091e-02
1.092998683452606201e-01
-5.343036609701812267e-04
1.188825666904449463e-01
3.657726943492889404e-02
1.643589884042739868e-02
1.886058971285820007e-02
3.435102757066488266e-03
5.883047357201576233e-02
-1.168176718056201935e-02
-3.669171035289764404e-02
-1.993451500311493874e-03
6.282373517751693726e-02
-1.505391846876591444e-04
1.827204786241054535e-02
-4.667429253458976746e-02
3.825573623180389404e-02
-1.326572243124246597e-02
-1.522350939922034740e-04
6.223223730921745300e-02
2.112298831343650818e-02
1.141774933785200119e-02
8.418013341724872589e-03
2.084948681294918060e-02
-2.772953361272811890e-02
-4.621506482362747192e-02
1.106287986040115356e-01
2.553377859294414520e-02
-8.213946223258972168e-02
-2.924281172454357147e-03
1.006276383996009827e-01
4.578984156250953674e-02
4.738290607929229736e-02
3.970369324088096619e-02
-5.784221738576889038e-02
2.527340501546859741e-02
3.108555637300014496e-02
1.040024962276220322e-02
4.916687682271003723e-02
3.098595701158046722e-02
1.117183268070220947e-02
-2.666898444294929504e-02
6.828928599134087563e-04
2.369216084480285645e-02
7.655046880245208740e-03
-3.104517608880996704e-02
-2.150038955733180046e-03
7.013730704784393311e-02
3.349369391798973083e-02
4.185961734037846327e-04
4.544039443135261536e-02
-1.749457907862961292e-03
-2.136259712278842926e-02
-6.478081457316875458e-03
-1.782965101301670074e-02
4.817327111959457397e-02
8.149566128849983215e-03
8.480489253997802734e-03
2.474152855575084686e-02
-3.472551330924034119e-02
-1.369216442108154297e-01
2.588639594614505768e-02
2.852964028716087341e-02
-1.569126360118389130e-02
-2.107751928269863129e-02
-1.892223767936229706e-02
2.246080525219440460e-02
-4.105765745043754578e-02
1.215727627277374268e-02
2.358060516417026520e-02
-6.623413413763046265e-02
6.284067779779434204e-02
-4.278679192066192627e-02
-5.764726665802299976e-04
2.751751244068145752e-02
1.355508249253034592e-02
4.316155239939689636e-02
4.286280274391174316e-02
2.807992883026599884e-02
-1.853731274604797363e-02
-1.536435354501008987e-02
-1.494658936280757189e-04
-5.040628835558891296e-02
-2.337671630084514618e-02
-5.297360196709632874e-02
-6.827984750270843506e-02
5.768707767128944397e-02
4.847311973571777344e-02
-8.489304454997181892e-04
8.517495589330792427e-04
-8.737956732511520386e-02
5.082653835415840149e-02
3.075851686298847198e-02
-4.568978026509284973e-02
2.647312066983431578e-05
1.754007861018180847e-02
-2.588619478046894073e-02
1.793551817536354065e-02
9.216109290719032288e-03
1.072235777974128723e-02
-1.816113851964473724e-02
-3.649033233523368835e-02
-1.620609126985073090e-02
-2.089439891278743744e-02
1.281714159995317459e-02
2.263324568048119545e-03
-1.513801887631416321e-02
7.703041285276412964e-02
-7.286184281110763550e-02
4.898000881075859070e-02
4.436951130628585815e-02
3.344706445932388306e-02
-1.383998058736324310e-02
3.774857893586158752e-02
-5.386519245803356171e-03
9.616478346288204193e-03
-5.096947401762008667e-02
6.479042023420333862e-02
2.796801272779703140e-03
-5.061910673975944519e-02
-2.129897102713584900e-02
2.190622501075267792e-02
-3.586331754922866821e-02
1.719684526324272156e-02
-1.253354270011186600e-02
-9.774742648005485535e-03
-6.782971322536468506e-02
-4.646202176809310913e-02
-4.436546936631202698e-02
8.322871476411819458e-02
3.872271627187728882e-02
-4.194551706314086914e-02
-4.418661072850227356e-02
2.869924716651439667e-02
2.959145791828632355e-02
8.041436970233917236e-02
2.464606985449790955e-02
8.435565233230590820e-02
4.975167661905288696e-02
-2.638576552271842957e-02
-2.460609376430511475e-02
-1.674464531242847443e-02
-3.553558886051177979e-02
2.281404659152030945e-02
3.181906789541244507e-02
5.642818659543991089e-02
6.682102102786302567e-03
-7.203316199593245983e-04
2.932147681713104248e-02
2.772864140570163727e-02
8.481648750603199005e-03
-1.187596190720796585e-02
-3.246001899242401123e-02
-8.524599485099315643e-03
8.307177573442459106e-02
9.621159173548221588e-03
-7.373645156621932983e-02
4.719572141766548157e-02
6.698068697005510330e-03
-4.507117904722690582e-03
-2.806578390300273895e-02
-4.758375696837902069e-03
-4.068415146321058273e-03
-3.776666242629289627e-03
-9.706467390060424805e-04
3.563648462295532227e-02
2.289604581892490387e-02
2.572062984108924866e-02
1.475330162793397903e-02
-4.646440967917442322e-02
-2.846236154437065125e-02
-7.694399915635585785e-03
1.049544960260391235e-01
-2.942362613976001740e-02
-1.184374745935201645e-02
-1.491998694837093353e-02
2.051084861159324646e-02
7.370253093540668488e-03
-3.246940299868583679e-02
-2.569783292710781097e-02
2.305236086249351501e-02
-2.791406586766242981e-02
-3.104800730943679810e-02
-2.484907582402229309e-02
-6.430633366107940674e-02
5.335221812129020691e-02
1.411376427859067917e-02
-1.887512207031250000e-02
-2.903423458337783813e-02
-3.034442849457263947e-02
-1.150198373943567276e-02
-1.236217282712459564e-02
3.683684393763542175e-02
4.614549875259399414e-02
-1.376978773623704910e-02
-3.061674721539020538e-02
-1.021261438727378845e-01
2.311514131724834442e-02
1.743090525269508362e-02
-1.386352349072694778e-02
-1.068464946001768112e-02
3.533085435628890991e-02
3.049474209547042847e-02
-8.592060767114162445e-03
-8.869642624631524086e-04
-8.394074440002441406e-02
-3.826659917831420898e-02
1.242548506706953049e-02
5.130947753787040710e-02
6.303193420171737671e-02
-3.103864192962646484e-02
1.715707592666149139e-02
-1.581319421529769897e-02
-3.147282404825091362e-04
-1.847631670534610748e-02
2.450164780020713806e-02
1.107630599290132523e-02
-3.139856085181236267e-02
-7.246787846088409424e-02
2.283607050776481628e-02
5.160393193364143372e-02
-5.017407611012458801e-02
1.404671557247638702e-02
3.753050416707992554e-02
4.559896420687437057e-03
-8.425942622125148773e-03
-5.132072046399116516e-02
8.071962743997573853e-02
3.361549600958824158e-02
-1.468257280066609383e-03
5.239619687199592590e-02
-1.524849981069564819e-02
1.631976477801799774e-02
1.809776574373245239e-02
-5.991238355636596680e-02
-1.113959029316902161e-02
4.649733379483222961e-02
-9.133542189374566078e-04
2.944482676684856415e-02
-5.200920999050140381e-02
3.656924143433570862e-02
-6.702578067779541016e-02
5.669191852211952209e-02
1.575598120689392090e-02
2.463985048234462738e-02
7.232140749692916870e-02
-5.604360625147819519e-02
1.744429022073745728e-02
-2.870014496147632599e-02
4.361642524600028992e-02
-1.241939887404441833e-02
3.003292158246040344e-02
-1.512322574853897095e-02
3.336672484874725342e-02
6.906688213348388672e-05
7.094631437212228775e-03
-9.661817550659179688e-02
-3.270546346902847290e-02
-8.327955752611160278e-02
1.818198710680007935e-02
-5.536178499460220337e-02
-5.124130845069885254e-02
-9.137988835573196411e-02
1.433887518942356110e-02
-6.773044914007186890e-02
-4.457749053835868835e-02
3.025919385254383087e-02
-1.991883665323257446e-02
-1.732954755425453186e-02
-3.318811580538749695e-02
-8.699793368577957153e-02
4.532400146126747131e-02
2.987429499626159668e-03
-1.066016554832458496e-01
1.943382620811462402e-02
1.596368663012981415e-02
5.704714730381965637e-02
2.745198830962181091e-02
6.307502835988998413e-02
4.550528898835182190e-02
-9.319752454757690430e-02
7.076791673898696899e-02
-1.023410260677337646e-02
7.131997030228376389e-03
3.496528416872024536e-02
5.019463598728179932e-02
-5.126995965838432312e-02
-7.203277666121721268e-03
-3.558472543954849243e-02
-5.543221160769462585e-02
1.762612164020538330e-02
1.023921743035316467e-01
8.233878761529922485e-02
7.285872939974069595e-03
-2.223855070769786835e-02
3.872005268931388855e-02
1.495500653982162476e-02
-1.897726207971572876e-02
-4.451676271855831146e-03
-1.587094366550445557e-02
-3.829681873321533203e-02
7.303129881620407104e-03
5.632621701806783676e-03
6.295175850391387939e-02
1.417351234704256058e-02
5.173923075199127197e-02
5.168592557311058044e-03
2.241125330328941345e-03
-1.005143858492374420e-02
2.619044482707977295e-02
-1.772794127464294434e-02
-3.501800820231437683e-02
-5.722961574792861938e-02
1.146020554006099701e-02
1.828382140956819057e-03
3.151936084032058716e-02
4.997059237211942673e-03
-1.909683458507061005e-02
-6.737121148034930229e-04
3.765419498085975647e-02
2.977538667619228363e-02
-1.624334976077079773e-02
-3.212815150618553162e-03
4.139417782425880432e-02
-1.127407769672572613e-03
2.139417454600334167e-02
-1.502852980047464371e-02
-9.360010735690593719e-03
-3.595508635044097900e-02
-1.052503567188978195e-02
-6.065436825156211853e-02
-1.096885427832603455e-01
-7.432933151721954346e-02
-7.001507282257080078e-02
-9.513795375823974609e-02
-1.786376535892486572e-02
8.152985945343971252e-03
-7.206195965409278870e-03
-1.156294066458940506e-02
-1.034191474318504333e-01
-7.150812540203332901e-03
-3.447503596544265747e-02
-7.421891205012798309e-03
7.373627275228500366e-02
-4.571208730340003967e-02
1.868759514763951302e-03
-5.477420613169670105e-02
4.603146389126777649e-02
2.860159240663051605e-02
1.628500595688819885e-02
-8.170770108699798584e-02
-2.572608366608619690e-02
2.673937939107418060e-02
-2.156246080994606018e-02
4.605028405785560608e-02
-4.616254568099975586e-02
6.847331672906875610e-02
4.071818292140960693e-02
8.256337605416774750e-03
6.075884681195020676e-03
-2.549931406974792480e-02
6.940925121307373047e-02
-4.289231449365615845e-02
-1.016604602336883545e-01
-6.398949190042912960e-04
8.939710445702075958e-03
-2.162190387025475502e-03
1.206057891249656677e-01
-2.333189919590950012e-02
-1.136568281799554825e-02
-4.868076369166374207e-02
1.420116610825061798e-02
-3.067216277122497559e-02
4.230915755033493042e-02
3.644243627786636353e-02
-3.232619538903236389e-02
4.117059987038373947e-03
3.124343417584896088e-02
-1.036750245839357376e-02
2.595025487244129181e-02
-5.674096196889877319e-02
-5.553704500198364258e-02
-3.667220473289489746e-02
-2.389499731361865997e-02
2.190206944942474365e-02
-1.544723939150571823e-02
5.897907167673110962e-02
1.974505558609962463e-02
2.196198515594005585e-02
-5.769192054867744446e-02
-2.587432414293289185e-02
-8.669760078191757202e-02
-8.002161979675292969e-02
3.364694118499755859e-02
1.263636350631713867e-02
1.726382039487361908e-02
9.234707057476043701e-02
1.862442935816943645e-03
3.057516179978847504e-02
-9.926717728376388550e-03
-8.022648282349109650e-03
4.823099449276924133e-02
2.210393175482749939e-02
2.519305050373077393e-02
-5.633131787180900574e-02
8.583945035934448242e-02
-2.621756494045257568e-02
1.597590744495391846e-02
5.888879764825105667e-03
-3.020189888775348663e-02
-1.469610165804624557e-02
-1.632599718868732452e-02
-5.137486848980188370e-03
-6.650732457637786865e-02
5.003179609775543213e-02
-7.819895981810986996e-04
-4.324448481202125549e-02
-5.725155770778656006e-02
1.461961306631565094e-02
-1.845836639404296875e-02
-1.966130174696445465e-02
6.008307263255119324e-02
3.064868226647377014e-02
1.566420495510101318e-02
5.476332828402519226e-02
5.897809192538261414e-02
8.854053914546966553e-02
-1.568886637687683105e-02
-1.717916876077651978e-02
-9.510887786746025085e-03
-4.168582707643508911e-02
1.438352558761835098e-02
8.080041408538818359e-02
-5.877845920622348785e-03
-6.626536604017019272e-03
-4.376392811536788940e-02
-1.839188300073146820e-02
3.852951899170875549e-02
2.863498404622077942e-02
-4.395951703190803528e-02
-2.192989923059940338e-02
-4.960894212126731873e-02
3.031075373291969299e-02
2.689781412482261658e-02
-3.898796811699867249e-02
5.575826391577720642e-02
2.309919707477092743e-02
-1.765218377113342285e-02
8.151374012231826782e-02
-1.519244723021984100e-02
1.804468780755996704e-02
-7.068418711423873901e-02
6.057618930935859680e-02
4.757300019264221191e-02
-5.031372606754302979e-02
-7.615406811237335205e-02
-7.988947443664073944e-03
-7.392747700214385986e-02
2.308296412229537964e-02
-1.256939861923456192e-02
-3.941492363810539246e-02
-9.101697243750095367e-03
3.524501994252204895e-02
-4.521025344729423523e-02
-1.408815383911132812e-02
-9.980729781091213226e-03
-1.937157288193702698e-02
-2.266972884535789490e-02
3.055193927139043808e-03
2.467646636068820953e-02
-3.981985524296760559e-02
7.682626694440841675e-02
-2.461809478700160980e-02
2.510727010667324066e-02
1.972525753080844879e-02
-5.880340188741683960e-02
2.600630279630422592e-03
-2.301068278029561043e-03
-1.570276333950459957e-03
-3.137977793812751770e-02
-3.495033830404281616e-02
-1.218302082270383835e-02
1.673161983489990234e-02
1.871967874467372894e-02
3.865228965878486633e-02
-1.314526516944169998e-02
2.957988344132900238e-02
-9.000604040920734406e-03
5.694661289453506470e-02
6.174458563327789307e-02
2.440628968179225922e-02
1.112170750275254250e-03
4.229863639920949936e-03
6.255243718624114990e-02
-5.331694334745407104e-02
2.248692885041236877e-02
1.719879545271396637e-02
7.301304489374160767e-02
-1.584952883422374725e-02
-2.741309814155101776e-02
4.235582053661346436e-02
6.474090367555618286e-02
2.807161957025527954e-02
-3.007648512721061707e-02
4.297187924385070801e-02
3.085555881261825562e-02
-6.745748221874237061e-03
-5.996030569076538086e-02
-3.133846446871757507e-02
3.269815444946289062e-02
1.152460649609565735e-02
-5.379224196076393127e-03
-3.184269741177558899e-02
-2.882006950676441193e-02
2.161346934735774994e-02
-2.089356258511543274e-02
-1.264860504306852818e-03
-8.815361186861991882e-03
1.878080703318119049e-02
-4.396669566631317139e-03
-1.409053523093461990e-02
-4.736091941595077515e-02
7.412941753864288330e-02
-2.755243144929409027e-02
-5.014992505311965942e-02
-4.345698282122612000e-02
4.548402130603790283e-02
1.942990720272064209e-02
-1.590396091341972351e-02
3.382644616067409515e-03
1.995419524610042572e-02
5.130784120410680771e-04
-3.879043087363243103e-02
-1.033106297254562378e-01
-2.515515685081481934e-02
3.740247339010238647e-02
4.211841896176338196e-02
6.916351616382598877e-02
4.023803770542144775e-02
-6.539346184581518173e-03
-3.804202005267143250e-02
3.307264670729637146e-02
-3.229713439941406250e-02
-3.743342310190200806e-02
-5.714412778615951538e-02
-2.176419273018836975e-02
3.814930096268653870e-02
-2.011158969253301620e-03
3.364067524671554565e-03
3.399111330509185791e-02
-1.985239796340465546e-02
8.690756559371948242e-02
-4.914566874504089355e-03
2.787351049482822418e-02
1.199425105005502701e-02
2.702048793435096741e-02
-8.033581078052520752e-03
8.544779382646083832e-03
7.328069210052490234e-02
5.443477630615234375e-02
-7.534956187009811401e-02
4.671988636255264282e-02
4.404182359576225281e-02
2.128053270280361176e-02
-1.760416664183139801e-02
-2.257132157683372498e-02
6.350882351398468018e-02
3.275599796324968338e-03
-3.453485434874892235e-03
-7.733136415481567383e-03
-3.395637124776840210e-02
-4.241786897182464600e-03
-2.017346210777759552e-03
-2.737706154584884644e-02
-3.203449305146932602e-03
6.641791667789220810e-03
-1.104893907904624939e-02
-3.188325092196464539e-02
-2.911145053803920746e-02
7.121189683675765991e-02
-3.786803036928176880e-02
-4.670117050409317017e-02
-1.912857592105865479e-02
7.800296694040298462e-02
-3.873468562960624695e-02
-2.886736020445823669e-02
-8.936578035354614258e-02
5.128220468759536743e-02
2.834236994385719299e-02
-3.740070760250091553e-02
2.856677956879138947e-02
4.771325737237930298e-02
-4.031253606081008911e-02
-7.716243714094161987e-02
-6.240431591868400574e-02
6.226121261715888977e-02
9.667607955634593964e-03
6.323976814746856689e-02
4.835751652717590332e-02
3.573583438992500305e-02
1.760052703320980072e-02
-4.048320930451154709e-03
-6.669494509696960449e-02
-4.131799191236495972e-02
4.565821960568428040e-02
-8.564687520265579224e-02
5.915195122361183167e-02
-4.868274927139282227e-02
2.698432095348834991e-02
-4.286427795886993408e-02
4.776787012815475464e-03
-1.510142441838979721e-02
-2.152352221310138702e-02
-1.582880131900310516e-02
-5.439672619104385376e-02
1.805738866096362472e-04
7.415018975734710693e-02
3.194547817111015320e-02
-4.526861011981964111e-02
-2.158147841691970825e-02
1.907092891633510590e-02
-3.032576479017734528e-02
2.855228818953037262e-02
4.518204834312200546e-03
-4.873687028884887695e-02
2.140331827104091644e-02
-3.023085743188858032e-02
1.214834302663803101e-02
-3.879326209425926208e-02
-3.025216050446033478e-02
6.779944151639938354e-02
5.617866409011185169e-04
1.730998232960700989e-02
-2.857259009033441544e-03
5.984769761562347412e-02
-1.016421467065811157e-01
-5.231000017374753952e-03
