5.454571172595024109e-02
7.761090993881225586e-02
-1.453898567706346512e-02
-6.665203720331192017e-02
5.159557983279228210e-02
3.065381199121475220e-02
-1.394973322749137878e-02
6.839607842266559601e-03
-5.682076886296272278e-02
-3.263185173273086548e-02
-5.064287222921848297e-03
3.122866153717041016e-03
-3.061110153794288635e-03
-6.275437772274017334e-02
4.877443239092826843e-02
-2.067467011511325836e-02
2.446700818836688995e-02
-3.544634953141212463e-02
-1.958800852298736572e-02
1.712702773511409760e-02
-5.563874542713165283e-02
1.232040300965309143e-02
8.099843747913837433e-03
4.878012835979461670e-02
-1.038024947047233582e-02
3.825472667813301086e-02
9.309267997741699219e-02
5.154140293598175049e-02
-1.311560999602079391e-02
2.540316618978977203e-02
-2.981717698276042938e-02
5.031860247254371643e-02
6.871256511658430099e-03
-3.072379529476165771e-02
3.442275524139404297e-02
2.130868844687938690e-02
-5.319435149431228638e-03
6.953511387109756470e-03
-3.215367347002029419e-02
5.284178256988525391e-02
4.031921736896038055e-03
-9.503146633505821228e-03
-4.239141568541526794e-02
-5.090309306979179382e-03
-4.347991570830345154e-02
2.995188534259796143e-02
-7.319851778447628021e-03
3.976641222834587097e-02
4.727042466402053833e-02
3.184542874805629253e-04
5.470735486596822739e-03
1.784931682050228119e-02
5.133076384663581848e-02
-5.105015635490417480e-02
7.623554766178131104e-02
-2.264814823865890503e-02
1.303813327103853226e-02
-2.587334811687469482e-02
-4.200923256576061249e-03
1.353587955236434937e-02
-4.822148382663726807e-02
1.015330180525779724e-01
3.790232539176940918e-02
-2.585992682725191116e-03
2.145100571215152740e-02
8.424532599747180939e-03
1.247143745422363281e-01
1.292812451720237732e-02
4.426870122551918030e-02
-4.535161331295967102e-02
2.535085938870906830e-02
-2.441583201289176941e-02
-1.846263301558792591e-03
-1.067629829049110413e-01
1.027646102011203766e-02
6.186287105083465576e-02
-2.701294375583529472e-03
1.144855748862028122e-02
3.220096975564956665e-02
4.619800299406051636e-02
-2.792807295918464661e-02
-3.959431871771812439e-02
-3.374946862459182739e-02
-3.896450251340866089e-02
6.419479177566245198e-05
-2.830020338296890259e-02
5.061366409063339233e-02
1.120937615633010864e-02
-3.638508915901184082e-02
1.161446701735258102e-02
-1.720032421872019768e-03
2.992683090269565582e-02
-2.772271074354648590e-02
6.950992345809936523e-02
-2.109586447477340698e-02
-1.127996761351823807e-02
-7.010816596448421478e-03
2.739953622221946716e-02
3.964167833328247070e-02
-2.852560719475150108e-04
-1.585305109620094299e-02
-5.076860636472702026e-02
-1.286075171083211899e-02
5.496609956026077271e-03
4.627943783998489380e-02
7.602601498365402222e-02
7.695619016885757446e-02
-8.057591505348682404e-03
-2.185475453734397888e-02
-1.246262993663549423e-02
3.835786506533622742e-02
1.867926679551601410e-02
-5.912628490477800369e-03
1.021111290901899338e-02
-5.327676609158515930e-02
4.019944462925195694e-03
-5.899287294596433640e-03
2.015862381085753441e-03
2.882864512503147125e-02
4.509900882840156555e-02
-3.224922716617584229e-02
-4.615234793163836002e-04
2.002961002290248871e-02
4.277911502867937088e-03
1.995407231152057648e-02
2.359160222113132477e-02
2.417221665382385254e-02
2.671293541789054871e-02
-3.292556107044219971e-02
3.518488630652427673e-02
4.818838462233543396e-02
-3.623692691326141357e-02
-2.816179208457469940e-02
9.935478121042251587e-02
-3.551267832517623901e-02
-3.366485983133316040e-02
3.869344666600227356e-02
5.888349935412406921e-02
-5.412100348621606827e-03
7.960740476846694946e-03
1.738791167736053467e-02
6.150602176785469055e-02
-4.590976238250732422e-02
1.824819715693593025e-03
1.360977184958755970e-03
-1.384124904870986938e-02
-3.199302032589912415e-02
-2.706884965300559998e-02
6.219971925020217896e-02
4.564854502677917480e-02
5.035066977143287659e-03
1.817157678306102753e-02
-1.786540448665618896e-02
1.663740351796150208e-02
-4.348731134086847305e-03
-5.453592631965875626e-03
-2.162871509790420532e-02
-4.045492038130760193e-02
2.650081645697355270e-03
3.040402568876743317e-02
2.185651101171970367e-02
-5.680820718407630920e-02
-6.994719803333282471e-02
1.245002262294292450e-03
2.081017242744565010e-03
3.835010156035423279e-02
-9.008671157062053680e-03
2.469512075185775757e-02
-7.789307739585638046e-03
2.551926299929618835e-02
-1.573589444160461426e-02
-2.233613096177577972e-02
2.538271248340606689e-02
-3.966347128152847290e-02
-3.927372395992279053e-02
-2.364329993724822998e-02
-3.078281320631504059e-02
3.449323773384094238e-02
8.439765870571136475e-02
3.764459863305091858e-02
1.711180247366428375e-02
2.157348953187465668e-02
-5.028736591339111328e-02
-1.955325528979301453e-02
-1.029748469591140747e-02
3.353492915630340576e-02
4.888050630688667297e-02
3.985790163278579712e-02
5.714866518974304199e-02
-1.324438396841287613e-02
4.671038314700126648e-02
-1.386011112481355667e-02
1.695684716105461121e-02
-8.264881558716297150e-03
3.129707649350166321e-02
1.047613564878702164e-02
1.371610816568136215e-02
-5.734461918473243713e-02
5.239574238657951355e-02
1.608202978968620300e-02
-2.367493323981761932e-02
-4.715663939714431763e-02
-1.551451161503791809e-02
-2.350469119846820831e-02
-1.451613567769527435e-02
-1.745867729187011719e-02
4.929407685995101929e-02
4.193810373544692993e-02
8.489341288805007935e-02
1.727619394659996033e-02
6.216776371002197266e-02
1.214681193232536316e-02
1.336270570755004883e-02
-1.193716675043106079e-01
-1.738984882831573486e-02
1.542974263429641724e-02
-3.062223829329013824e-02
1.880753412842750549e-02
3.255378827452659607e-02
-4.433195665478706360e-02
-6.215517222881317139e-02
-7.871671020984649658e-02
-3.631928935647010803e-02
7.302243611775338650e-04
-3.089217841625213623e-02
5.030409898608922958e-03
6.592173129320144653e-02
-7.484405301511287689e-03
1.084391027688980103e-02
-1.584089128300547600e-03
-3.189207985997200012e-02
4.589680582284927368e-02
6.321571022272109985e-02
7.614894770085811615e-03
-4.507058486342430115e-02
1.966585032641887665e-02
-3.263750672340393066e-02
2.865691483020782471e-02
-1.332962326705455780e-02
4.536579921841621399e-02
-9.132099337875843048e-03
5.234363675117492676e-02
2.342514693737030029e-02
1.278751343488693237e-02
1.832835027016699314e-03
2.950398623943328857e-02
-5.788939818739891052e-02
9.098064154386520386e-02
-1.826797984540462494e-02
1.920812763273715973e-02
8.841330558061599731e-02
1.333470270037651062e-02
2.155342511832714081e-02
1.168032269924879074e-02
-7.679954171180725098e-03
-1.766762463375926018e-03
1.228101458400487900e-02
-1.388707105070352554e-02
5.667131394147872925e-03
-8.579378947615623474e-03
-1.964473165571689606e-02
1.394544728100299835e-03
-9.792151302099227905e-02
1.183930411934852600e-01
2.180601470172405243e-03
9.962341748178005219e-03
-2.672388032078742981e-02
5.645187199115753174e-02
6.176819279789924622e-02
8.715647272765636444e-03
4.431352019309997559e-02
4.120102152228355408e-02
-5.082386359572410583e-02
2.957286871969699860e-02
-5.769007280468940735e-02
-3.823572397232055664e-02
1.568807638250291348e-03
-4.473292827606201172e-02
-1.605370081961154938e-02
2.945541776716709137e-02
-6.216768920421600342e-02
4.627497494220733643e-02
-3.885733336210250854e-02
1.863441430032253265e-02
-4.190896078944206238e-02
8.753088116645812988e-02
-3.360604867339134216e-02
-8.155485242605209351e-02
1.625987328588962555e-02
-1.783918961882591248e-02
8.411247283220291138e-03
4.265118390321731567e-03
-6.364417076110839844e-02
2.542865276336669922e-02
5.949669703841209412e-02
-4.438373446464538574e-02
5.526233837008476257e-02
5.161408707499504089e-02
1.649479195475578308e-02
2.849500440061092377e-02
-2.712409198284149170e-02
-1.681619510054588318e-02
7.069075852632522583e-02
3.129627555608749390e-02
2.672241628170013428e-02
3.625932335853576660e-02
4.775034636259078979e-02
-5.043479800224304199e-02
-2.210428752005100250e-02
-4.632771015167236328e-02
-2.635351009666919708e-02
-8.175224065780639648e-02
4.873870685696601868e-02
-3.098905645310878754e-02
9.387911111116409302e-02
-2.879576571285724640e-02
-2.497885189950466156e-02
-1.338697690516710281e-02
1.729280687868595123e-02
-2.316983230412006378e-02
-4.427761211991310120e-02
-2.532605314627289772e-03
-1.499596424400806427e-02
-3.474685922265052795e-02
2.033335529267787933e-02
6.676221638917922974e-02
3.634642437100410461e-02
-6.837169826030731201e-02
1.223702635616064072e-02
8.119861036539077759e-02
-2.641043812036514282e-02
-2.749168872833251953e-02
-4.924779012799263000e-02
-2.411102876067161560e-03
1.359767047688364983e-03
1.006620675325393677e-01
4.856332018971443176e-02
-6.450963555835187435e-04
-2.518321946263313293e-02
-3.215185552835464478e-02
-6.812423467636108398e-03
-9.896749630570411682e-03
5.269023240543901920e-04
-9.331720881164073944e-03
-8.817014098167419434e-02
-2.743528410792350769e-02
2.288367785513401031e-02
2.017188817262649536e-02
-1.528491172939538956e-02
-7.045535603538155556e-04
-2.543996460735797882e-02
-4.269753769040107727e-02
1.170893199741840363e-02
2.182449400424957275e-02
-3.387201949954032898e-02
-1.009083613753318787e-01
6.815050146542489529e-04
5.242177844047546387e-02
7.651426363736391068e-03
2.570302784442901611e-02
-7.948582619428634644e-02
2.934610471129417419e-02
3.985344618558883667e-02
-2.369623631238937378e-02
-1.394006330519914627e-02
-7.083220779895782471e-02
6.139799207448959351e-02
1.562755368649959564e-02
-3.130773454904556274e-02
-3.082468360662460327e-02
-6.925037503242492676e-02
-9.556164965033531189e-03
3.797909989953041077e-02
-2.647349983453750610e-02
1.076043117791414261e-02
1.201192568987607956e-02
-2.902404032647609711e-02
-1.698308251798152924e-02
-4.680133983492851257e-02
-3.486818866804242134e-03
6.505986303091049194e-02
-6.906071305274963379e-02
5.253494158387184143e-02
3.009513206779956818e-02
1.487430464476346970e-02
-3.822006285190582275e-02
-4.470751062035560608e-02
-6.733731832355260849e-03
-8.169253170490264893e-02
8.310797065496444702e-02
5.947136878967285156e-02
7.643550634384155273e-02
-3.118954226374626160e-02
1.427968591451644897e-02
-2.286062575876712799e-02
4.508189484477043152e-02
-2.849324420094490051e-02
3.658344596624374390e-02
9.563580970279872417e-04
5.862855911254882812e-02
4.617889225482940674e-02
-5.132399871945381165e-02
-2.152647590264678001e-03
7.940256036818027496e-03
-9.299661032855510712e-03
2.196846529841423035e-02
-1.351064443588256836e-02
-2.452812157571315765e-02
-1.221148595213890076e-01
-3.240016847848892212e-02
-3.132150694727897644e-02
4.325471073389053345e-02
-6.107891350984573364e-02
-1.375328376889228821e-02
-4.851977899670600891e-02
4.441645368933677673e-02
1.081515662372112274e-02
3.572034090757369995e-02
7.355882320553064346e-03
2.771640662103891373e-03
-5.736191570758819580e-02
2.460899297147989273e-03
2.223561517894268036e-02
5.423458665609359741e-02
-1.596320606768131256e-02
-3.366679325699806213e-02
-2.551607042551040649e-02
-1.175950653851032257e-02
4.243726283311843872e-02
-2.950710011646151543e-03
3.597142174839973450e-02
-3.239946439862251282e-02
-2.311583235859870911e-02
-4.120204597711563110e-02
-8.564139157533645630e-02
-4.387085512280464172e-02
1.298630982637405396e-02
-3.330024424940347672e-03
-6.495413929224014282e-02
4.688320681452751160e-02
1.334201078861951828e-02
-1.594788918737322092e-04
-6.735087931156158447e-02
9.573537856340408325e-02
-1.336889807134866714e-03
-2.967668115161359310e-04
-8.054930716753005981e-02
-7.912090048193931580e-03
2.672767639160156250e-02
5.508643761277198792e-02
2.533056773245334625e-02
6.246138736605644226e-02
2.803963981568813324e-02
-2.063774690032005310e-02
-5.527468770742416382e-02
-3.071824274957180023e-02
2.626330778002738953e-02
-3.658102825284004211e-02
-3.686917200684547424e-02
-8.977121673524379730e-03
-4.009527340531349182e-02
2.458592504262924194e-02
-5.093619972467422485e-02
4.696702957153320312e-02
-1.696887239813804626e-02
-3.540903795510530472e-03
4.972117766737937927e-02
8.075908757746219635e-03
2.813673950731754303e-02
-9.959959983825683594e-02
5.411883443593978882e-02
2.804568735882639885e-03
-1.933265710249543190e-03
-2.078902721405029297e-02
4.763778299093246460e-02
-2.490656822919845581e-02
2.939397469162940979e-02
-2.870084159076213837e-02
-8.615855127573013306e-03
-2.839509770274162292e-02
1.419243961572647095e-02
3.189884871244430542e-02
-7.509019225835800171e-03
-7.787058502435684204e-02
4.317271709442138672e-02
1.442405115813016891e-02
-3.436696156859397888e-02
2.833840437233448029e-02
4.972525313496589661e-02
4.216715693473815918e-02
-3.090085461735725403e-02
2.341970242559909821e-02
-6.051052361726760864e-02
3.156102076172828674e-02
-3.725885599851608276e-02
-2.688721567392349243e-02
4.332636296749114990e-02
-4.353531077504158020e-02
9.015691466629505157e-03
6.786167621612548828e-02
1.035331562161445618e-02
4.553160071372985840e-02
-6.891492009162902832e-02
-1.710562407970428467e-02
9.256254136562347412e-02
1.056794077157974243e-02
-1.036033313721418381e-02
1.939298957586288452e-02
1.788255944848060608e-02
-3.299036249518394470e-02
-6.306507438421249390e-02
3.533883718773722649e-03
5.664450582116842270e-03
-1.562584936618804932e-02
2.752375043928623199e-02
4.476546868681907654e-02
-2.134013175964355469e-02
-8.351730555295944214e-02
-2.741649001836776733e-02
-1.321602612733840942e-02
-1.515291072428226471e-02
9.934303350746631622e-03
1.784333027899265289e-02
-1.721562445163726807e-02
-3.157922998070716858e-02
2.699569053947925568e-02
4.366366937756538391e-02
3.864645585417747498e-02
-3.701901435852050781e-02
-1.566703803837299347e-02
4.786901175975799561e-02
2.801112830638885498e-02
-4.424688220024108887e-02
2.780335210263729095e-02
6.871816515922546387e-02
-1.181252580136060715e-02
-5.841116979718208313e-02
-4.794459789991378784e-02
-4.371713846921920776e-02
9.567573666572570801e-03
6.638947874307632446e-02
1.956370659172534943e-02
-2.264707721769809723e-02
-5.324704572558403015e-02
-6.213016435503959656e-02
-1.722255023196339607e-03
-4.694055824074894190e-04
-7.978891581296920776e-02
-6.775331497192382812e-02
2.679939940571784973e-02
6.642853468656539917e-02
4.031303524971008301e-02
-6.098147481679916382e-02
5.916298180818557739e-02
7.621531188488006592e-02
7.429461181163787842e-02
-1.296843308955430984e-02
-5.549421999603509903e-03
1.169393658638000488e-01
2.313770353794097900e-02
-3.928519040346145630e-02
-1.597204536665230989e-04
5.410414561629295349e-02
1.338007859885692596e-02
-4.507485718932002783e-04
-2.911007404327392578e-02
-1.867409609258174896e-02
-5.665800999850034714e-03
4.192507639527320862e-02
2.834633179008960724e-02
-6.866612285375595093e-02
-4.390382394194602966e-02
-1.738352887332439423e-02
-8.709575049579143524e-03
-4.149612784385681152e-02
2.295159734785556793e-02
2.881982596591114998e-03
-6.342361122369766235e-02
9.434309788048267365e-03
-2.118508704006671906e-02
1.359934266656637192e-02
-4.998774453997612000e-02
-1.474995631724596024e-02
-4.579344019293785095e-02
-3.295464441180229187e-03
-1.773544587194919586e-02
6.140330061316490173e-02
-1.649112673476338387e-03
-1.289093308150768280e-02
3.998441249132156372e-02
1.252546440809965134e-02
4.146759212017059326e-02
3.291549161076545715e-03
1.553695276379585266e-02
-3.138285130262374878e-02
5.882369726896286011e-02
1.147817820310592651e-02
4.153399541974067688e-02
-1.653183810412883759e-02
-1.931289024651050568e-02
9.247508831322193146e-03
-1.048100274056196213e-02
-6.207955535501241684e-03
-5.986093357205390930e-02
3.391864895820617676e-02
1.151232235133647919e-02
-3.494710847735404968e-02
8.023721165955066681e-03
6.172859668731689453e-02
-4.031033068895339966e-02
-4.658598825335502625e-02
-3.122978098690509796e-02
-3.013085760176181793e-02
7.379213348031044006e-03
9.518011473119258881e-03
3.320301324129104614e-02
3.893795609474182129e-02
-1.182585209608078003e-02
-2.757108584046363831e-02
2.607386000454425812e-02
-2.521668648114427924e-05
1.783040817826986313e-03
-6.415805965662002563e-02
-1.535004097968339920e-02
6.541567295789718628e-02
-5.817858874797821045e-02
-1.770000322721898556e-03
6.407193373888731003e-03
7.437721639871597290e-02
1.517166942358016968e-02
3.368469327688217163e-02
1.221142336726188660e-02
2.564744092524051666e-02
1.155345290899276733e-01
3.098814049735665321e-03
5.503748729825019836e-02
-1.196901872754096985e-02
-3.143282234668731689e-02
1.354952435940504074e-02
1.544270850718021393e-02
5.057947710156440735e-02
-1.417322177439928055e-02
-3.342157602310180664e-02
8.066952973604202271e-02
-7.264126092195510864e-03
-8.459816128015518188e-02
4.515387490391731262e-02
-8.192919939756393433e-02
-5.196665972471237183e-02
1.472158823162317276e-02
5.412704125046730042e-02
-5.636704713106155396e-02
-8.862356096506118774e-02
-1.596926525235176086e-02
7.106883823871612549e-02
3.182957693934440613e-02
-3.620387986302375793e-02
-2.621772699058055878e-02
5.750918388366699219e-02
1.666755974292755127e-02
-2.864984422922134399e-02
-1.939701475203037262e-02
6.840568035840988159e-03
-2.529640495777130127e-02
3.508242219686508179e-02
-4.594807326793670654e-02
1.736610778607428074e-03
1.436461694538593292e-03
6.446557585150003433e-03
2.680567558854818344e-03
5.078569985926151276e-03
-9.231603890657424927e-02
-1.830780692398548126e-02
-6.426145881414413452e-02
1.727637089788913727e-02
3.127275779843330383e-02
3.090344369411468506e-03
4.293251037597656250e-02
-2.253074944019317627e-02
-6.600127555429935455e-03
-5.104741547256708145e-03
-1.639270922169089317e-04
2.897900342941284180e-02
-2.886039949953556061e-02
-7.307439297437667847e-02
-3.375069051980972290e-02
3.166414797306060791e-02
1.860531419515609741e-02
-5.266959965229034424e-02
-1.159649528563022614e-02
4.039643332362174988e-02
1.655210368335247040e-02
3.067201934754848480e-02
3.618685156106948853e-02
-3.030431270599365234e-02
2.929516881704330444e-02
2.703587710857391357e-02
-1.919695059768855572e-03
-3.035146929323673248e-02
-7.206986844539642334e-02
4.783862456679344177e-02
6.781648844480514526e-02
7.591702160425484180e-04
5.953643098473548889e-02
-4.480047151446342468e-02
3.978724777698516846e-02
5.207232013344764709e-02
4.192329477518796921e-03
1.453842315822839737e-02
2.918400615453720093e-02
5.287919659167528152e-03
2.588224038481712341e-02
5.255792662501335144e-02
-2.022116258740425110e-02
-7.796056568622589111e-02
-2.135585248470306396e-02
-4.689369723200798035e-02
-4.779884591698646545e-02
5.178016051650047302e-02
5.028193071484565735e-02
4.686763510107994080e-02
7.615524809807538986e-03
1.560713257640600204e-02
1.708624511957168579e-02
-3.831102978438138962e-03
-5.940300878137350082e-03
1.076280325651168823e-02
3.975930809974670410e-02
6.782446056604385376e-02
-5.521429193322546780e-05
-1.763310655951499939e-02
-7.639197260141372681e-02
9.164760261774063110e-02
1.436022110283374786e-02
5.741696432232856750e-02
1.507033500820398331e-02
5.178131908178329468e-02
1.348817627876996994e-02
-9.941889904439449310e-03
-2.377017214894294739e-02
-3.002552874386310577e-02
-1.685162819921970367e-02
-3.812591731548309326e-02
-1.242470592260360718e-01
-1.188386697322130203e-02
1.915608532726764679e-02
8.548227138817310333e-03
-3.181326389312744141e-02
3.195346146821975708e-02
6.926299631595611572e-02
1.225607004016637802e-02
-6.916934996843338013e-02
-1.231205929070711136e-02
-1.746513694524765015e-02
-2.629587613046169281e-02
5.823969095945358276e-02
-7.126766443252563477e-02
5.799794103950262070e-03
-2.576889935880899429e-03
-4.181576892733573914e-02
9.075839072465896606e-03
3.578708041459321976e-03
-4.420455172657966614e-02
-5.639752000570297241e-02
1.645081676542758942e-02
-3.798598423600196838e-02
1.495177485048770905e-02
7.592854648828506470e-02
-1.764818467199802399e-02
-3.608680516481399536e-02
3.680711612105369568e-03
-6.661652028560638428e-02
-7.702205330133438110e-02
-2.894202619791030884e-02
-4.354267194867134094e-02
-4.645373672246932983e-02
-1.724781468510627747e-02
-4.336768016219139099e-02
4.120747558772563934e-03
1.189469359815120697e-02
-1.778315939009189606e-02
9.301488287746906281e-03
2.703008241951465607e-02
1.883202791213989258e-02
-3.766860067844390869e-02
-1.910257712006568909e-02
-4.194505885243415833e-02
3.869204083457589149e-03
-5.603091791272163391e-02
4.126776754856109619e-02
3.690142557024955750e-02
-1.232940889894962311e-02
-8.368811570107936859e-03
-2.268188260495662689e-02
3.401691094040870667e-02
-8.787208795547485352e-02
3.264344856142997742e-02
4.455000534653663635e-02
6.303322315216064453e-02
-4.873731639236211777e-03
-4.785689711570739746e-02
-1.154441684484481812e-01
4.966540262103080750e-02
-9.436456486582756042e-03
-7.551807910203933716e-03
-1.559192128479480743e-02
-2.232349105179309845e-02
7.808145601302385330e-03
8.830831386148929596e-03
-4.836214706301689148e-02
-1.113388966768980026e-02
3.703575348481535912e-03
2.070193365216255188e-02
-1.559414342045783997e-02
-1.015374995768070221e-02
3.422089666128158569e-02
1.503025554120540619e-02
-1.012318059802055359e-01
-1.522324141114950180e-02
2.421018108725547791e-02
9.772999584674835205e-02
7.168214768171310425e-02
-9.207605570554733276e-02
2.643561922013759613e-02
2.832668088376522064e-02
4.008045792579650879e-02
2.328423410654067993e-02
-8.777969516813755035e-03
-2.179134450852870941e-02
-7.033482193946838379e-03
2.389006502926349640e-02
5.748240649700164795e-02
-4.423855990171432495e-02
-2.054138481616973877e-02
4.744635894894599915e-02
2.931305021047592163e-02
4.734431579709053040e-02
9.914240799844264984e-03
-5.309735983610153198e-02
-2.876129699870944023e-03
1.138749904930591583e-02
1.527453400194644928e-02
-9.775948710739612579e-03
-1.750690117478370667e-02
5.783775076270103455e-02
-2.919604629278182983e-02
-2.081025578081607819e-02
-1.867253566160798073e-03
-3.380483761429786682e-02
-1.119987573474645615e-02
5.448221415281295776e-02
-4.374153167009353638e-02
-2.226270269602537155e-03
-2.247795276343822479e-02
5.197272077202796936e-02
3.380463644862174988e-02
1.990801887586712837e-03
-5.006260797381401062e-02
1.269555184990167618e-02
-4.726902022957801819e-02
-5.322090536355972290e-02
-3.753361105918884277e-02
3.021173737943172455e-02
-4.140189290046691895e-02
4.954302217811346054e-03
-1.423322688788175583e-02
-6.725628674030303955e-02
4.069776833057403564e-02
-1.100377552211284637e-02
5.947604775428771973e-03
-6.230350118130445480e-03
-8.238169364631175995e-03
-1.633978262543678284e-02
-3.491256618872284889e-03
-3.003924153745174408e-02
-6.678263843059539795e-02
1.931447349488735199e-02
2.674003317952156067e-02
7.279782742261886597e-02
-1.399431098252534866e-02
3.894926235079765320e-02
-3.300820663571357727e-02
-8.662525564432144165e-02
8.403234183788299561e-03
5.497510731220245361e-02
1.317118853330612183e-02
1.669741235673427582e-02
4.901569709181785583e-02
4.363611340522766113e-02
-5.301415175199508667e-02
8.769990503787994385e-02
3.756918711587786674e-03
9.732183389132842422e-05
3.599690645933151245e-02
-6.795825902372598648e-03
-4.094029776751995087e-03
7.349796593189239502e-02
-2.097665891051292419e-02
-2.232384867966175079e-03
-7.581731770187616348e-03
-4.275012388825416565e-02
-1.842083595693111420e-02
1.657378859817981720e-02
-4.558756574988365173e-02
1.357215829193592072e-02
-1.017421483993530273e-02
-3.919552266597747803e-02
1.906781271100044250e-02
-7.975637167692184448e-02
-8.189524523913860321e-03
3.066531382501125336e-02
-4.414545744657516479e-02
5.840681865811347961e-02
4.800741374492645264e-02
-3.325976803898811340e-02
1.903470605611801147e-02
3.260305523872375488e-02
5.442435666918754578e-02
-5.156106129288673401e-02
1.136340480297803879e-02
5.646285135298967361e-04
-1.785891316831111908e-02
3.530511260032653809e-02
2.669791877269744873e-02
1.951377652585506439e-02
-1.252363342791795731e-02
-8.774489909410476685e-02
1.009576371870934963e-03
-4.594585299491882324e-02
-7.216037064790725708e-02
5.644148960709571838e-02
-7.116651628166437149e-03
-3.522006422281265259e-02
-1.553723029792308807e-02
2.834365516901016235e-02
1.013699322938919067e-01
2.781940065324306488e-02
8.379857987165451050e-02
-7.329008728265762329e-02
1.279149111360311508e-02
3.228559624403715134e-03
-1.231750193983316422e-02
-1.674311608076095581e-02
-3.584274649620056152e-02
8.863884955644607544e-03
2.344486489892005920e-02
9.589114040136337280e-02
-2.051209285855293274e-02
-1.371522340923547745e-02
-8.823910728096961975e-03
-4.914252832531929016e-02
4.664903879165649414e-02
5.552096292376518250e-02
3.655254095792770386e-02
1.380876824259757996e-02
1.306742243468761444e-02
-6.922943983227014542e-03
-8.104747533798217773e-02
-2.268080599606037140e-03
6.379097700119018555e-02
-8.466144651174545288e-02
4.836469143629074097e-02
1.818061806261539459e-02
3.765858337283134460e-02
2.046615444123744965e-02
9.107336401939392090e-02
2.194448374211788177e-02
-1.651400886476039886e-02
9.153176099061965942e-03
3.020160458981990814e-02
5.011662840843200684e-02
-4.558576270937919617e-02
-4.112281650304794312e-02
-3.742872551083564758e-02
4.267683997750282288e-02
4.070722311735153198e-02
-2.515596710145473480e-02
-3.660877794027328491e-02
3.067997656762599945e-02
3.434986621141433716e-02
-3.603171184659004211e-02
5.829356983304023743e-02
1.958144269883632660e-02
1.872640289366245270e-02
-3.095633164048194885e-02
-8.671902865171432495e-02
3.886978840455412865e-03
2.394127286970615387e-02
-3.256745636463165283e-02
-1.160721480846405029e-02
3.755739331245422363e-02
2.694680169224739075e-02
-6.498374789953231812e-02
6.224917247891426086e-02
1.047316342592239380e-01
-1.835234463214874268e-02
2.612560987472534180e-02
-3.435983881354331970e-02
-1.873443648219108582e-02
6.628805398941040039e-02
-3.373146057128906250e-02
3.579152747988700867e-02
3.273769095540046692e-02
1.095584314316511154e-02
4.197595641016960144e-02
-3.215631842613220215e-02
3.464810177683830261e-02
6.334951519966125488e-02
-2.309812419116497040e-02
9.722771123051643372e-03
1.205549389123916626e-02
2.626677975058555603e-03
-1.831780932843685150e-02
-2.216674387454986572e-02
9.394095093011856079e-02
1.445852313190698624e-02
-4.150206968188285828e-02
2.160717546939849854e-02
4.953855648636817932e-02
4.439854994416236877e-02
-5.993980541825294495e-02
8.581718057394027710e-02
4.200382903218269348e-02
-6.354834884405136108e-02
