2.736509591341018677e-02
-3.804127126932144165e-02
1.212607696652412415e-02
2.406621538102626801e-02
6.807762384414672852e-02
3.439565654844045639e-03
-8.725290745496749878e-02
3.028866648674011230e-02
-6.477949023246765137e-02
7.634533103555440903e-03
6.256947666406631470e-02
-5.977589637041091919e-02
2.963453158736228943e-02
7.837399840354919434e-03
-6.024532020092010498e-03
1.227364130318164825e-02
6.259218603372573853e-02
1.049200445413589478e-02
-5.381660535931587219e-02
5.395567789673805237e-02
-4.628266673535108566e-03
3.087604045867919922e-02
1.181842852383852005e-02
2.004296891391277313e-02
-2.338506467640399933e-02
3.023124299943447113e-02
1.483848225325345993e-02
-3.754388913512229919e-02
-1.154655776917934418e-02
1.495295111089944839e-02
-9.733967483043670654e-03
-9.946784377098083496e-02
1.581330597400665283e-02
5.559217184782028198e-02
2.502232603728771210e-02
-4.242977302055805922e-04
-1.838408038020133972e-02
2.284243330359458923e-02
1.642321236431598663e-02
4.372119903564453125e-03
-3.461458906531333923e-02
-7.701987400650978088e-03
6.178440153598785400e-02
2.914989553391933441e-02
-6.089186761528253555e-03
1.983956061303615570e-02
-6.910258531570434570e-02
-3.933183103799819946e-02
5.664078518748283386e-02
1.236464921385049820e-02
8.591796271502971649e-03
4.571432247757911682e-02
-2.110471390187740326e-02
4.131843522191047668e-02
4.169135913252830505e-02
4.028986394405364990e-02
-1.687602140009403229e-02
-2.346434071660041809e-02
2.660767734050750732e-02
-5.166091397404670715e-02
9.900918230414390564e-03
2.281339839100837708e-02
-2.271388098597526550e-02
1.791914366185665131e-02
-1.079988759011030197e-02
-2.631432749330997467e-02
6.162402778863906860e-02
2.704758383333683014e-02
-1.902261190116405487e-02
7.998787611722946167e-02
-3.797151893377304077e-02
7.389717549085617065e-02
5.157294869422912598e-02
-7.041194289922714233e-02
5.071919411420822144e-02
-3.582291677594184875e-02
-1.286374125629663467e-02
1.001270413398742676e-01
-9.323125705122947693e-03
-2.589459158480167389e-02
-6.838453561067581177e-02
6.329363211989402771e-03
3.782623633742332458e-02
-6.168399378657341003e-02
-9.183653444051742554e-02
-5.821908824145793915e-03
1.315283495932817459e-02
-4.374513402581214905e-03
4.557505249977111816e-03
5.698589608073234558e-03
1.436513010412454605e-02
-4.232811555266380310e-02
-2.337893471121788025e-02
8.678546175360679626e-03
1.927029341459274292e-02
5.750595033168792725e-02
3.047989681363105774e-02
-6.723684817552566528e-02
-2.517974562942981720e-02
-3.351919353008270264e-02
2.031444944441318512e-02
3.573443368077278137e-02
-2.369702979922294617e-02
-8.515069633722305298e-02
7.897012867033481598e-03
-2.848350442945957184e-02
4.127878695726394653e-02
1.006827224045991898e-02
3.339039906859397888e-02
-6.540501490235328674e-03
1.925416663289070129e-02
2.080950699746608734e-02
-9.012863971292972565e-03
2.289173193275928497e-02
-4.324747622013092041e-02
-2.790444344282150269e-02
7.598282303661108017e-03
-2.464842982590198517e-02
4.017805680632591248e-03
2.143321000039577484e-02
-8.318522572517395020e-02
-6.731521338224411011e-02
5.010339990258216858e-02
1.231592893600463867e-02
-1.136878784745931625e-02
6.281041353940963745e-02
-2.757214382290840149e-02
1.647731638513505459e-03
-8.573620766401290894e-02
-8.261614479124546051e-03
6.170996278524398804e-02
-3.474534302949905396e-02
-1.048972480930387974e-03
-1.539340987801551819e-02
3.184713656082749367e-03
-8.341437578201293945e-02
-5.683171376585960388e-02
4.481375962495803833e-02
3.391125425696372986e-02
1.551252696663141251e-02
5.822373926639556885e-02
6.438247859477996826e-02
-2.524278126657009125e-02
2.699130587279796600e-02
4.591687768697738647e-02
-2.615963667631149292e-02
2.884340099990367889e-02
4.721451923251152039e-02
5.286050215363502502e-02
5.926144775003194809e-03
-1.861850358545780182e-02
-1.031187400221824646e-01
3.073494322597980499e-02
-2.237857691943645477e-02
2.087391167879104614e-02
9.863528423011302948e-03
-3.444913774728775024e-02
1.119360979646444321e-02
-8.334147930145263672e-02
-5.421835184097290039e-02
2.619515545666217804e-02
-3.503903746604919434e-02
-1.109049655497074127e-02
3.310466883704066277e-03
8.751167915761470795e-04
8.102695643901824951e-02
3.704183176159858704e-02
-2.949136681854724884e-02
-5.550535395741462708e-03
-6.752270460128784180e-02
-6.166740320622920990e-03
2.733817510306835175e-02
3.427374735474586487e-02
-1.947564771398901939e-03
-2.543088980019092560e-02
-2.903242968022823334e-02
-9.173189848661422729e-02
-2.893157675862312317e-02
-1.139603555202484131e-02
-3.692598268389701843e-02
2.381392382085323334e-02
-1.791707053780555725e-02
9.115732461214065552e-02
-5.919204279780387878e-02
-4.190607741475105286e-02
6.758618354797363281e-02
-3.196001052856445312e-03
-1.035800278186798096e-01
8.285334706306457520e-02
1.234123017638921738e-02
3.706377372145652771e-02
-2.117315307259559631e-02
1.437308359891176224e-02
-3.548924252390861511e-02
-1.372884772717952728e-02
2.405739389359951019e-02
-5.258961580693721771e-03
-7.700808346271514893e-02
-6.965482025407254696e-04
-1.356635987758636475e-02
8.459072560071945190e-02
3.981402888894081116e-02
-2.538891509175300598e-02
-2.313235029578208923e-02
5.017614737153053284e-02
-4.041674546897411346e-03
-1.964988186955451965e-02
6.407695263624191284e-02
7.145885843783617020e-03
4.782925173640251160e-02
-3.732234612107276917e-02
1.405903883278369904e-02
1.190434023737907410e-01
2.387562394142150879e-02
-6.337316334247589111e-02
2.967258729040622711e-02
-3.669128939509391785e-02
4.183716699481010437e-02
7.479381281882524490e-03
7.676457054913043976e-03
-9.795960783958435059e-02
-4.914767667651176453e-02
-2.870656922459602356e-02
-5.673986300826072693e-02
2.345756068825721741e-02
-2.791816368699073792e-02
3.668353334069252014e-02
-3.319567441940307617e-02
-4.493771865963935852e-02
6.160081829875707626e-03
5.430443957448005676e-02
-7.813496142625808716e-02
-2.963317558169364929e-02
-4.971506819128990173e-02
4.417179897427558899e-02
-2.227749861776828766e-02
4.983317479491233826e-02
-8.024551719427108765e-02
-1.768782176077365875e-02
-1.847790554165840149e-02
4.087528958916664124e-02
-1.317031402140855789e-02
-1.954206824302673340e-02
7.473513484001159668e-02
2.287296345457434654e-03
5.812098085880279541e-02
1.607543788850307465e-02
7.283614575862884521e-02
-1.981225982308387756e-02
-2.231368422508239746e-02
-1.250174129381775856e-03
4.191584512591362000e-02
-7.893475890159606934e-02
3.541880846023559570e-02
8.520077913999557495e-02
3.945216536521911621e-02
-6.665179133415222168e-02
1.190007571130990982e-02
4.038915038108825684e-02
-2.556514181196689606e-02
-2.682082820683717728e-03
-4.032172262668609619e-02
-8.869721554219722748e-03
1.912387087941169739e-02
1.083423942327499390e-01
1.411636918783187866e-02
3.578149527311325073e-02
-2.249005995690822601e-02
1.141056716442108154e-01
1.674376055598258972e-02
2.196606621146202087e-02
-5.564275011420249939e-02
3.492901567369699478e-03
1.772559434175491333e-02
-2.554650977253913879e-02
-1.245583500713109970e-02
3.919273149222135544e-03
2.088193967938423157e-02
5.608753859996795654e-02
-3.023227490484714508e-02
-6.500770803540945053e-03
5.758796818554401398e-03
9.791501611471176147e-02
1.445681974291801453e-02
6.499432493001222610e-03
-3.872868418693542480e-02
7.347225327976047993e-04
2.864987961947917938e-02
-4.612669348716735840e-02
-7.514545321464538574e-02
-1.318612229079008102e-02
-3.253358299843966961e-04
3.310665860772132874e-02
-3.941763564944267273e-02
-2.797423489391803741e-02
4.790575429797172546e-02
2.324485592544078827e-02
-3.847362101078033447e-02
1.165532739832997322e-03
-2.193730697035789490e-02
-4.847639705985784531e-03
-1.294159330427646637e-02
-3.029218874871730804e-02
1.972382655367255211e-03
-5.477640777826309204e-02
3.833343833684921265e-02
-2.541543729603290558e-02
-5.386258661746978760e-02
6.099706515669822693e-03
-1.038100644946098328e-01
4.367202892899513245e-02
-3.459427133202552795e-02
-4.497839510440826416e-02
-1.301907654851675034e-02
-2.401021681725978851e-02
-4.120431467890739441e-02
-3.731428086757659912e-02
3.229224309325218201e-02
-5.282562691718339920e-03
1.991721615195274353e-02
-1.444255746901035309e-02
3.755771368741989136e-02
3.750044107437133789e-02
3.465696424245834351e-02
-2.567572332918643951e-02
-6.787810008972883224e-03
2.849603444337844849e-02
3.272116184234619141e-03
1.230645459145307541e-02
-2.631243504583835602e-02
6.675246171653270721e-03
2.347661368548870087e-02
-1.668157428503036499e-02
-2.739034220576286316e-02
-3.412977233529090881e-02
-6.855806801468133926e-03
4.215271398425102234e-02
3.610901907086372375e-02
-5.617653951048851013e-02
8.646679110825061798e-03
8.750654757022857666e-03
-1.656618155539035797e-02
-5.074120685458183289e-02
-1.070996373891830444e-02
8.357470855116844177e-03
1.185498572885990143e-02
3.472881764173507690e-02
5.990507453680038452e-02
-4.474781919270753860e-03
9.545129723846912384e-03
-4.567090421915054321e-02
6.325876712799072266e-02
5.951168760657310486e-02
-6.174413487315177917e-03
6.749820709228515625e-02
-1.868353341706097126e-03
-1.816430874168872833e-02
6.459151208400726318e-02
7.551431655883789062e-02
-2.557077817618846893e-02
3.286266326904296875e-02
-6.374181807041168213e-02
-5.651043727993965149e-02
7.461713254451751709e-02
3.048705309629440308e-02
-3.051501139998435974e-02
-1.211068127304315567e-02
-6.189949065446853638e-02
-4.789177328348159790e-02
1.632844097912311554e-02
1.072125392965972424e-03
5.035087838768959045e-02
-6.400819122791290283e-02
3.877911344170570374e-02
7.493174076080322266e-02
-7.321618497371673584e-03
4.184058681130409241e-02
-2.800124930217862129e-03
-1.060334220528602600e-02
2.689555101096630096e-02
-5.759200546890497208e-03
-1.136485580354928970e-02
4.967625066637992859e-02
9.916526265442371368e-03
-2.078153938055038452e-02
6.662574410438537598e-02
8.383476734161376953e-02
2.161209937185049057e-03
-3.934999927878379822e-02
-3.225687518715858459e-02
3.732911869883537292e-02
-3.883507475256919861e-02
-3.565608337521553040e-02
1.336456183344125748e-02
-3.771188482642173767e-02
-6.347355246543884277e-02
1.278100349009037018e-02
1.553856953978538513e-02
1.451954431831836700e-02
-4.619901254773139954e-02
6.716237217187881470e-02
6.025903299450874329e-02
2.930751442909240723e-02
6.666065007448196411e-02
2.379618212580680847e-02
4.776370152831077576e-02
3.775367978960275650e-03
3.621511533856391907e-02
-3.855657996609807014e-05
-1.349426992237567902e-02
-4.102480784058570862e-02
1.562238577753305435e-02
-1.864350959658622742e-02
-5.872061941772699356e-03
-9.636836126446723938e-03
-2.511607855558395386e-02
4.105146043002605438e-03
7.075993716716766357e-02
8.533596061170101166e-03
-2.497993037104606628e-02
5.974323302507400513e-02
-6.323534529656171799e-03
3.502892330288887024e-02
2.372959628701210022e-02
9.150825440883636475e-03
1.129072997719049454e-02
-2.387336827814579010e-02
1.258720364421606064e-02
1.222779043018817902e-02
1.923302188515663147e-02
9.022163599729537964e-02
-1.167093869298696518e-02
8.252808451652526855e-02
2.669252268970012665e-02
2.825993672013282776e-02
-1.340005546808242798e-02
-6.962921470403671265e-02
3.682648763060569763e-03
1.623372174799442291e-02
7.613540440797805786e-02
-4.553060978651046753e-02
-3.360092267394065857e-02
1.137637998908758163e-02
7.605557329952716827e-03
-1.760235987603664398e-02
-6.369374692440032959e-03
4.842201992869377136e-02
1.618865691125392914e-02
2.943833544850349426e-02
1.544872112572193146e-02
-4.706053435802459717e-02
6.273255497217178345e-02
3.013072535395622253e-02
-1.008740589022636414e-01
-3.269069269299507141e-02
-8.369477838277816772e-02
4.599556326866149902e-02
-1.468506269156932831e-02
3.435957059264183044e-02
2.038220874965190887e-02
6.786530464887619019e-02
-2.000048756599426270e-02
4.966067895293235779e-02
-7.128401845693588257e-02
2.833467908203601837e-02
-1.437446288764476776e-02
-7.194810081273317337e-03
5.749694630503654480e-02
4.878431558609008789e-02
-8.106658235192298889e-03
-8.752729743719100952e-02
8.480892330408096313e-02
2.288230694830417633e-02
6.178483739495277405e-02
-5.204828456044197083e-02
-4.418532364070415497e-03
2.033484168350696564e-02
6.236863508820533752e-02
5.389061197638511658e-02
-5.779085913673043251e-04
1.427600532770156860e-02
2.994503453373908997e-02
2.116114087402820587e-02
3.684818372130393982e-02
-2.465614117681980133e-03
1.815961673855781555e-02
7.479119300842285156e-02
7.463519461452960968e-03
-3.064680099487304688e-02
1.219002343714237213e-02
-1.724658161401748657e-02
-6.322707980871200562e-02
2.397767826914787292e-02
5.916162580251693726e-02
1.681716740131378174e-02
-2.008999884128570557e-02
-7.900771498680114746e-02
1.922083087265491486e-02
-8.488170802593231201e-02
4.622514173388481140e-02
8.683794178068637848e-03
-2.843312919139862061e-02
-2.130977995693683624e-02
7.179991155862808228e-02
-2.633612137287855148e-03
5.105663463473320007e-02
1.956860534846782684e-02
2.821921743452548981e-02
-3.210314735770225525e-02
-1.823063474148511887e-03
2.348389662802219391e-02
-5.894662439823150635e-02
6.150224432349205017e-02
2.960295230150222778e-02
1.509575080126523972e-02
1.491519156843423843e-02
-7.723965495824813843e-02
-4.400512669235467911e-03
5.406048614531755447e-03
-1.420371327549219131e-02
1.018212735652923584e-02
-4.642045125365257263e-02
-7.969725877046585083e-03
-6.290959566831588745e-02
3.703558817505836487e-02
-2.864105813205242157e-02
-3.253318741917610168e-02
-1.815335080027580261e-02
-3.723792731761932373e-02
4.091563448309898376e-02
8.340893546119332314e-04
1.156017649918794632e-02
3.721814975142478943e-02
-1.827272213995456696e-02
3.068825462833046913e-03
3.910379484295845032e-02
-4.439322650432586670e-02
-5.865375511348247528e-03
-3.516022115945816040e-02
1.420991960912942886e-02
4.043661803007125854e-02
2.460171096026897430e-02
-8.990193717181682587e-03
-5.504872649908065796e-02
-5.976241081953048706e-03
4.039647802710533142e-02
-3.014821559190750122e-03
-7.425799034535884857e-03
3.100810758769512177e-02
-4.256303235888481140e-02
4.598951898515224457e-03
5.325900763273239136e-02
5.921683087944984436e-02
-1.120100729167461395e-02
5.912409164011478424e-03
5.688538774847984314e-02
1.951762475073337555e-02
6.058441102504730225e-02
-2.841324545443058014e-02
7.305662333965301514e-02
-4.532537236809730530e-02
6.646902859210968018e-02
-1.685588248074054718e-02
-1.768230088055133820e-02
3.203373029828071594e-02
-5.970582738518714905e-02
-6.585373729467391968e-02
1.017941720783710480e-02
-2.870908752083778381e-02
2.133646234869956970e-02
5.204334482550621033e-02
6.231714785099029541e-02
-4.054225236177444458e-02
-1.112863328307867050e-02
-5.377775058150291443e-02
6.255913525819778442e-02
-3.890455886721611023e-02
-1.049306523054838181e-02
5.589896440505981445e-02
6.837177276611328125e-02
-6.143742427229881287e-02
-3.270000917837023735e-03
-1.766604371368885040e-02
5.985233932733535767e-02
-1.630124263465404510e-02
-6.797417532652616501e-03
2.212744206190109253e-02
2.490206435322761536e-02
-4.126794263720512390e-02
-3.088494203984737396e-02
4.070603474974632263e-02
2.041475614532828331e-03
-3.335275128483772278e-02
4.044555127620697021e-02
5.660374090075492859e-02
-2.208058908581733704e-02
-2.894924255087971687e-03
1.602501608431339264e-02
-3.883475437760353088e-02
3.409890830516815186e-02
2.328151836991310120e-02
-9.453796781599521637e-03
6.238172203302383423e-02
6.378727406263351440e-02
-7.657098118215799332e-03
-7.093624770641326904e-02
2.692835777997970581e-02
-3.995241969823837280e-02
4.061538726091384888e-02
-5.993346218019723892e-03
-6.219205632805824280e-02
5.731673911213874817e-03
-4.135587438941001892e-02
1.536653470247983932e-02
7.475653197616338730e-03
5.571250990033149719e-02
-1.423060800880193710e-02
-1.520780939608812332e-02
3.844397142529487610e-02
-2.998034283518791199e-02
-5.940509960055351257e-02
1.642029173672199249e-02
6.266175955533981323e-02
-1.989430282264947891e-03
-5.604542046785354614e-02
-3.600195795297622681e-02
-4.306047689169645309e-03
-1.316908653825521469e-02
-1.336729526519775391e-02
-6.593862920999526978e-02
-2.861192263662815094e-02
1.725828833878040314e-02
-1.646873913705348969e-02
-1.437382400035858154e-02
6.600459665060043335e-02
5.125619098544120789e-02
-9.608885645866394043e-02
-1.259206328541040421e-03
2.461614552885293961e-03
-1.141455397009849548e-02
-4.475945606827735901e-02
3.945677354931831360e-02
2.371321246027946472e-02
-6.608324497938156128e-02
-2.408776804804801941e-02
1.188789401203393936e-02
2.407097071409225464e-02
3.702410310506820679e-02
2.132372697815299034e-03
-7.919070124626159668e-02
-3.460145369172096252e-02
1.429342199116945267e-03
-8.508143015205860138e-03
1.756301335990428925e-02
2.495265752077102661e-02
-6.179591640830039978e-02
-7.006578147411346436e-02
-2.136226370930671692e-02
5.314043536782264709e-02
-3.875835612416267395e-02
4.030710086226463318e-02
6.261142343282699585e-02
6.468781270086765289e-03
-7.200879603624343872e-02
-3.548873588442802429e-02
3.596533834934234619e-02
-6.822243798524141312e-03
9.629975073039531708e-03
-2.439157105982303619e-02
-6.186079233884811401e-03
1.987345889210700989e-02
-6.731569766998291016e-02
-1.305885519832372665e-02
-1.029967237263917923e-02
1.385462190955877304e-02
-6.554699968546628952e-03
3.536465764045715332e-02
8.244518935680389404e-02
-3.581131994724273682e-02
-2.771732956171035767e-02
-3.915298730134963989e-02
-9.204192087054252625e-03
6.176405120640993118e-03
-4.185578785836696625e-03
2.288384176790714264e-02
1.957753859460353851e-02
-1.071613654494285583e-02
-4.760102927684783936e-02
8.885666611604392529e-04
-1.404335908591747284e-02
-1.636890112422406673e-03
-5.614489689469337463e-02
-5.589617788791656494e-02
3.467826917767524719e-02
-8.083161897957324982e-03
-6.757853925228118896e-02
-7.649353146553039551e-02
-4.724887839984148741e-04
-5.880805477499961853e-02
3.448923304677009583e-02
-6.508701294660568237e-02
-1.614460349082946777e-02
1.806340552866458893e-02
-2.830767631530761719e-02
-5.345644429326057434e-02
5.747821554541587830e-02
-2.972145192325115204e-02
4.784099385142326355e-02
2.923737280070781708e-02
4.974456876516342163e-02
4.961651563644409180e-02
6.311196833848953247e-02
-4.144685715436935425e-02
-5.994718521833419800e-02
5.343043431639671326e-02
1.158205606043338776e-02
-9.524859488010406494e-03
-6.224894151091575623e-02
-2.315316163003444672e-02
-3.834018856287002563e-02
2.404590049991384149e-04
-5.762067739851772785e-04
-8.493685163557529449e-03
5.648221448063850403e-02
3.167324885725975037e-02
6.238272041082382202e-02
-5.850109155289828777e-04
-1.686755567789077759e-02
-1.225360203534364700e-02
1.503433287143707275e-02
2.534132823348045349e-02
1.966385170817375183e-02
-1.988204941153526306e-02
3.329408913850784302e-02
2.088535577058792114e-02
-3.253379091620445251e-02
1.536029856652021408e-02
-4.459154233336448669e-02
1.734239608049392700e-02
7.079047709703445435e-02
-6.144723389297723770e-03
4.865217581391334534e-02
7.930292934179306030e-02
6.302844732999801636e-02
4.389683715999126434e-03
5.311092827469110489e-04
-7.163859903812408447e-02
-7.212857156991958618e-02
-3.817436099052429199e-02
-6.265854090452194214e-02
-8.408453315496444702e-02
-2.287611551582813263e-02
-2.673835307359695435e-02
1.446785032749176025e-02
1.751826889812946320e-02
-9.836180135607719421e-03
2.366039156913757324e-02
-3.817274793982505798e-02
2.551779150962829590e-02
5.817963182926177979e-02
-1.257865951629355550e-04
4.652450233697891235e-02
-8.642745763063430786e-02
-2.561699040234088898e-02
-1.493819616734981537e-02
1.812727935612201691e-02
2.742779441177845001e-03
-2.976694703102111816e-02
-1.321532035944983363e-04
-2.007108367979526520e-02
-1.919023878872394562e-02
-6.466279271990060806e-03
4.167161509394645691e-02
1.196897868067026138e-02
-3.393672034144401550e-02
-3.541392460465431213e-02
8.479100465774536133e-02
1.557762268930673599e-02
-1.034705899655818939e-02
-1.506083086133003235e-02
-8.128737658262252808e-02
7.161559071391820908e-03
2.610346861183643341e-02
-4.013884440064430237e-02
2.179315686225891113e-02
5.431697145104408264e-02
-1.152348890900611877e-02
-5.526933353394269943e-03
2.030486613512039185e-02
3.236582502722740173e-02
-4.823556542396545410e-02
2.746318094432353973e-02
-7.258927915245294571e-03
4.730974882841110229e-02
-2.002191543579101562e-02
2.001284435391426086e-02
-1.264050789177417755e-02
-2.035657688975334167e-02
-1.473092380911111832e-02
6.918174028396606445e-02
-5.194032937288284302e-02
3.307637944817543030e-02
2.815947495400905609e-02
-8.002159185707569122e-03
1.920545101165771484e-02
5.724291503429412842e-02
-3.672048822045326233e-02
2.429943531751632690e-02
-9.154569357633590698e-03
-3.490065410733222961e-02
1.428215205669403076e-02
4.152341932058334351e-02
-2.227111719548702240e-02
1.449970901012420654e-02
-2.294874191284179688e-02
1.254755910485982895e-02
-1.629208400845527649e-02
4.012889787554740906e-02
9.894061833620071411e-03
3.691141679883003235e-02
-4.398850351572036743e-02
5.519973579794168472e-03
-1.287635229527950287e-02
4.837919771671295166e-02
7.159940898418426514e-02
-3.811971470713615417e-02
-1.028740964829921722e-02
-6.040920317173004150e-02
-3.570244833827018738e-02
4.310147091746330261e-02
2.014319598674774170e-02
5.381439998745918274e-02
4.537149518728256226e-02
1.581061631441116333e-02
-4.047530144453048706e-02
1.948580890893936157e-02
7.224296033382415771e-02
1.808755099773406982e-02
-1.990576647222042084e-02
4.372195899486541748e-02
1.786496676504611969e-02
2.182633057236671448e-02
-3.853815793991088867e-02
3.783185034990310669e-02
-6.340969353914260864e-03
-5.528081208467483521e-03
-6.568747758865356445e-02
-1.330665219575166702e-02
7.439941912889480591e-02
-4.349422827363014221e-02
9.131503105163574219e-02
-1.433162111788988113e-02
3.404612839221954346e-02
2.572544850409030914e-02
-3.124704211950302124e-02
-3.205870091915130615e-02
2.348113059997558594e-02
5.165067315101623535e-02
-1.015978213399648666e-02
4.528968408703804016e-02
-3.503315523266792297e-02
5.996827501803636551e-03
1.786025054752826691e-02
3.749246150255203247e-02
-1.907996274530887604e-02
-7.910009473562240601e-02
6.523490697145462036e-02
-2.490667439997196198e-02
-5.975297465920448303e-02
4.140174016356468201e-02
3.015034087002277374e-02
2.187529765069484711e-02
1.728960126638412476e-02
4.259479418396949768e-02
1.715284958481788635e-02
-4.086732864379882812e-03
-2.149754576385021210e-02
-1.118466909974813461e-02
-5.228719115257263184e-02
3.258264809846878052e-02
4.729793220758438110e-02
-1.683836989104747772e-02
-8.184210956096649170e-02
-2.893410250544548035e-02
7.025307416915893555e-02
5.030096322298049927e-02
-2.318925410509109497e-02
-1.435184758156538010e-02
-3.013300709426403046e-02
-5.922809708863496780e-03
7.389146368950605392e-03
-1.083439886569976807e-01
7.417760789394378662e-03
5.059241876006126404e-02
4.745490103960037231e-02
-1.371530909091234207e-02
7.568512111902236938e-02
9.240788966417312622e-02
-3.159497678279876709e-02
-7.122537493705749512e-02
-4.194394499063491821e-02
4.068503528833389282e-02
1.008260902017354965e-02
3.612232208251953125e-02
8.452793583273887634e-03
1.314626913517713547e-02
2.884748391807079315e-02
-9.632986783981323242e-02
1.076053921133279800e-02
-4.813262075185775757e-02
-7.386020570993423462e-02
2.775478921830654144e-02
-1.725140586495399475e-02
-4.066325724124908447e-03
-1.238045748323202133e-02
4.174014553427696228e-02
-4.669469594955444336e-02
5.367601662874221802e-02
1.319438591599464417e-02
6.472220271825790405e-02
-4.552056547254323959e-03
3.077506832778453827e-02
-3.145344182848930359e-02
3.673531860113143921e-02
-1.664545945823192596e-02
3.125262632966041565e-02
-9.580169804394245148e-03
-1.021837666630744934e-01
2.722363919019699097e-02
2.892966940999031067e-02
-2.828635508194565773e-03
-3.615668043494224548e-02
-1.885070279240608215e-02
3.079575672745704651e-02
2.666263142600655556e-03
2.874490804970264435e-02
-6.435453146696090698e-02
9.218713268637657166e-03
-3.924840688705444336e-02
-3.799264878034591675e-02
-2.792309038341045380e-02
-3.023642115294933319e-02
-1.301224809139966965e-03
-2.799979411065578461e-02
-8.134892210364341736e-03
-1.965787820518016815e-02
-9.909626096487045288e-03
6.012430787086486816e-02
2.205696189776062965e-03
-9.879906661808490753e-03
5.414204299449920654e-02
-4.098712280392646790e-02
-6.425184756517410278e-02
4.978603124618530273e-02
-2.320629730820655823e-02
-4.627518355846405029e-02
-2.811497077345848083e-02
-1.056399755179882050e-02
-1.720971986651420593e-02
-3.789258748292922974e-02
4.393149912357330322e-02
5.513431131839752197e-02
2.412542328238487244e-02
-5.120291933417320251e-02
-6.835992913693189621e-03
-6.961065530776977539e-02
3.092183545231819153e-02
-1.567593030631542206e-02
-1.556910481303930283e-02
-2.694972418248653412e-02
-3.126820176839828491e-02
-4.871948808431625366e-02
2.058434672653675079e-02
-3.203257510904222727e-04
-1.536359917372465134e-02
-3.184901177883148193e-02
3.247464774176478386e-03
-4.949964582920074463e-02
-1.024574935436248779e-01
6.897351890802383423e-02
2.652961120475083590e-04
-2.541658282279968262e-02
-9.210891090333461761e-03
-9.050460532307624817e-03
-3.476613014936447144e-02
-5.495371297001838684e-02
-4.214307293295860291e-02
5.491756834089756012e-03
-4.027239605784416199e-02
5.401463806629180908e-02
4.589017014950513840e-03
-2.161201089620590210e-02
2.453571744263172150e-02
2.416799031198024750e-02
4.408406093716621399e-02
3.247056901454925537e-02
-1.793565787374973297e-02
1.798649504780769348e-02
2.348054759204387665e-02
9.021974168717861176e-03
-4.161607846617698669e-02
9.894797205924987793e-02
-8.213928900659084320e-03
2.322344109416007996e-02
1.011397223919630051e-02
-3.066260926425457001e-02
1.568811596371233463e-03
4.200473055243492126e-02
1.042516157031059265e-02
-8.207460865378379822e-03
2.942875400185585022e-02
3.930846601724624634e-02
-1.687042601406574249e-02
1.136605162173509598e-02
-4.611295461654663086e-02
5.456199124455451965e-02
2.684116363525390625e-02
-3.549951314926147461e-02
6.694713956676423550e-04
-2.578087383881211281e-03
-8.374232798814773560e-02
-5.912821367383003235e-02
-1.631096564233303070e-02
-4.925341904163360596e-02
