8.174168318510055542e-02
-5.007220432162284851e-02
2.888729609549045563e-02
5.884632095694541931e-02
4.222219809889793396e-02
5.532693862915039062e-02
-5.749197304248809814e-02
-5.973822996020317078e-02
9.295888245105743408e-02
-4.467704147100448608e-02
1.353089511394500732e-02
3.701578453183174133e-02
1.121761556714773178e-02
-2.499989466741681099e-03
4.165038093924522400e-02
6.451877951622009277e-02
3.249880298972129822e-02
-3.047706373035907745e-02
2.661482244729995728e-02
2.535401098430156708e-02
2.342172898352146149e-02
6.221630796790122986e-02
-3.571491921320557594e-03
3.696562722325325012e-02
-5.284669622778892517e-02
-1.494265394285321236e-03
-2.788958139717578888e-02
-4.552004486322402954e-02
-4.234382137656211853e-02
-6.674312055110931396e-02
-6.735651940107345581e-02
-2.957860194146633148e-02
-2.089676074683666229e-02
-1.707847788929939270e-02
1.079144701361656189e-02
1.979906670749187469e-02
5.661160126328468323e-02
3.129279240965843201e-02
6.163255893625319004e-04
-1.889122463762760162e-02
-1.934926770627498627e-02
-1.912472024559974670e-02
-4.661054909229278564e-02
-5.487027019262313843e-02
1.420785905793309212e-03
-4.732206836342811584e-02
-5.498908832669258118e-02
-5.382210388779640198e-02
1.294654514640569687e-02
-1.044360548257827759e-02
7.091826945543289185e-02
-1.920644566416740417e-02
-3.850152483209967613e-03
2.404890581965446472e-02
3.478837385773658752e-02
-6.316724419593811035e-02
-3.830032050609588623e-02
4.770807921886444092e-02
6.122907623648643494e-02
2.432550117373466492e-02
-2.628235332667827606e-02
-5.515586957335472107e-02
3.641767799854278564e-02
4.546111449599266052e-02
-1.024487912654876709e-01
-2.075201645493507385e-02
-7.020501792430877686e-02
-2.726142853498458862e-02
3.236995544284582138e-03
-1.113030686974525452e-02
6.509291380643844604e-02
-4.024427756667137146e-02
-7.327862828969955444e-02
2.870327420532703400e-02
-4.603840038180351257e-02
7.024376839399337769e-02
-3.891734778881072998e-02
-7.834244519472122192e-02
4.008326306939125061e-02
1.393375918269157410e-02
-1.454046275466680527e-02
-5.987377464771270752e-02
9.301429614424705505e-03
-2.428326010704040527e-02
-8.539879322052001953e-02
-6.856197118759155273e-02
2.088395413011312485e-03
7.327254116535186768e-02
-5.153174977749586105e-03
7.621614634990692139e-02
-5.527254566550254822e-02
-9.373778849840164185e-02
3.047642111778259277e-02
-6.050384044647216797e-02
-1.278359815478324890e-02
-1.808938570320606232e-02
8.155481889843940735e-03
1.173749472945928574e-02
9.774959646165370941e-03
-2.640637941658496857e-02
-5.867794528603553772e-02
5.765331164002418518e-02
2.639932185411453247e-02
2.253300510346889496e-02
4.993199184536933899e-02
2.782681398093700409e-02
5.600561946630477905e-02
-1.710385084152221680e-02
2.999393269419670105e-02
1.343830209225416183e-02
1.606511510908603668e-02
8.052722550928592682e-03
3.350313007831573486e-02
5.668040737509727478e-02
-3.110441565513610840e-02
-7.533185184001922607e-03
6.900098174810409546e-02
5.387587845325469971e-02
2.705085463821887970e-02
1.105006411671638489e-01
-4.096875339746475220e-02
-5.453801527619361877e-02
2.952171955257654190e-03
-1.168288383632898331e-02
-1.355382427573204041e-02
8.509229868650436401e-02
-3.343730792403221130e-02
4.698297008872032166e-02
-1.134030893445014954e-02
-4.267565160989761353e-02
-8.527081459760665894e-03
-2.089689299464225769e-02
7.897934317588806152e-02
5.982835590839385986e-02
-8.956004166975617409e-04
3.516921028494834900e-02
4.296730458736419678e-02
2.199842780828475952e-02
-3.042874298989772797e-02
-3.224819526076316833e-02
-4.002127423882484436e-02
6.502614705823361874e-04
3.110768273472785950e-02
4.781649261713027954e-02
-2.113297581672668457e-03
5.390693992376327515e-02
5.958658084273338318e-02
-4.055911302566528320e-02
-1.366539206355810165e-02
-6.682620942592620850e-02
-9.402851760387420654e-02
1.144596375524997711e-02
2.737409994006156921e-02
2.826102264225482941e-02
4.853622522205114365e-03
-2.651920542120933533e-03
-1.061792578548192978e-02
1.101697981357574463e-01
-2.042084001004695892e-02
-5.720619112253189087e-02
-9.287048131227493286e-02
-5.604810640215873718e-02
-4.614505544304847717e-02
-6.284530274569988251e-03
6.552413105964660645e-03
-5.252393707633018494e-02
1.366870943456888199e-02
1.217447221279144287e-02
2.007048763334751129e-02
-2.615916915237903595e-02
3.667523153126239777e-03
2.971972152590751648e-02
-7.996503263711929321e-03
-2.187448926270008087e-02
-3.965136595070362091e-03
-8.968847244977951050e-02
-7.189133670181035995e-03
-1.730653829872608185e-02
-4.712102562189102173e-02
2.242694050073623657e-02
-7.885691523551940918e-02
3.571651875972747803e-02
4.868038464337587357e-03
2.250732108950614929e-02
-4.900260269641876221e-02
4.858741536736488342e-03
-1.629452593624591827e-02
-3.504810482263565063e-02
-9.375811554491519928e-03
4.043278470635414124e-02
-2.002542465925216675e-02
-3.979244083166122437e-02
-1.853339374065399170e-03
1.643524691462516785e-02
2.443314343690872192e-02
-8.828586898744106293e-03
4.777119308710098267e-02
7.879839278757572174e-03
-8.840790997055592015e-07
-5.193800106644630432e-02
-3.040093369781970978e-02
2.848714031279087067e-02
-5.118093267083168030e-02
-1.030719373375177383e-02
2.248043008148670197e-02
1.063205208629369736e-02
9.162940550595521927e-04
6.886184215545654297e-02
-2.527490444481372833e-02
1.501756533980369568e-02
-2.873374707996845245e-02
2.317752456292510033e-03
5.269125849008560181e-02
2.422900684177875519e-02
6.436517834663391113e-02
7.341460790485143661e-03
4.221073165535926819e-02
3.677158802747726440e-02
7.862491905689239502e-02
-4.352395609021186829e-02
-5.150072276592254639e-02
-1.782464236021041870e-02
-4.240179806947708130e-02
-3.933261707425117493e-02
-6.359263509511947632e-02
5.322076845914125443e-03
-3.990354947745800018e-03
1.012608408927917480e-03
-2.061644382774829865e-02
3.530643880367279053e-02
-3.002855926752090454e-02
1.510509755462408066e-02
-6.063972413539886475e-02
5.515000596642494202e-02
4.413674771785736084e-02
9.269863367080688477e-04
6.520107854157686234e-04
-2.028511278331279755e-02
3.599378094077110291e-02
4.119937121868133545e-02
5.174602568149566650e-02
-3.025690838694572449e-02
-6.725136935710906982e-02
1.184814330190420151e-02
3.156982362270355225e-02
1.103364154696464539e-01
5.728539451956748962e-02
4.718258511275053024e-03
6.052925437688827515e-02
1.115436386317014694e-02
-3.734288364648818970e-02
8.285894058644771576e-03
-2.471122704446315765e-02
-5.235922709107398987e-02
4.551381245255470276e-02
6.348881125450134277e-02
-3.404807671904563904e-02
8.674158900976181030e-02
4.025405272841453552e-02
3.280177339911460876e-02
-3.939798846840858459e-02
-3.853576630353927612e-02
2.303464896976947784e-02
5.025718361139297485e-02
2.163425832986831665e-02
3.243749728426337242e-03
6.952638924121856689e-02
-4.864801187068223953e-03
-1.765707880258560181e-02
2.728512324392795563e-02
-7.000472396612167358e-02
-2.279989048838615417e-02
4.549013450741767883e-02
-1.507510896772146225e-02
4.344888031482696533e-02
4.373352229595184326e-02
7.654876913875341415e-03
-9.789875708520412445e-03
4.133738204836845398e-02
3.185796365141868591e-02
9.381937794387340546e-03
-1.570440083742141724e-02
-3.948527202010154724e-02
1.190512180328369141e-01
-1.219453848898410797e-02
-2.309563569724559784e-02
-8.667164482176303864e-03
-1.092089116573333740e-01
-4.808941856026649475e-02
1.319444458931684494e-02
1.906348019838333130e-02
-7.853189483284950256e-03
-2.156661637127399445e-02
2.316098101437091827e-02
3.301565349102020264e-02
-4.950010403990745544e-02
3.732326999306678772e-02
-1.014451961964368820e-02
-1.811853237450122833e-02
3.675827011466026306e-02
4.971368610858917236e-02
-1.010832283645868301e-02
-1.746810972690582275e-02
7.116355467587709427e-03
8.155921101570129395e-02
1.387655176222324371e-02
3.135624900460243225e-02
-2.281794557347893715e-03
-1.531866844743490219e-02
-9.534469805657863617e-03
-1.761046797037124634e-02
-3.257177013438194990e-04
1.745552010834217072e-02
8.613649755716323853e-03
2.221034839749336243e-02
-1.475077215582132339e-02
1.800444535911083221e-02
3.507086262106895447e-02
6.049439683556556702e-02
7.233928889036178589e-02
-4.593630135059356689e-02
9.272971004247665405e-02
-1.321703195571899414e-02
-1.528754131868481636e-03
7.194485515356063843e-02
9.142372757196426392e-03
-1.921586878597736359e-02
4.204141721129417419e-02
2.176658995449542999e-02
2.318224171176552773e-03
-5.173717439174652100e-02
-3.513129800558090210e-02
4.813096951693296432e-03
2.946077100932598114e-02
1.671397499740123749e-02
-4.207060486078262329e-02
-1.025271788239479065e-02
-4.897627979516983032e-02
3.116726875305175781e-03
2.127258665859699249e-02
2.163669280707836151e-02
-4.901856556534767151e-02
-3.106392733752727509e-02
4.320644959807395935e-02
5.493582785129547119e-02
4.503737017512321472e-02
-1.437889039516448975e-02
2.073696814477443695e-02
-1.957318559288978577e-02
5.872235447168350220e-02
5.869378149509429932e-02
-3.723621740937232971e-02
-5.567458644509315491e-02
3.942161798477172852e-02
1.793105714023113251e-02
1.837315037846565247e-02
-9.238019585609436035e-03
-7.607814669609069824e-02
-1.786785013973712921e-02
-2.654615603387355804e-02
-4.011604189872741699e-02
-2.183844521641731262e-02
-7.889281958341598511e-02
1.484024804085493088e-02
-4.654285684227943420e-02
2.265495946630835533e-03
2.792990766465663910e-02
2.202357724308967590e-02
9.742921218276023865e-03
-4.217552021145820618e-02
5.671697482466697693e-02
-6.492441520094871521e-03
-8.016560971736907959e-02
6.965742260217666626e-02
-2.677670854609459639e-04
-2.689432539045810699e-02
-1.017843652516603470e-02
-1.609280891716480255e-02
-3.298297896981239319e-02
6.578427553176879883e-02
1.780137605965137482e-02
-3.654352203011512756e-02
-1.011666953563690186e-01
-5.080395936965942383e-02
1.106442511081695557e-02
1.739359274506568909e-02
-1.813790947198867798e-02
5.774699524044990540e-02
-1.536268554627895355e-02
-9.725988656282424927e-02
5.837474018335342407e-02
-1.434406149201095104e-03
-3.609137609601020813e-02
3.708147630095481873e-02
4.725182056427001953e-02
5.060793086886405945e-02
-2.370021305978298187e-02
-5.248627811670303345e-02
-3.645383566617965698e-02
-4.811950959265232086e-03
2.993660978972911835e-02
3.457710146903991699e-02
6.958823651075363159e-02
-2.441353350877761841e-02
5.137970671057701111e-02
2.097923122346401215e-02
2.010635333135724068e-03
-4.262361302971839905e-02
-8.987123146653175354e-03
4.180970042943954468e-02
-4.384403303265571594e-02
-1.166669372469186783e-02
-1.252274122089147568e-02
-4.854226112365722656e-02
-5.708811432123184204e-02
9.684655815362930298e-03
-5.580861866474151611e-02
3.775582835078239441e-02
6.725448183715343475e-03
4.566032439470291138e-03
-2.945308573544025421e-02
3.428072109818458557e-02
-1.887506060302257538e-02
-2.260146290063858032e-02
2.871434204280376434e-02
-6.522487848997116089e-02
-1.506974105723202229e-03
4.494533687829971313e-02
1.102924905717372894e-02
-5.036070570349693298e-02
-6.922440975904464722e-02
1.001319661736488342e-01
1.708910427987575531e-02
2.924972679466009140e-03
-1.211830167449079454e-04
-9.238244965672492981e-03
-5.023591592907905579e-02
8.082996308803558350e-02
4.484303295612335205e-02
1.232347451150417328e-02
5.737342685461044312e-02
-1.606135629117488861e-02
-7.894031703472137451e-02
2.406631782650947571e-02
-3.532024472951889038e-02
5.323268938809633255e-03
-2.389233186841011047e-02
8.290468901395797729e-02
-1.061809249222278595e-02
1.002747938036918640e-01
-4.754620790481567383e-02
2.883963659405708313e-02
1.245927531272172928e-02
-5.029888451099395752e-02
1.389927603304386139e-02
4.978150129318237305e-03
1.454522088170051575e-02
-1.675204560160636902e-02
-3.159147873520851135e-02
7.161403191275894642e-04
-4.638299718499183655e-02
3.886802121996879578e-02
9.724661707878112793e-03
-7.562369108200073242e-03
2.943331492133438587e-04
-2.576765231788158417e-02
-4.978175461292266846e-02
-9.116511791944503784e-02
-4.210507124662399292e-02
2.232768572866916656e-02
-1.503348350524902344e-02
3.076815605163574219e-02
-6.175565719604492188e-02
-2.179615432396531105e-03
4.441437311470508575e-03
-5.970249325037002563e-02
-4.902295768260955811e-02
-2.183934859931468964e-02
-7.676093280315399170e-02
-6.125265732407569885e-02
3.460019454360008240e-02
-4.680894315242767334e-02
-6.081447377800941467e-02
5.637138709425926208e-02
-4.101935401558876038e-02
5.169237777590751648e-02
8.489827066659927368e-02
3.686609491705894470e-02
-5.994176492094993591e-02
1.538123283535242081e-02
-6.183031946420669556e-02
-1.372920069843530655e-02
2.212085574865341187e-02
1.389911491423845291e-02
-8.887454867362976074e-02
7.341900374740362167e-03
-3.699223697185516357e-02
7.563530653715133667e-02
-8.983395528048276901e-04
-4.785030707716941833e-02
5.034984275698661804e-02
-1.291211880743503571e-02
-4.766739904880523682e-03
-4.740315303206443787e-02
-5.386727862060070038e-03
5.553850904107093811e-02
1.664178259670734406e-02
-1.798131316900253296e-02
-1.179203763604164124e-02
-6.852252781391143799e-02
-4.979371652007102966e-02
-6.405618786811828613e-02
4.564166441559791565e-02
3.697155416011810303e-02
7.081944495439529419e-02
-7.468420546501874924e-03
2.075340598821640015e-02
2.874651737511157990e-02
1.293515670113265514e-04
-4.648932442069053650e-02
-5.104442685842514038e-02
5.624127388000488281e-02
-3.201584890484809875e-02
-5.395432561635971069e-02
-9.047999978065490723e-03
-1.185353007167577744e-02
1.443011779338121414e-02
-2.316302061080932617e-02
2.683461457490921021e-02
-4.366677626967430115e-02
5.133582279086112976e-02
-3.654541075229644775e-02
-3.335454687476158142e-02
-6.620611529797315598e-03
-1.622843323275446892e-03
2.725684083998203278e-02
-7.516661286354064941e-02
1.221327390521764755e-02
-2.615248039364814758e-02
4.625833127647638321e-03
-6.816658377647399902e-02
-9.353269124403595924e-04
-2.879397943615913391e-02
7.065019756555557251e-02
-5.265653599053621292e-03
5.177003517746925354e-02
-5.489977821707725525e-02
9.664704650640487671e-02
-1.892560906708240509e-02
9.937044233083724976e-03
4.571282491087913513e-02
-3.664766252040863037e-02
-8.519513905048370361e-02
-2.605685777962207794e-02
3.013092279434204102e-02
2.609783969819545746e-02
3.003086335957050323e-02
4.790963232517242432e-02
-5.421431269496679306e-03
-1.760650076903402805e-03
-2.584470203146338463e-03
-1.494516059756278992e-02
-3.224771842360496521e-02
-1.554723456501960754e-02
-6.014213338494300842e-02
-1.090492680668830872e-02
-4.329685121774673462e-02
8.700451254844665527e-02
-1.488846144638955593e-03
3.537065163254737854e-02
-1.538985315710306168e-02
5.968052521347999573e-02
3.106371872127056122e-02
-7.380414009094238281e-02
-1.496650651097297668e-02
-3.953771665692329407e-02
8.568743243813514709e-03
-8.824565447866916656e-03
-6.219963729381561279e-02
6.560727953910827637e-02
2.403318881988525391e-02
2.630158700048923492e-02
-2.422863245010375977e-02
9.591513313353061676e-03
-1.089477725327014923e-02
3.952353820204734802e-02
-6.995839625597000122e-02
-3.475939109921455383e-02
-4.205119982361793518e-02
5.910466425120830536e-03
4.816222190856933594e-02
-1.472876872867345810e-03
2.809627726674079895e-02
-1.314483862370252609e-02
-5.052880942821502686e-02
3.616377338767051697e-02
1.680738106369972229e-02
5.207754299044609070e-02
2.558925189077854156e-02
3.221052512526512146e-02
8.221569471061229706e-03
3.686587139964103699e-02
-1.742381416261196136e-02
3.705528751015663147e-02
1.176014170050621033e-01
-1.322603784501552582e-02
-2.143747545778751373e-02
7.782413810491561890e-02
6.639986485242843628e-02
-4.099081736057996750e-03
-1.259884983301162720e-01
4.540403559803962708e-02
6.340899318456649780e-02
-5.589492619037628174e-02
6.821327377110719681e-03
6.837820261716842651e-02
1.786134764552116394e-02
4.225615039467811584e-02
-3.123763948678970337e-02
-7.441867142915725708e-02
-3.878076374530792236e-02
-3.556516021490097046e-02
-2.739036688581109047e-03
-3.411379456520080566e-02
7.900678552687168121e-03
8.284015930257737637e-04
-3.721270337700843811e-02
-9.160280227661132812e-02
-3.703548014163970947e-02
-3.946484357584267855e-04
-1.743019744753837585e-02
-1.098871696740388870e-02
1.710372045636177063e-02
-8.371954411268234253e-02
-1.143239997327327728e-02
-4.828160628676414490e-02
-4.738491401076316833e-02
-7.711857557296752930e-03
1.369647309184074402e-02
5.774314329028129578e-02
-5.790175125002861023e-02
-4.473694786429405212e-02
-9.906347841024398804e-03
4.541839472949504852e-03
2.614601701498031616e-02
5.158689245581626892e-02
-4.895652458071708679e-02
-8.405559696257114410e-03
7.585506141185760498e-02
-5.105977132916450500e-02
5.359252449125051498e-03
5.341915413737297058e-03
-1.974658481776714325e-02
4.527111351490020752e-02
-3.425935283303260803e-02
-4.315663874149322510e-02
2.636012248694896698e-02
-3.533051908016204834e-02
4.277286306023597717e-02
8.378208428621292114e-02
2.213496714830398560e-02
-1.053642109036445618e-02
5.505448207259178162e-02
-3.065664879977703094e-02
5.270078405737876892e-02
-1.774273999035358429e-02
-6.886050105094909668e-03
6.194394454360008240e-02
3.354933345690369606e-03
-3.446765989065170288e-02
8.762539364397525787e-03
2.663906849920749664e-02
-4.655374214053153992e-02
5.579526349902153015e-02
-3.266262635588645935e-02
-9.646720439195632935e-02
3.697289526462554932e-02
-3.312316536903381348e-02
-3.280293568968772888e-02
3.836748003959655762e-02
1.180395763367414474e-02
-2.911441959440708160e-02
4.418969526886940002e-02
2.478933520615100861e-02
-9.924715413944795728e-05
-2.680594474077224731e-02
-2.601394802331924438e-02
2.348795533180236816e-03
3.445832058787345886e-02
4.212388023734092712e-02
-2.127206884324550629e-03
1.132653374224901199e-02
-3.018848225474357605e-02
2.974550239741802216e-02
4.675681889057159424e-02
-3.153717890381813049e-02
1.276739314198493958e-02
-2.958816289901733398e-02
-4.425933212041854858e-02
3.088422492146492004e-02
-7.822994887828826904e-02
2.719234861433506012e-02
2.153727971017360687e-02
-4.757326468825340271e-02
1.536854822188615799e-02
8.047583699226379395e-02
2.908625465352088213e-04
-3.474552929401397705e-02
4.190100356936454773e-02
9.003482758998870850e-02
-3.640254959464073181e-02
-2.041749283671379089e-02
-2.308510988950729370e-02
3.093829937279224396e-02
5.394965782761573792e-02
3.020327724516391754e-02
-7.166873663663864136e-02
-6.483408808708190918e-02
-3.513919189572334290e-02
9.555805474519729614e-02
7.728137541562318802e-03
-5.373090133070945740e-02
-7.898438721895217896e-03
-4.753671959042549133e-02
-3.383076936006546021e-02
3.276337683200836182e-02
5.748577043414115906e-02
-1.587168499827384949e-02
4.349156841635704041e-02
7.481035590171813965e-02
4.657761752605438232e-02
9.004793129861354828e-03
-3.359847143292427063e-02
-4.056023061275482178e-02
-1.840473338961601257e-02
1.775252260267734528e-02
3.400910273194313049e-02
-3.293522819876670837e-02
-2.822146564722061157e-02
-3.483530133962631226e-02
-2.171962056308984756e-03
-8.776494301855564117e-03
-7.290127873420715332e-02
-3.142624720931053162e-02
3.372900187969207764e-02
6.294517219066619873e-02
3.307557478547096252e-02
7.059147208929061890e-02
-1.928490400314331055e-02
7.362049818038940430e-02
-4.439599812030792236e-03
-3.605451434850692749e-02
-3.778243064880371094e-02
-3.487401083111763000e-02
-5.971902981400489807e-02
-8.254266530275344849e-02
4.674480110406875610e-02
6.862173229455947876e-02
-1.228748168796300888e-02
-4.376040305942296982e-03
3.594371303915977478e-02
2.469857782125473022e-02
-5.440764501690864563e-02
-1.891431771218776703e-02
-3.335410496219992638e-03
5.908139515668153763e-03
-3.721126914024353027e-02
3.279757872223854065e-02
-2.237065881490707397e-02
-3.547278791666030884e-02
-1.949524134397506714e-02
-1.949718594551086426e-02
3.094144351780414581e-02
7.731275632977485657e-03
-3.116692230105400085e-02
5.217630043625831604e-02
8.259938098490238190e-03
-6.114052142947912216e-03
7.531967759132385254e-02
-4.336851462721824646e-02
-2.268651733174920082e-03
4.229304566979408264e-02
-1.523829065263271332e-02
-4.098268598318099976e-02
-2.363639324903488159e-02
-4.786361241713166237e-04
-2.174866758286952972e-02
7.341240346431732178e-02
6.204027310013771057e-02
4.897247627377510071e-02
1.250132545828819275e-02
-1.031400263309478760e-01
4.881732538342475891e-02
3.729872405529022217e-02
-2.601424045860767365e-02
4.914041981101036072e-02
-8.946877717971801758e-02
1.865514740347862244e-02
-9.584553539752960205e-03
4.442166909575462341e-02
1.244006212800741196e-02
-2.717090211808681488e-02
-5.440544709563255310e-02
-2.673035301268100739e-02
7.045808248221874237e-03
-1.598036661744117737e-02
-5.623622983694076538e-02
-3.727103769779205322e-02
-2.922255359590053558e-02
-7.507475675083696842e-04
3.998975083231925964e-02
-3.367088735103607178e-02
2.515131421387195587e-02
-7.327722012996673584e-02
7.177621871232986450e-02
6.597828119993209839e-02
4.261122643947601318e-02
2.893819008022546768e-03
1.123865693807601929e-02
1.354684900434222072e-05
1.143297273665666580e-02
5.103899165987968445e-02
-3.387245908379554749e-02
3.754864633083343506e-02
-1.751456968486309052e-02
5.828735604882240295e-02
6.531499326229095459e-03
3.825353458523750305e-02
1.530732065439224243e-01
-6.618683785200119019e-02
1.908166520297527313e-02
-5.743701756000518799e-02
2.432867325842380524e-02
-8.571287617087364197e-03
-4.513578861951828003e-02
-7.306819781661033630e-03
-4.589372500777244568e-02
-2.098716609179973602e-02
-2.070170082151889801e-02
-2.355297282338142395e-02
-5.620842799544334412e-02
1.759570650756359100e-02
-5.045753344893455505e-02
5.051403120160102844e-02
3.101708367466926575e-02
2.138702385127544403e-02
-6.697872281074523926e-02
-9.236898273229598999e-02
4.333346337080001831e-02
-3.208632394671440125e-02
-6.421113014221191406e-02
-6.911552697420120239e-02
-4.271322488784790039e-02
-3.553445637226104736e-02
-4.328336939215660095e-02
-2.985728345811367035e-02
9.375170804560184479e-03
-1.106359064579010010e-01
-2.275398187339305878e-02
5.250905454158782959e-02
-7.581085432320833206e-03
2.850035438314080238e-03
-2.728387899696826935e-02
-1.085960865020751953e-01
1.652456820011138916e-02
2.289590984582901001e-02
4.877385124564170837e-02
4.259066656231880188e-02
4.232238605618476868e-02
5.911231413483619690e-02
4.644005373120307922e-02
4.701081290841102600e-02
-5.374506860971450806e-02
4.454635083675384521e-02
-3.997626155614852905e-02
1.507136877626180649e-02
-2.630863897502422333e-02
4.482714831829071045e-02
-2.659321948885917664e-02
3.142246231436729431e-02
-6.645157188177108765e-02
8.293855190277099609e-02
-1.850325055420398712e-02
7.166263461112976074e-02
-1.266490202397108078e-02
-1.048525646328926086e-01
5.387422814965248108e-02
-4.734206199645996094e-02
5.605211481451988220e-02
6.743061542510986328e-02
4.158063326030969620e-03
6.711339950561523438e-02
1.074436027556657791e-02
-2.087601833045482635e-02
-6.258187443017959595e-02
-5.069343745708465576e-02
-5.843248590826988220e-02
7.311708480119705200e-02
3.271311149001121521e-02
2.232102118432521820e-02
-4.868344869464635849e-03
3.604579716920852661e-02
-1.511213183403015137e-02
3.667288646101951599e-02
-2.781272679567337036e-02
5.249868705868721008e-02
4.045563749969005585e-03
2.087800391018390656e-02
7.958865165710449219e-02
-1.296128612011671066e-02
2.384295314550399780e-02
-4.167442023754119873e-02
-5.904819816350936890e-02
-7.669308781623840332e-02
-2.386786974966526031e-02
6.068689003586769104e-02
-1.341697573661804199e-02
-5.013203248381614685e-03
2.835966274142265320e-02
6.544902920722961426e-02
5.125178396701812744e-02
5.601952224969863892e-02
6.588941067457199097e-02
7.229759544134140015e-02
-1.386055722832679749e-02
1.792983524501323700e-02
4.349988326430320740e-02
6.124181672930717468e-02
4.907614365220069885e-02
-1.585654355585575104e-02
-3.488508751615881920e-03
5.606216378509998322e-03
-3.754620254039764404e-02
-6.415940076112747192e-02
-2.917122282087802887e-02
-2.715346403419971466e-02
6.317868828773498535e-02
-5.871604755520820618e-02
5.072169471532106400e-03
-3.257568925619125366e-02
-1.151679200120270252e-03
-3.691321238875389099e-02
5.741703882813453674e-02
1.059918943792581558e-02
8.971894532442092896e-02
6.977153825573623180e-04
-5.378665030002593994e-02
1.994038932025432587e-02
-2.605951623991131783e-03
-3.845385462045669556e-02
-4.802352562546730042e-02
-6.996865570545196533e-02
-4.908016696572303772e-02
6.534907221794128418e-02
-6.788783241063356400e-03
-3.794044256210327148e-02
-2.337438426911830902e-02
-1.801826758310198784e-03
2.037409693002700806e-02
5.011928081512451172e-02
-6.320352666079998016e-03
9.473495185375213623e-02
6.281413603574037552e-03
-1.793480664491653442e-02
3.555606305599212646e-02
8.855541236698627472e-03
-6.252607330679893494e-03
9.748260676860809326e-02
3.446047194302082062e-03
-3.014839254319667816e-02
5.351693555712699890e-02
-8.772565633989870548e-04
-3.149097552523016930e-03
-5.957783386111259460e-02
5.671796575188636780e-02
-2.808034978806972504e-02
-7.688447833061218262e-03
-5.224538967013359070e-02
7.491824030876159668e-02
7.462751865386962891e-02
1.235215272754430771e-02
-2.803900651633739471e-02
-5.167694389820098877e-02
-6.178826466202735901e-02
5.614328198134899139e-03
-5.402955040335655212e-02
-1.836628466844558716e-02
5.203312262892723083e-02
-3.199987113475799561e-02
-3.635964170098304749e-02
4.077874124050140381e-02
-6.714744120836257935e-02
2.304031141102313995e-02
-2.500324882566928864e-02
3.691472113132476807e-02
4.178335517644882202e-02
2.772763185203075409e-02
-5.361741408705711365e-02
-2.202751673758029938e-02
7.018940057605504990e-03
1.058010850101709366e-02
1.929464749991893768e-02
2.917944826185703278e-02
3.533369675278663635e-02
2.738592214882373810e-02
-2.187391370534896851e-02
5.746252462267875671e-02
-4.610593244433403015e-02
5.656718276441097260e-03
-1.407546643167734146e-02
-4.519731923937797546e-02
4.172608628869056702e-02
-5.744949728250503540e-02
-1.493154559284448624e-03
-4.260648274794220924e-04
-1.325558125972747803e-02
6.398117542266845703e-02
4.271881282329559326e-02
-1.125709060579538345e-02
2.933857403695583344e-02
2.207546308636665344e-02
-3.474697843194007874e-02
-1.539881248027086258e-02
-4.654380492866039276e-03
