-5.616062507033348083e-02
5.972378887236118317e-03
1.248635933734476566e-03
3.253436833620071411e-02
1.683378033339977264e-02
-3.218095004558563232e-02
7.332219742238521576e-03
-3.294191136956214905e-02
-2.773814648389816284e-02
-2.537599392235279083e-02
5.912657454609870911e-02
8.739758282899856567e-02
3.111525811254978180e-02
6.332315504550933838e-03
1.379675976932048798e-02
1.265919953584671021e-02
6.757007539272308350e-02
4.924102127552032471e-02
-4.696064442396163940e-02
2.590967342257499695e-02
-1.335148233920335770e-02
-1.610450260341167450e-02
2.930926717817783356e-02
9.490972734056413174e-04
9.332256764173507690e-02
4.853717982769012451e-02
4.386216402053833008e-02
-3.679139539599418640e-03
-1.727780513465404510e-02
-7.838407158851623535e-02
4.611285775899887085e-02
-3.647015616297721863e-02
-6.930283457040786743e-02
3.890492022037506104e-02
4.397391900420188904e-02
-1.576205156743526459e-02
-3.253812715411186218e-02
-1.969648338854312897e-02
2.541209757328033447e-02
3.390013054013252258e-02
3.736634552478790283e-02
2.967648953199386597e-02
8.410012722015380859e-02
-5.063045769929885864e-02
-2.711647376418113708e-02
-6.936722993850708008e-02
-2.874249592423439026e-02
-2.472416125237941742e-02
-6.102591007947921753e-02
-5.020489916205406189e-02
2.994062192738056183e-02
1.465392392128705978e-02
-5.546268075704574585e-02
-5.868638306856155396e-02
2.584050036966800690e-02
-1.213004533201456070e-02
-1.870863139629364014e-02
3.914089128375053406e-02
-4.028872400522232056e-02
1.708188652992248535e-02
-1.552999299019575119e-02
-5.576129257678985596e-02
4.227744787931442261e-02
-6.751614157110452652e-03
4.659406095743179321e-02
-2.587280934676527977e-03
-2.430652733892202377e-03
-5.679593607783317566e-02
5.973434448242187500e-02
-2.877698838710784912e-02
8.373352885246276855e-02
-4.963133484125137329e-02
7.002680748701095581e-02
-5.200527980923652649e-02
3.904899209737777710e-02
3.119892068207263947e-02
-5.395953357219696045e-02
-8.553440682590007782e-03
4.934088140726089478e-02
-2.937583811581134796e-02
8.730556815862655640e-03
-3.108458779752254486e-02
1.013277843594551086e-02
-2.758957073092460632e-02
6.315374746918678284e-03
-5.721604451537132263e-02
-3.547823801636695862e-02
-2.992755547165870667e-02
-3.175010159611701965e-02
-2.489549852907657623e-02
2.737914025783538818e-02
3.158473409712314606e-03
-2.915920317173004150e-02
3.726104274392127991e-02
4.578419402241706848e-02
4.159528017044067383e-02
1.513750990852713585e-03
1.097630447475239635e-04
-1.627187989652156830e-02
3.735968098044395447e-02
-9.905444458127021790e-03
4.778151214122772217e-02
-4.189139604568481445e-02
-1.978505635634064674e-03
-4.364589229226112366e-02
3.617114573717117310e-02
-3.994867205619812012e-03
-1.017983481287956238e-01
-3.719427436590194702e-02
3.762141615152359009e-02
-4.546451848000288010e-03
3.036446683108806610e-02
4.903136938810348511e-02
-5.839582160115242004e-02
-8.886731229722499847e-03
-5.450678989291191101e-02
-1.192532479763031006e-02
-3.298285976052284241e-02
-3.190962364897131920e-03
1.166304107755422592e-02
-2.722346782684326172e-02
-1.356818340718746185e-02
8.732470124959945679e-02
4.621256142854690552e-02
8.031366765499114990e-02
2.284696325659751892e-02
1.746368221938610077e-02
-1.056466437876224518e-02
-2.690169587731361389e-02
-3.771806880831718445e-02
4.784168675541877747e-02
4.825218021869659424e-02
-5.963959917426109314e-02
3.227751329541206360e-02
3.697927296161651611e-02
4.011705145239830017e-02
-6.516592204570770264e-02
-8.055155724287033081e-02
-4.667560756206512451e-02
9.727081656455993652e-02
-4.630452394485473633e-02
6.616575270891189575e-02
4.402549564838409424e-02
-3.466666862368583679e-02
-5.352909490466117859e-02
4.318548366427421570e-03
-1.236268971115350723e-02
2.000803314149379730e-02
-9.316682815551757812e-02
-6.558414548635482788e-02
-2.762628532946109772e-02
5.333331599831581116e-02
6.252248771488666534e-03
-2.024396508932113647e-02
1.762541383504867554e-02
3.860859572887420654e-02
-4.318223893642425537e-02
-1.113269943743944168e-02
-1.171351075172424316e-01
-6.709024775773286819e-03
-5.904654390178620815e-04
-3.208263218402862549e-02
1.759083569049835205e-02
-4.594183713197708130e-02
1.650485768914222717e-02
-7.244203239679336548e-02
5.326088890433311462e-02
-1.712550409138202667e-02
-9.780501015484333038e-03
-5.680035427212715149e-02
-1.515619177371263504e-02
4.555777087807655334e-02
6.218850240111351013e-02
-4.375929385423660278e-02
9.008509106934070587e-03
-1.761429198086261749e-02
-2.020196616649627686e-02
-4.923208802938461304e-02
-4.410356283187866211e-02
5.177050083875656128e-02
-4.980154708027839661e-02
7.329484075307846069e-02
6.076632533222436905e-03
1.168940030038356781e-02
-2.116312459111213684e-02
2.275637909770011902e-02
4.950440675020217896e-02
6.594074517488479614e-02
-4.117662459611892700e-02
4.883788898587226868e-02
-6.971094012260437012e-02
-1.133382320404052734e-02
-1.434770412743091583e-02
-6.889794766902923584e-02
1.493709161877632141e-02
-2.799813635647296906e-02
-1.638195849955081940e-02
-6.283757276833057404e-03
4.639723151922225952e-02
-5.514490767382085323e-04
-6.429579108953475952e-02
3.130885772407054901e-03
1.797846518456935883e-02
4.153421893715858459e-02
8.321531116962432861e-03
-2.072467934340238571e-03
-4.131605476140975952e-02
-5.993680655956268311e-02
-2.957954071462154388e-02
-5.200027674436569214e-02
2.580995671451091766e-02
6.589049473404884338e-03
-3.634532913565635681e-02
-7.350841071456670761e-03
-2.356875501573085785e-02
-3.260392695665359497e-02
8.807295933365821838e-03
-3.157747164368629456e-02
-6.946034729480743408e-03
-8.888727426528930664e-02
5.653665214776992798e-02
1.085013672709465027e-01
1.545266527682542801e-02
-4.152552038431167603e-02
4.791986197233200073e-02
-1.760572381317615509e-02
-3.990905731916427612e-02
-3.478963673114776611e-02
-7.383912801742553711e-02
-3.069550730288028717e-02
6.910164374858140945e-03
-4.483170807361602783e-02
3.607378527522087097e-02
2.799247205257415771e-02
-4.082132130861282349e-02
-4.352567344903945923e-02
1.929533854126930237e-02
-4.721468687057495117e-02
5.595276877284049988e-02
-2.486853487789630890e-02
7.135552167892456055e-02
2.330060675740242004e-02
2.273755893111228943e-02
9.085279889404773712e-03
3.508555144071578979e-02
-1.703299768269062042e-02
4.221231490373611450e-02
2.344837039709091187e-02
1.041847653687000275e-02
-3.120304830372333527e-02
2.217524871230125427e-02
9.144580364227294922e-02
4.545938223600387573e-02
-4.098520800471305847e-02
2.233960898593068123e-03
2.833523601293563843e-02
3.031794540584087372e-02
3.730508685111999512e-02
6.220301240682601929e-02
1.108208298683166504e-01
5.303122848272323608e-02
3.484509512782096863e-02
-3.775465488433837891e-02
-3.262711316347122192e-02
1.967431046068668365e-02
1.384412497282028198e-02
-2.283404022455215454e-02
-8.541703224182128906e-03
-9.917024523019790649e-02
1.802752166986465454e-02
3.959874808788299561e-02
-3.851062059402465820e-02
5.384594574570655823e-02
4.279439162928611040e-04
-7.112762331962585449e-02
8.328738622367382050e-04
2.136724255979061127e-02
-3.380518173798918724e-03
2.567479014396667480e-02
1.088291965425014496e-02
2.632720209658145905e-02
-5.976387858390808105e-02
-7.556986063718795776e-02
-4.587215837091207504e-03
1.538505032658576965e-02
-4.393817111849784851e-02
-2.776965312659740448e-02
4.169579595327377319e-02
-4.791935160756111145e-02
-1.082519255578517914e-02
-9.023339487612247467e-03
3.135891631245613098e-02
-4.629043862223625183e-02
4.905632231384515762e-03
-1.436922792345285416e-02
-4.328766837716102600e-02
-1.568219275213778019e-03
2.144604548811912537e-02
-2.940747654065489769e-04
-1.592594012618064880e-02
2.976621873676776886e-02
-7.697342429310083389e-03
4.250687360763549805e-02
3.355772793292999268e-02
5.203937739133834839e-02
3.630128502845764160e-02
7.122605293989181519e-02
-3.346593305468559265e-02
8.150450885295867920e-03
-1.747526414692401886e-02
-6.665438413619995117e-02
6.024276837706565857e-02
1.529963687062263489e-02
8.888517506420612335e-03
-3.446269780397415161e-02
1.834064908325672150e-02
-4.169775173068046570e-02
3.985948860645294189e-02
-1.527712121605873108e-02
-3.283823281526565552e-02
-2.422913163900375366e-02
-1.920017530210316181e-03
1.102748699486255646e-02
1.768814586102962494e-02
3.046293929219245911e-02
-6.122454628348350525e-02
3.538544476032257080e-02
1.823524199426174164e-02
3.763579577207565308e-02
2.563348598778247833e-02
5.121891200542449951e-02
4.625337198376655579e-02
7.251146249473094940e-03
-9.141365997493267059e-03
-3.517287550494074821e-03
-1.188985444605350494e-02
6.031886488199234009e-02
-4.664768464863300323e-03
-3.533876501023769379e-03
6.549167633056640625e-02
4.017387703061103821e-02
-1.476792991161346436e-02
3.443257510662078857e-02
5.132812261581420898e-02
-8.509532548487186432e-03
-4.862477257847785950e-02
2.303110994398593903e-02
9.816935285925865173e-03
-1.657787337899208069e-02
-3.615542547777295113e-03
-4.522829549387097359e-04
-7.727754116058349609e-02
-1.522405818104743958e-02
1.279886905103921890e-02
-4.234052449464797974e-02
-1.306891907006502151e-02
-5.359461531043052673e-03
-5.234323441982269287e-02
-7.626175880432128906e-03
-7.568221539258956909e-02
-3.992487862706184387e-02
-9.610173292458057404e-03
3.098593652248382568e-02
6.169406324625015259e-02
8.662593364715576172e-02
3.335530404001474380e-03
-1.579590886831283569e-02
1.836382434703409672e-03
-2.510611666366457939e-03
-1.215291488915681839e-02
-2.337818033993244171e-02
1.074756383895874023e-01
6.856750696897506714e-02
-2.780268527567386627e-02
2.064643055200576782e-02
-2.914825081825256348e-02
2.635991945862770081e-02
-2.879212237894535065e-02
4.558866843581199646e-02
1.291378214955329895e-02
-1.270430441945791245e-02
3.503788262605667114e-02
6.398388650268316269e-03
-3.380776569247245789e-02
7.201875094324350357e-03
-6.198010966181755066e-02
-5.892255809158086777e-03
-2.931377291679382324e-02
-3.683423623442649841e-02
-2.225941279903054237e-03
1.219675294123589993e-03
1.262131705880165100e-02
2.292005717754364014e-02
-8.633469045162200928e-02
-2.997549623250961304e-02
2.337609184905886650e-03
-4.262278601527214050e-02
-2.590235508978366852e-02
-3.237882629036903381e-02
2.984563075006008148e-02
1.033491417765617371e-01
4.523723945021629333e-02
2.920207194983959198e-02
-8.120315521955490112e-02
4.088327661156654358e-02
9.145049378275871277e-03
-5.112710967659950256e-02
-7.697876542806625366e-03
-1.334450580179691315e-02
-8.352273702621459961e-02
1.752456463873386383e-02
4.217218980193138123e-02
4.087583720684051514e-02
3.556910902261734009e-02
1.678414084017276764e-02
3.378519788384437561e-02
-1.645545475184917450e-02
2.501774393022060394e-02
-1.874079369008541107e-02
-4.532872512936592102e-02
3.593802079558372498e-02
-2.638337388634681702e-02
6.229566875845193863e-03
-1.564177125692367554e-02
5.717976391315460205e-02
2.230362221598625183e-02
2.670685201883316040e-02
1.237855292856693268e-02
3.430469334125518799e-02
-8.255047141574323177e-04
1.528826542198657990e-02
6.097105145454406738e-02
5.444384738802909851e-02
2.681899350136518478e-03
-7.117844372987747192e-02
-6.612756848335266113e-02
-4.987118393182754517e-02
-5.295855924487113953e-02
-2.234005555510520935e-02
7.220056653022766113e-02
2.118299901485443115e-02
-3.513771668076515198e-02
-3.128579631447792053e-02
-6.718539632856845856e-03
-6.761004030704498291e-02
-2.743869833648204803e-02
5.359458923339843750e-02
-5.068010091781616211e-02
1.772349141538143158e-02
-5.181043222546577454e-02
5.422522500157356262e-02
-8.510929532349109650e-03
-2.167612686753273010e-02
1.375049166381359100e-02
1.401068083941936493e-02
7.150868326425552368e-02
3.921213001012802124e-02
-2.431380003690719604e-02
4.088844731450080872e-02
-1.573581993579864502e-02
-5.520646646618843079e-02
3.165017813444137573e-02
8.887965232133865356e-03
3.327271714806556702e-02
-2.418687380850315094e-02
-1.197516219690442085e-03
-5.138705484569072723e-03
1.193489786237478256e-02
-1.820876423153094947e-05
3.071705251932144165e-02
2.142819948494434357e-02
-1.057796273380517960e-02
2.508384175598621368e-02
-4.792318865656852722e-02
2.449000440537929535e-02
2.654660120606422424e-02
-2.905158326029777527e-02
-2.509999647736549377e-02
1.233599055558443069e-02
3.124099597334861755e-02
5.778737366199493408e-02
-1.288364734500646591e-02
-1.610609330236911774e-02
-2.213871106505393982e-02
3.895867615938186646e-02
8.266037330031394958e-03
-1.583279110491275787e-02
-7.912313938140869141e-02
-2.125764265656471252e-02
1.032424261211417615e-04
-3.521612659096717834e-02
-5.050818994641304016e-02
-1.017281971871852875e-02
2.998633868992328644e-02
-6.426206231117248535e-02
5.327078327536582947e-02
-1.439441274851560593e-02
-5.945566110312938690e-03
-1.989821175811812282e-04
-2.224275469779968262e-02
-1.237338595092296600e-02
-5.404132232069969177e-02
1.901375874876976013e-02
-3.830278664827346802e-02
-1.101261237636208534e-03
2.914674952626228333e-02
5.421271547675132751e-02
-7.017440348863601685e-02
-1.014406140893697739e-02
3.629194945096969604e-02
-7.476968225091695786e-03
5.398784996941685677e-04
-1.026222854852676392e-01
1.956287072971463203e-03
3.506221994757652283e-02
-5.918227881193161011e-02
4.973027855157852173e-02
6.617187056690454483e-03
3.607261925935745239e-02
-1.551903411746025085e-02
7.370784878730773926e-02
-4.782217368483543396e-02
1.752992160618305206e-02
-1.038998179137706757e-02
1.881099492311477661e-02
-7.834436371922492981e-03
3.749558329582214355e-02
2.351948292925953865e-03
2.432034723460674286e-02
-4.478427767753601074e-02
-4.229857772588729858e-02
-4.100853577256202698e-02
5.154594033956527710e-02
1.206049128086306155e-04
9.146950324065983295e-04
-8.797504939138889313e-03
-2.198507077991962433e-02
-1.004097163677215576e-01
1.087601855397224426e-01
2.923543006181716919e-02
-9.163448214530944824e-02
2.322821505367755890e-02
6.049927324056625366e-02
-8.047170192003250122e-02
-1.107612904161214828e-02
-1.456386316567659378e-02
-4.737579822540283203e-02
-1.134909987449645996e-01
-4.377695918083190918e-02
2.868081256747245789e-02
1.683216914534568787e-02
-4.751193150877952576e-02
-7.289400696754455566e-02
-7.670328486710786819e-03
5.867502093315124512e-02
2.619979716837406158e-02
4.234029352664947510e-02
1.918436028063297272e-02
5.643338710069656372e-02
-2.524597197771072388e-02
4.930279776453971863e-02
6.504599750041961670e-02
2.020847424864768982e-02
4.893601313233375549e-02
4.283189028501510620e-02
3.553371131420135498e-02
7.043976336717605591e-02
2.281097136437892914e-02
-1.012577675282955170e-02
1.056138724088668823e-01
7.225467823445796967e-03
-2.431740984320640564e-02
9.346788376569747925e-02
1.308503840118646622e-02
2.169027179479598999e-02
-5.129929259419441223e-02
3.879141807556152344e-02
7.576311472803354263e-03
2.525473758578300476e-02
-3.600306436419487000e-02
7.191787473857402802e-03
-2.095794677734375000e-02
3.728069737553596497e-02
-2.292612195014953613e-02
-7.560245227068662643e-03
4.139008931815624237e-03
3.686279430985450745e-02
-1.291276793926954269e-02
8.615904301404953003e-02
4.054858162999153137e-02
-1.024644728749990463e-02
7.506617903709411621e-02
3.773379325866699219e-02
-1.808007434010505676e-02
4.106875043362379074e-03
-6.776695698499679565e-02
5.091017112135887146e-02
-1.768736355006694794e-02
-3.020786121487617493e-02
2.573801204562187195e-02
-7.290192693471908569e-02
2.084864675998687744e-02
6.468967348337173462e-02
-2.219110354781150818e-02
-4.198487848043441772e-03
6.206634640693664551e-02
-2.313129790127277374e-02
-5.080439895391464233e-02
3.506029490381479263e-03
4.545579664409160614e-03
-9.326447546482086182e-02
1.990328542888164520e-02
8.834569714963436127e-03
2.468033879995346069e-02
-2.169378846883773804e-02
6.929026544094085693e-02
-5.314704962074756622e-03
4.642660170793533325e-02
-6.141610443592071533e-03
-1.588665181770920753e-03
-1.594166271388530731e-02
-3.847075253725051880e-02
-1.525919605046510696e-02
6.514632701873779297e-02
-8.222664706408977509e-03
-3.252721577882766724e-02
-2.328413724899291992e-02
-1.780712604522705078e-02
-6.189224659465253353e-04
-2.987016737461090088e-02
-1.963293179869651794e-02
-3.890869021415710449e-02
4.666421934962272644e-02
-2.303788438439369202e-02
3.134739818051457405e-03
2.797398902475833893e-02
-3.703806921839714050e-02
-1.688854768872261047e-03
8.056810498237609863e-02
5.167826637625694275e-02
1.858716271817684174e-02
6.885864585638046265e-02
5.025009438395500183e-02
6.859327852725982666e-02
5.027519166469573975e-02
-2.057937672361731529e-03
-2.659224206581711769e-03
-6.652890145778656006e-02
2.757055312395095825e-02
-4.516836628317832947e-02
-2.780360169708728790e-02
1.189584564417600632e-02
-1.396530121564865112e-02
4.731024149805307388e-03
6.799270212650299072e-02
-3.968936204910278320e-02
-2.360686659812927246e-02
-1.846980117261409760e-02
-5.983263254165649414e-02
-5.713925138115882874e-02
-1.373842265456914902e-02
-4.543058946728706360e-02
-2.753178589046001434e-02
-5.724431481212377548e-03
-4.334855452179908752e-02
-5.945968627929687500e-02
-2.626307075843214989e-03
-9.494674205780029297e-02
1.024818643927574158e-01
1.383442711085081100e-02
3.590227570384740829e-03
3.397612273693084717e-02
-4.228327050805091858e-02
2.282227016985416412e-02
8.111788332462310791e-02
4.730751365423202515e-02
-3.719991445541381836e-02
1.751334220170974731e-02
-3.296216716989874840e-03
3.376679494976997375e-02
-4.754628613591194153e-02
6.345748156309127808e-02
-4.810401052236557007e-02
8.327197283506393433e-03
-9.584537893533706665e-02
-1.548784971237182617e-02
-4.149229824542999268e-02
-1.918956870213150978e-03
3.158288821578025818e-02
1.158252451568841934e-02
-4.478365182876586914e-02
-1.136772427707910538e-02
-4.518414288759231567e-02
4.741619154810905457e-02
-1.528884470462799072e-02
5.195750668644905090e-02
-1.268433220684528351e-02
-5.590559914708137512e-02
-3.245648369193077087e-02
-3.930063173174858093e-02
5.015078932046890259e-02
-3.560546785593032837e-03
1.142926663160324097e-01
-3.940287046134471893e-03
-4.452906921505928040e-02
9.042856097221374512e-02
9.601541794836521149e-03
-3.189257532358169556e-02
-4.126609303057193756e-03
-5.122581496834754944e-02
6.508316379040479660e-03
-7.104753702878952026e-02
1.496598473750054836e-03
-9.566185064613819122e-03
3.293531015515327454e-02
-8.526626043021678925e-03
-2.328733913600444794e-02
4.490323737263679504e-02
4.805775731801986694e-02
-2.791210543364286423e-03
-2.170781418681144714e-02
-4.411980137228965759e-02
-2.558287791907787323e-02
2.428863383829593658e-02
3.217421472072601318e-02
4.091989994049072266e-02
4.306314513087272644e-02
3.579813241958618164e-02
5.283375084400177002e-02
-4.189556837081909180e-02
7.581766694784164429e-02
-9.951412677764892578e-03
3.344517573714256287e-02
1.200652960687875748e-02
9.539516642689704895e-03
2.417157776653766632e-02
-4.462862759828567505e-02
3.620528429746627808e-02
-2.896114438772201538e-02
-4.936216026544570923e-02
-3.842340037226676941e-02
-1.459641382098197937e-02
-9.342184290289878845e-03
2.705541439354419708e-02
5.527418479323387146e-02
9.100630134344100952e-02
4.986686166375875473e-03
-4.349359869956970215e-02
-4.465853050351142883e-02
-3.837759420275688171e-02
-3.882980963680893183e-04
-7.644901424646377563e-02
-1.551612373441457748e-02
-1.461553294211626053e-02
5.144099518656730652e-02
7.786536589264869690e-03
4.758382216095924377e-02
-3.838833793997764587e-02
-1.462616585195064545e-02
5.843886639922857285e-03
3.831304842606186867e-03
-1.127906329929828644e-02
-2.674376592040061951e-02
6.187895312905311584e-02
-3.143357485532760620e-02
4.725670069456100464e-02
-2.779847569763660431e-02
-1.648521237075328827e-02
5.142567306756973267e-02
-8.914751559495925903e-02
4.218184389173984528e-03
-2.083639800548553467e-02
-5.544004961848258972e-02
-2.592475526034832001e-02
-2.904381416738033295e-02
1.916767843067646027e-02
7.120632799342274666e-04
5.098709091544151306e-02
-1.968269469216465950e-03
3.531350567936897278e-02
9.144689887762069702e-03
-8.053674362599849701e-03
-6.541340053081512451e-02
-6.601500790566205978e-03
-3.170499810948967934e-03
5.184339242987334728e-04
1.557323429733514786e-02
1.247359625995159149e-02
-4.975709691643714905e-02
-1.513585541397333145e-02
8.942655473947525024e-02
1.025513187050819397e-02
6.297346204519271851e-02
-2.858513966202735901e-02
-6.108104810118675232e-02
1.564509980380535126e-02
2.128385379910469055e-02
1.318786758929491043e-02
-5.249761790037155151e-02
-4.805456381291151047e-03
2.816813439130783081e-02
1.745476969517767429e-03
-7.356098387390375137e-03
1.065597287379205227e-03
8.401203900575637817e-02
5.823219195008277893e-03
3.989715874195098877e-02
4.314083606004714966e-02
-6.753673404455184937e-02
-3.653847426176071167e-02
4.096714314073324203e-03
-4.652167111635208130e-02
-1.131237950176000595e-03
4.358994588255882263e-02
9.786122478544712067e-03
-4.607413336634635925e-02
-5.098027735948562622e-02
-1.927245035767555237e-02
-3.788898885250091553e-02
-9.146961383521556854e-03
6.894184276461601257e-03
-1.691217906773090363e-02
-3.042711317539215088e-02
-6.663101376034319401e-04
-1.368812657892704010e-02
-2.758894301950931549e-02
8.421789854764938354e-03
-2.011796832084655762e-02
6.815449893474578857e-02
3.134667174890637398e-03
-3.554378077387809753e-02
-4.270930960774421692e-02
6.155041977763175964e-02
-4.278864711523056030e-02
-1.295019901590421796e-04
4.983906447887420654e-02
2.988576889038085938e-04
-1.241630176082253456e-03
4.868341237306594849e-02
3.575524315237998962e-02
4.515746608376502991e-03
2.753109484910964966e-02
-3.653747215867042542e-02
3.971741534769535065e-03
1.871499419212341309e-02
9.307262487709522247e-03
-3.896595910191535950e-02
-5.020992830395698547e-02
-1.524832472205162048e-02
-2.572031505405902863e-02
-8.486492186784744263e-02
-5.098176747560501099e-02
-3.449862077832221985e-02
-6.033805012702941895e-02
-6.306792795658111572e-02
5.085722357034683228e-02
2.890705130994319916e-02
4.219317808747291565e-02
3.651275113224983215e-02
-1.423267461359500885e-02
5.093301832675933838e-02
-1.411807257682085037e-03
4.055093228816986084e-02
-2.311826869845390320e-02
6.992407888174057007e-02
-6.017941981554031372e-02
9.704882279038429260e-03
-1.232523843646049500e-02
-1.192115712910890579e-02
-3.830756247043609619e-02
1.933969929814338684e-02
-1.478217169642448425e-02
3.622856736183166504e-02
3.861267864704132080e-02
2.359161898493766785e-02
2.540629939176142216e-04
9.814208000898361206e-02
2.811272628605365753e-02
6.944090873003005981e-02
-1.662773825228214264e-02
-6.680090725421905518e-02
-3.656137362122535706e-02
2.424027770757675171e-02
-2.057663537561893463e-02
5.672282725572586060e-02
3.648909181356430054e-02
3.549607098102569580e-02
-4.497788473963737488e-02
2.136118151247501373e-02
-2.515892870724201202e-02
5.717964470386505127e-02
4.726332426071166992e-02
5.732742324471473694e-02
1.968857087194919586e-02
-2.012888155877590179e-02
4.240981116890907288e-02
-1.342706289142370224e-02
7.424542214721441269e-03
-3.709099814295768738e-02
-9.202650748193264008e-03
2.085456997156143188e-02
5.104897543787956238e-02
-5.699629336595535278e-02
-1.960616931319236755e-02
-3.027167543768882751e-02
2.133093029260635376e-02
4.832364246249198914e-02
-1.189678814262151718e-02
-5.270646139979362488e-02
6.115193245932459831e-04
-1.334066502749919891e-02
-7.990650832653045654e-02
-2.000159397721290588e-02
-5.323390662670135498e-02
-3.531306982040405273e-02
6.677443627268075943e-03
-5.908636748790740967e-02
2.073851972818374634e-02
-2.442487049847841263e-03
3.514042124152183533e-02
-3.202779591083526611e-02
-4.995558783411979675e-02
-1.432831748388707638e-03
-5.305525660514831543e-02
3.656842559576034546e-02
6.069170683622360229e-02
-1.948510482907295227e-02
-6.839472800493240356e-02
7.743094861507415771e-02
4.455711692571640015e-02
-1.080647334456443787e-01
-3.096132166683673859e-02
-3.233859688043594360e-02
4.617879539728164673e-02
1.792923663742840290e-03
9.011986665427684784e-03
1.760293729603290558e-02
-2.204787544906139374e-02
6.509739905595779419e-02
-5.538525059819221497e-02
-8.521090447902679443e-02
2.465461753308773041e-02
-1.241904217749834061e-02
4.487760365009307861e-02
-2.694871509447693825e-04
2.430473826825618744e-02
-1.952963508665561676e-02
5.930376704782247543e-03
4.323024302721023560e-02
-6.500499695539474487e-02
2.906035259366035461e-02
7.527139969170093536e-03
2.103014476597309113e-02
2.765502780675888062e-02
3.032469749450683594e-02
-1.967234350740909576e-02
8.526979945600032806e-03
-3.041579015552997589e-02
4.885238036513328552e-02
2.490177750587463379e-02
-5.404129996895790100e-02
4.909885674715042114e-02
-6.250599026679992676e-02
3.093895316123962402e-02
-3.509996831417083740e-02
-8.480282500386238098e-03
-4.089367017149925232e-02
-3.746504336595535278e-02
7.490731775760650635e-02
1.501465681940317154e-02
-7.701019197702407837e-02
1.238480675965547562e-02
6.514605879783630371e-02
-6.391760706901550293e-02
-4.474309459328651428e-02
8.797912858426570892e-03
6.325960566755384207e-05
-1.738754659891128540e-02
1.825264305807650089e-03
3.171969950199127197e-02
-2.374663203954696655e-02
-7.986884564161300659e-03
8.664305321872234344e-03
2.677109465003013611e-02
-5.035428702831268311e-02
4.382063448429107666e-02
2.102661505341529846e-02
2.353945979848504066e-03
-3.261573240160942078e-02
-2.686097472906112671e-02
4.598735272884368896e-02
-5.941827315837144852e-03
5.037103313952684402e-03
3.739484772086143494e-02
2.203821018338203430e-02
5.590319633483886719e-04
-5.410295724868774414e-02
1.116392761468887329e-02
3.532936796545982361e-02
7.639411836862564087e-03
-7.281701546162366867e-03
-5.568438209593296051e-03
-3.292756527662277222e-02
-5.165074393153190613e-02
-3.763309447094798088e-03
2.658117935061454773e-02
1.853603310883045197e-02
2.798672765493392944e-02
7.736261468380689621e-03
3.475661948323249817e-02
1.936393789947032928e-02
-2.290330454707145691e-02
-2.196933841332793236e-03
1.643255539238452911e-02
2.416159585118293762e-02
-3.720764443278312683e-02
-4.852661862969398499e-03
1.699421927332878113e-02
-5.214603245258331299e-02
2.223156951367855072e-02
-2.892308169975876808e-03
-6.447797268629074097e-02
-6.476873159408569336e-02
-1.006241515278816223e-02
