-2.102007903158664703e-02
-4.628507047891616821e-02
-8.860801905393600464e-02
2.472066320478916168e-02
5.279810354113578796e-02
-3.979005292057991028e-02
-1.002495759166777134e-03
5.868233367800712585e-02
-8.999790251255035400e-02
9.349741041660308838e-02
4.943925887346267700e-02
2.004669047892093658e-02
-2.132425270974636078e-02
-6.354089081287384033e-02
-3.860396891832351685e-02
4.721491411328315735e-02
4.128612927161157131e-04
-1.413650624454021454e-02
-8.743965066969394684e-03
4.624462500214576721e-02
5.769534036517143250e-03
-5.791318137198686600e-03
-5.049325153231620789e-02
8.051283657550811768e-02
2.110143750905990601e-02
5.877264589071273804e-02
-5.473507568240165710e-02
-4.989483952522277832e-02
2.768070250749588013e-02
6.731817126274108887e-02
6.754016131162643433e-02
3.456005826592445374e-02
8.696054667234420776e-02
-5.363278556615114212e-03
3.532545641064643860e-02
-1.123316399753093719e-02
5.772067233920097351e-03
1.275520771741867065e-02
-4.374459385871887207e-02
9.460647404193878174e-02
-6.689683347940444946e-02
7.692476361989974976e-02
-1.293920446187257767e-02
2.222594060003757477e-02
9.490682743489742279e-03
-3.406913205981254578e-02
-2.454157546162605286e-02
9.432729333639144897e-03
6.178498268127441406e-02
7.336467504501342773e-02
7.024165242910385132e-02
-9.712658077478408813e-02
-8.725731458980590105e-05
6.122184172272682190e-02
3.889294341206550598e-02
3.467689827084541321e-02
-2.598291821777820587e-02
-1.043117698282003403e-02
-9.997421875596046448e-03
6.101915496401488781e-04
-3.195963427424430847e-02
6.563981622457504272e-02
7.426498923450708389e-03
6.135671213269233704e-02
1.411438733339309692e-02
-2.369751594960689545e-02
-3.634550422430038452e-02
-6.146131828427314758e-02
-4.680670797824859619e-02
7.228318601846694946e-03
-7.548301015049219131e-03
-1.823773421347141266e-02
2.103367075324058533e-02
-5.783933028578758240e-02
-2.449860237538814545e-02
3.332768753170967102e-02
-2.269882243126630783e-03
-2.847944572567939758e-02
4.750802740454673767e-02
-1.760933664627373219e-03
3.077810257673263550e-02
3.133817762136459351e-02
-2.370117604732513428e-02
-2.391099743545055389e-02
-1.993362978100776672e-02
7.330441474914550781e-02
3.370581939816474915e-02
-1.496600825339555740e-02
6.580472737550735474e-02
-3.339669853448867798e-02
5.954876076430082321e-03
-7.302389293909072876e-02
-1.171842217445373535e-01
1.801905967295169830e-02
3.910455480217933655e-02
2.316192723810672760e-02
2.466995967552065849e-03
-3.208044916391372681e-02
1.173435337841510773e-02
3.981176018714904785e-02
-4.784627631306648254e-02
1.915442198514938354e-02
-6.323678791522979736e-02
-2.060354687273502350e-03
-6.345582753419876099e-02
-1.537039224058389664e-02
6.911159958690404892e-03
-2.376626431941986084e-02
1.269789133220911026e-02
4.372085444629192352e-03
-2.535985782742500305e-03
2.661993168294429779e-02
-8.159222453832626343e-02
-3.011786751449108124e-02
-5.342262797057628632e-03
1.662191376090049744e-02
2.798830904066562653e-02
4.865373671054840088e-02
-9.245382994413375854e-02
-9.904013946652412415e-03
3.129063174128532410e-02
5.115687847137451172e-02
-4.395268112421035767e-02
-2.227678522467613220e-02
4.925043135881423950e-02
4.726115986704826355e-02
-2.378798834979534149e-02
5.630119889974594116e-02
-3.202421963214874268e-02
-8.155692368745803833e-02
1.366360671818256378e-02
2.512289211153984070e-03
3.605366125702857971e-02
7.385271042585372925e-02
-6.768722832202911377e-02
-2.389258705079555511e-02
3.691403195261955261e-02
-6.122600659728050232e-02
-1.372797880321741104e-02
-2.118019387125968933e-02
6.802532821893692017e-02
-7.431448996067047119e-02
5.555614084005355835e-02
2.427466027438640594e-02
4.894825071096420288e-02
-6.669744849205017090e-03
-3.277090936899185181e-02
-9.033884853124618530e-02
1.708034239709377289e-02
1.212365739047527313e-02
-5.415327474474906921e-02
4.223844036459922791e-02
1.459325104951858521e-02
-1.104710102081298828e-01
8.571027778089046478e-03
3.053389675915241241e-02
1.291702594608068466e-02
-3.128019347786903381e-02
-4.980884492397308350e-02
6.154213100671768188e-02
3.690791875123977661e-02
-4.778049141168594360e-02
-8.124426007270812988e-02
-3.268983215093612671e-02
-9.757161885499954224e-02
3.377626091241836548e-02
-6.373820453882217407e-02
3.426275402307510376e-02
-2.029615826904773712e-02
-4.359910637140274048e-02
3.022114001214504242e-02
3.100933134555816650e-02
6.761986017227172852e-02
3.888265043497085571e-02
4.802912101149559021e-02
1.768410019576549530e-02
-5.082537978887557983e-02
4.300389066338539124e-02
-6.313481181859970093e-02
-9.839614480733871460e-02
8.879095315933227539e-02
-5.795092135667800903e-02
-1.866535050794482231e-03
-3.310656547546386719e-02
6.013177707791328430e-02
-5.668568983674049377e-02
-6.552620232105255127e-02
-5.249812453985214233e-02
-5.103035643696784973e-02
-1.463803369551897049e-02
-2.962134219706058502e-02
9.655369818210601807e-02
1.274804919958114624e-01
-6.341787427663803101e-02
-2.702954597771167755e-02
8.244251832365989685e-03
-1.134351175278425217e-02
1.116964500397443771e-02
5.714326351881027222e-02
4.499150440096855164e-02
-5.661038309335708618e-02
-7.288341224193572998e-02
9.169339388608932495e-02
1.049110013991594315e-02
-2.936893142759799957e-03
-2.048868872225284576e-02
3.923339396715164185e-02
-1.195111274719238281e-01
-4.103443399071693420e-02
-1.030633784830570221e-02
7.417085021734237671e-02
-2.991402149200439453e-02
-8.225832879543304443e-02
-1.196927577257156372e-02
-2.999725565314292908e-02
-5.662140436470508575e-03
-6.215872988104820251e-02
-7.210236042737960815e-02
9.146096557378768921e-02
2.290182001888751984e-02
-7.489329576492309570e-02
9.947955608367919922e-03
-8.940337225794792175e-03
-1.047905310988426208e-01
4.723707586526870728e-02
-4.640934243798255920e-02
1.862769573926925659e-02
7.310310844331979752e-03
7.048764079809188843e-02
3.605737583711743355e-04
2.749047242105007172e-03
5.154027789831161499e-02
-5.635213851928710938e-02
8.481430262327194214e-02
5.233211070299148560e-02
1.810511387884616852e-02
3.008106537163257599e-02
4.325192049145698547e-02
-2.008623629808425903e-02
-1.034822538495063782e-01
-1.629239693284034729e-02
7.608013600111007690e-02
8.034554310142993927e-03
-1.080754306167364120e-02
2.263709343969821930e-02
3.158880397677421570e-02
2.488331869244575500e-02
6.861189007759094238e-02
-7.020507752895355225e-02
-3.861862793564796448e-02
-2.007956430315971375e-02
-3.159471228718757629e-02
1.649773865938186646e-02
-3.888767585158348083e-02
6.695810705423355103e-02
-4.039501026272773743e-02
1.183877792209386826e-02
-1.701589860022068024e-02
2.152250707149505615e-02
-2.695215307176113129e-02
-3.843849990516901016e-03
2.928993664681911469e-02
9.976687841117382050e-03
-9.654567576944828033e-03
3.950382396578788757e-02
4.150057211518287659e-02
4.462742805480957031e-02
-3.422396024689078331e-03
-4.655077680945396423e-02
1.757070980966091156e-02
7.471626996994018555e-02
-8.118320256471633911e-02
3.622933477163314819e-02
-4.147834703326225281e-02
-2.602250501513481140e-02
-7.997453212738037109e-03
2.102304948493838310e-03
-8.313639555126428604e-04
9.003186970949172974e-02
-8.473061956465244293e-03
6.658325344324111938e-02
2.358396723866462708e-02
-4.707132279872894287e-02
-7.089249789714813232e-02
-6.536900252103805542e-02
7.453949656337499619e-03
-2.928493544459342957e-03
-1.125782728195190430e-04
2.892038039863109589e-02
-1.782229542732238770e-02
2.643872424960136414e-02
-2.388013526797294617e-03
7.783735636621713638e-03
-1.324792299419641495e-02
6.513658910989761353e-02
3.848578035831451416e-02
-1.086251717060804367e-02
-2.206348814070224762e-03
-1.677636243402957916e-02
-1.111637987196445465e-02
-6.219896674156188965e-02
5.895456415601074696e-04
-5.650053918361663818e-02
-1.398178562521934509e-02
5.524984002113342285e-02
-4.354197904467582703e-02
-8.712498843669891357e-02
-5.149209871888160706e-02
-1.309290155768394470e-02
-8.442794531583786011e-02
-4.088219627737998962e-02
-2.240297617390751839e-03
-2.106277737766504288e-03
-6.369198858737945557e-02
4.218010976910591125e-02
-3.004179103299975395e-03
-4.208252299576997757e-03
3.159178420901298523e-03
-3.005543909966945648e-02
1.110939402133226395e-02
-1.343450602144002914e-02
7.967055588960647583e-02
-7.315853238105773926e-02
-6.319022923707962036e-02
-1.398976775817573071e-03
-1.513172127306461334e-02
-2.163618057966232300e-02
-1.991667225956916809e-02
-1.324861962348222733e-02
2.069725282490253448e-02
1.891968958079814911e-02
3.914193436503410339e-02
-1.319151837378740311e-03
5.662511289119720459e-02
-5.460193753242492676e-02
-1.891729235649108887e-02
5.329912528395652771e-02
1.200282014906406403e-03
6.550151854753494263e-03
-8.589685708284378052e-02
7.281915843486785889e-02
-2.967307344079017639e-03
4.406116437166929245e-03
-1.476900745183229446e-02
-6.437180191278457642e-02
2.067114412784576416e-02
7.139097899198532104e-02
-5.085076671093702316e-03
-1.520293671637773514e-02
1.290516369044780731e-02
-2.517312578856945038e-02
-1.902990043163299561e-02
-7.534732110798358917e-03
1.394069753587245941e-03
-5.613960325717926025e-02
-1.006277371197938919e-02
-5.843634158372879028e-02
-5.050681903958320618e-02
-2.908672904595732689e-03
-6.629311293363571167e-02
-3.497034311294555664e-02
-4.995228257030248642e-03
6.207004934549331665e-02
-1.164826378226280212e-01
1.241388544440269470e-02
1.614619977772235870e-02
4.526741430163383484e-02
-3.342058334965258837e-04
-5.321400240063667297e-02
1.023639068007469177e-01
-7.003215700387954712e-02
-1.344726514071226120e-02
8.181385695934295654e-02
-5.209065601229667664e-02
4.318540915846824646e-02
-3.819662611931562424e-03
4.236079752445220947e-02
5.052221938967704773e-03
-4.941807687282562256e-02
3.847170248627662659e-02
-3.811434842646121979e-03
5.320817697793245316e-03
-7.545736618340015411e-03
6.358837126754224300e-04
2.403664402663707733e-02
2.170573547482490540e-02
1.942337304353713989e-02
-2.878700196743011475e-02
-6.090490892529487610e-02
-7.353235036134719849e-02
-9.042607992887496948e-02
-3.404600173234939575e-02
-9.653313457965850830e-02
-1.961410790681838989e-02
-3.152773529291152954e-02
5.890824645757675171e-02
5.374566465616226196e-02
-6.803224794566631317e-03
-2.859018929302692413e-02
4.234155640006065369e-02
5.309526994824409485e-02
-2.198800258338451385e-02
-3.417943045496940613e-02
4.509876016527414322e-03
5.925359949469566345e-02
4.449861124157905579e-02
9.435112774372100830e-02
-1.726423017680644989e-02
-1.971148326992988586e-02
4.640833660960197449e-02
3.505067899823188782e-02
-4.818521812558174133e-02
2.901351638138294220e-02
-6.343966722488403320e-02
-1.629817858338356018e-02
-2.166363410651683807e-02
-6.313997507095336914e-02
-2.055733092129230499e-02
-1.161952838301658630e-01
5.518903955817222595e-02
9.344783611595630646e-03
-3.457222878932952881e-02
-9.525566548109054565e-02
-3.171205893158912659e-02
3.509671613574028015e-02
6.254087388515472412e-02
1.129703819751739502e-01
-5.350393429398536682e-02
-4.671303182840347290e-02
-2.194921672344207764e-02
8.143584430217742920e-02
-8.186900988221168518e-03
-6.475877016782760620e-02
1.065656822174787521e-02
-4.944700747728347778e-02
6.117871031165122986e-02
-7.528185844421386719e-02
-6.643383204936981201e-02
5.838942527770996094e-02
3.479584306478500366e-02
-1.529026404023170471e-02
2.247081138193607330e-02
-2.168776467442512512e-02
-6.186044216156005859e-02
-7.019391655921936035e-02
4.612681269645690918e-02
7.613541092723608017e-03
1.260735839605331421e-02
6.339414417743682861e-02
4.314693436026573181e-02
-5.121577158570289612e-02
-3.794423490762710571e-02
-1.087770760059356689e-01
6.483790278434753418e-02
3.723276406526565552e-02
5.608349293470382690e-02
-2.421608753502368927e-02
-5.622510239481925964e-02
-3.152346983551979065e-02
-4.542647302150726318e-02
8.460487239062786102e-03
1.001589931547641754e-02
1.180737186223268509e-02
4.236195236444473267e-02
-9.113688766956329346e-02
-1.700401306152343750e-03
-3.306718915700912476e-02
1.996911689639091492e-02
-5.806250497698783875e-03
-5.569062009453773499e-02
-7.739059161394834518e-03
5.551221221685409546e-02
1.365224272012710571e-02
9.863503277301788330e-02
5.025098565965890884e-03
9.855938842520117760e-04
-1.028070505708456039e-02
1.078469231724739075e-01
-6.182260066270828247e-02
-3.115009143948554993e-02
-1.895168423652648926e-02
4.167959839105606079e-02
9.994438290596008301e-02
-1.777482777833938599e-02
-6.365966517478227615e-03
1.057086214423179626e-01
-6.725209206342697144e-02
-2.568360604345798492e-02
5.392260104417800903e-02
5.669736303389072418e-03
-3.076539374887943268e-02
-3.100201115012168884e-02
-2.535947039723396301e-02
1.217402424663305283e-02
-8.069605566561222076e-03
-3.779039904475212097e-02
6.259885430335998535e-02
1.189764309674501419e-02
-4.149682447314262390e-02
-3.708238527178764343e-02
-5.204090848565101624e-02
7.056532427668571472e-03
5.598191171884536743e-02
-5.734691768884658813e-02
3.552805259823799133e-02
-2.580938860774040222e-02
-3.835748508572578430e-02
-2.083329297602176666e-02
-1.562471222132444382e-02
1.617385074496269226e-02
3.973463922739028931e-02
4.703936353325843811e-02
-1.562706194818019867e-02
2.960604615509510040e-02
-3.760263323783874512e-02
-9.313650429248809814e-03
7.670099381357431412e-03
-9.210677444934844971e-02
-3.138565272092819214e-02
4.732852429151535034e-02
-1.021130103617906570e-02
-1.659158430993556976e-02
1.284155528992414474e-02
-1.899722591042518616e-02
-2.160669863224029541e-02
-2.283924259245395660e-02
-4.474890604615211487e-02
-5.244987830519676208e-02
1.523071248084306717e-02
4.572652652859687805e-02
3.863612562417984009e-02
1.810307428240776062e-02
6.631584465503692627e-02
8.147715777158737183e-02
-3.002782724797725677e-02
-2.441365085542201996e-02
4.560842365026473999e-02
-1.249066088348627090e-02
-4.703218117356300354e-02
1.066614538431167603e-01
4.044894129037857056e-02
-1.329632997512817383e-01
-2.908506430685520172e-02
3.505138680338859558e-03
-1.153040677309036255e-02
3.048642911016941071e-02
6.119313091039657593e-02
6.955961138010025024e-02
4.153299331665039062e-02
-4.247691482305526733e-03
-6.006504222750663757e-02
2.278129942715167999e-02
6.638646591454744339e-03
-9.646469354629516602e-02
2.800603210926055908e-02
9.712271392345428467e-02
7.749334722757339478e-02
1.715378649532794952e-02
-1.581641845405101776e-02
6.055806577205657959e-02
-1.470425631850957870e-02
5.511422827839851379e-02
-9.675812907516956329e-03
-1.841080002486705780e-02
1.498943194746971130e-02
9.757596999406814575e-03
1.441997941583395004e-02
-1.113126873970031738e-01
-3.611643239855766296e-02
3.935934975743293762e-02
5.492826178669929504e-02
-1.037102192640304565e-01
6.365240365266799927e-02
-3.179735317826271057e-02
2.286112867295742035e-02
-2.121139690279960632e-02
2.436999045312404633e-02
-5.037988722324371338e-02
2.424411661922931671e-02
9.441971778869628906e-03
-7.911878637969493866e-03
2.365209721028804779e-02
-3.389093279838562012e-02
2.285561524331569672e-02
-8.893062919378280640e-02
-3.535232692956924438e-02
-3.361946716904640198e-02
1.329765170812606812e-01
-3.800971433520317078e-03
-2.828646451234817505e-02
8.562498725950717926e-03
1.510724797844886780e-02
-7.550279796123504639e-02
6.287676841020584106e-02
6.821229588240385056e-03
-3.829975798726081848e-02
-3.829881548881530762e-02
2.096375636756420135e-02
1.195311769843101501e-01
-8.558013290166854858e-02
7.649323903024196625e-03
-1.050641201436519623e-02
-5.455544590950012207e-02
-2.369193173944950104e-02
3.293196484446525574e-02
-6.855726242065429688e-02
8.868061751127243042e-02
-2.982321940362453461e-02
8.365201205015182495e-02
1.100483164191246033e-01
-3.578364849090576172e-03
-2.419263124465942383e-03
3.126965835690498352e-02
-6.496576964855194092e-02
2.238412015140056610e-02
-4.067342728376388550e-02
-1.057719886302947998e-01
-9.692822583019733429e-03
4.595234245061874390e-02
-3.485926240682601929e-02
-7.529751211404800415e-02
-2.939913049340248108e-02
7.773156464099884033e-02
3.002282418310642242e-02
3.430968895554542542e-02
-3.387058526277542114e-02
-8.350437507033348083e-03
9.356189519166946411e-02
4.065725207328796387e-02
-4.690730129368603230e-04
-2.544488944113254547e-02
3.237674012780189514e-02
-2.245409414172172546e-03
-3.793080523610115051e-02
-1.211726106703281403e-02
1.081479806452989578e-02
6.797133386135101318e-02
-1.515182293951511383e-02
8.912573754787445068e-02
5.225940141826868057e-03
6.733267009258270264e-02
-8.038849569857120514e-03
8.273643441498279572e-03
-9.027871303260326385e-03
-6.384649127721786499e-02
6.265322864055633545e-02
-4.025724530220031738e-02
-4.682911932468414307e-02
1.603255607187747955e-02
7.287257164716720581e-02
7.674320787191390991e-02
-8.700217306613922119e-02
-4.034290090203285217e-02
3.247677907347679138e-02
8.974038064479827881e-03
-5.972477048635482788e-02
3.541575744748115540e-02
-4.508287832140922546e-02
-7.377391215413808823e-03
-8.389602601528167725e-02
3.455084934830665588e-02
1.674425601959228516e-02
-2.121695503592491150e-02
2.920874580740928650e-02
7.771583646535873413e-02
4.909242689609527588e-02
3.753899410367012024e-02
-2.643265062943100929e-03
-8.263444155454635620e-02
4.854883253574371338e-02
1.018139626830816269e-02
-4.935234040021896362e-02
2.447910979390144348e-02
2.781520830467343330e-03
-3.876713663339614868e-02
1.092021848307922482e-04
4.601517319679260254e-02
-7.360963616520166397e-03
-6.755595654249191284e-02
1.091805100440979004e-01
-3.281525522470474243e-02
-4.723489657044410706e-02
7.949306815862655640e-02
-1.222781371325254440e-02
5.479938164353370667e-02
4.716732539236545563e-03
-5.954783037304878235e-02
-2.085382863879203796e-02
7.780455797910690308e-02
-8.326593041419982910e-02
2.427859604358673096e-02
-1.906661689281463623e-02
-5.260581150650978088e-02
4.403951391577720642e-02
4.707185178995132446e-02
2.513000741600990295e-02
-1.906012929975986481e-02
-1.095479447394609451e-02
-2.143715135753154755e-02
5.207864195108413696e-02
-7.505388557910919189e-02
-6.869181245565414429e-02
-2.153852023184299469e-02
-3.791060671210289001e-02
-7.964933663606643677e-02
2.628207206726074219e-02
-7.211063057184219360e-02
4.997085407376289368e-02
-9.372618980705738068e-03
-3.507258370518684387e-02
3.014034219086170197e-02
1.451646722853183746e-02
-7.767219841480255127e-02
-2.276777103543281555e-02
-7.178134471178054810e-02
-1.053947955369949341e-02
-1.465998776257038116e-02
7.599800825119018555e-02
6.534876674413681030e-02
3.995282202959060669e-02
-1.020258218050003052e-01
-2.915670629590749741e-03
-8.776769973337650299e-03
4.925143718719482422e-02
1.058091409504413605e-02
6.262560188770294189e-02
2.069307677447795868e-02
-1.376728620380163193e-02
-6.097744777798652649e-02
-2.859149500727653503e-02
3.452276065945625305e-02
-5.123815312981605530e-02
-1.058314926922321320e-02
-1.040670350193977356e-01
1.040698736906051636e-01
1.766413636505603790e-02
-3.537333011627197266e-02
-2.101729856804013252e-03
-5.532656610012054443e-02
1.195287983864545822e-02
2.614301256835460663e-02
3.881498798727989197e-02
7.028799969702959061e-03
-1.971497572958469391e-02
3.627204522490501404e-02
1.466556079685688019e-02
-7.828086614608764648e-02
-3.576413542032241821e-02
1.301811076700687408e-02
-7.206147909164428711e-02
3.158587787766009569e-04
7.581683248281478882e-02
-3.284845128655433655e-02
1.340725086629390717e-02
-3.381957858800888062e-02
-1.977636106312274933e-02
-7.321464829146862030e-03
2.058131061494350433e-02
3.448228165507316589e-02
-1.013882551342248917e-02
-6.775272078812122345e-03
-8.522809296846389771e-02
-3.049645759165287018e-02
3.894894942641258240e-02
9.694522619247436523e-02
9.227307140827178955e-02
2.643000893294811249e-02
2.457179687917232513e-02
2.941386029124259949e-02
3.008271753787994385e-02
-4.846224933862686157e-02
1.671502366662025452e-02
-9.079433046281337738e-03
4.809860512614250183e-02
-6.892725825309753418e-02
-6.612769793719053268e-03
-5.894708633422851562e-02
-2.872773818671703339e-02
-4.038702324032783508e-02
7.729538250714540482e-03
3.170096501708030701e-02
-4.715885221958160400e-02
-7.069348543882369995e-02
-4.607792571187019348e-02
-3.689858689904212952e-02
9.651152417063713074e-03
1.003998145461082458e-02
-4.813684523105621338e-02
8.577554672956466675e-02
2.149304933845996857e-02
-1.901063509285449982e-02
3.823102638125419617e-02
-1.753610558807849884e-02
3.458895534276962280e-02
-7.315932959318161011e-02
1.403293944895267487e-02
7.226888090372085571e-02
1.964236982166767120e-02
-3.392727300524711609e-02
1.961851678788661957e-02
-6.100284680724143982e-02
7.967503368854522705e-02
-8.004451543092727661e-02
1.218779664486646652e-02
3.816622123122215271e-02
4.761400818824768066e-02
-2.629819139838218689e-02
-9.112787432968616486e-03
2.109212800860404968e-02
4.828304797410964966e-02
-5.829620361328125000e-02
-4.542875662446022034e-02
-2.208719030022621155e-02
-2.471254393458366394e-02
-7.543867081403732300e-02
-1.455003395676612854e-02
1.961679663509130478e-03
3.488015756011009216e-02
1.325972564518451691e-02
-1.222080551087856293e-03
-1.055112183094024658e-01
8.448086678981781006e-03
1.095925178378820419e-02
-6.059649586677551270e-02
-8.891373872756958008e-03
-7.488553971052169800e-02
1.628225483000278473e-02
1.521434448659420013e-02
-7.502759341150522232e-03
1.064545512199401855e-01
6.052127107977867126e-02
1.234292332082986832e-02
3.502164036035537720e-02
-2.443970367312431335e-02
-4.946205019950866699e-02
7.708711922168731689e-02
6.489985436201095581e-02
-3.548037027940154076e-03
-5.362707749009132385e-02
1.159927770495414734e-01
3.369686752557754517e-02
1.229958981275558472e-02
9.158539026975631714e-02
-9.012334980070590973e-03
-9.353327006101608276e-02
-2.699507458601146936e-04
-7.848593406379222870e-03
-6.169452518224716187e-02
-2.164476551115512848e-02
3.304322017356753349e-03
-4.193436726927757263e-02
-7.961864583194255829e-03
4.087546374648809433e-03
-7.460958324372768402e-03
9.267564862966537476e-03
2.506698295474052429e-02
-4.928469285368919373e-02
1.882711611688137054e-02
-1.749496906995773315e-02
-6.509754806756973267e-02
-2.732752449810504913e-02
-1.092660948634147644e-01
6.560457497835159302e-02
9.740361943840980530e-03
-4.363758489489555359e-02
5.918301641941070557e-02
1.324675697833299637e-02
4.568964242935180664e-03
-7.284835726022720337e-02
6.388075649738311768e-02
-8.443044871091842651e-02
2.984130941331386566e-02
-5.735027417540550232e-02
-4.081353917717933655e-02
-5.172974988818168640e-02
-2.277621068060398102e-02
6.222872808575630188e-02
-4.625644534826278687e-02
-4.938176274299621582e-02
4.516290500760078430e-02
4.698873683810234070e-02
3.404867369681596756e-03
7.953748852014541626e-02
2.944233641028404236e-02
2.664387784898281097e-02
2.564767375588417053e-02
4.935825988650321960e-02
-2.725214511156082153e-02
9.657190181314945221e-03
7.051019370555877686e-02
1.350771356374025345e-02
-7.486741989850997925e-02
-1.112810149788856506e-01
6.143162958323955536e-03
1.730034314095973969e-02
-3.060127422213554382e-02
4.079591482877731323e-02
-1.605531014502048492e-02
2.829645015299320221e-02
-3.229976445436477661e-02
-2.137086354196071625e-02
4.001744091510772705e-02
-1.441166549921035767e-02
-1.028619632124900818e-01
1.192981675267219543e-01
-5.597992613911628723e-02
-4.479768127202987671e-02
1.497789844870567322e-02
6.023967266082763672e-02
-3.694025799632072449e-02
-5.928485468029975891e-02
1.224084012210369110e-02
2.245235443115234375e-02
4.966182634234428406e-02
-3.409070149064064026e-02
-2.408878132700920105e-02
-1.831524446606636047e-02
6.880489736795425415e-02
2.101089060306549072e-02
2.620369940996170044e-02
3.394673764705657959e-02
-9.062011539936065674e-02
-4.332913085818290710e-02
1.584441214799880981e-02
-1.461376342922449112e-02
-1.682021841406822205e-02
5.910123884677886963e-02
3.037663176655769348e-03
-5.274433642625808716e-02
-3.444146737456321716e-02
5.151067394763231277e-03
2.043847553431987762e-02
-9.664964163675904274e-04
2.690945006906986237e-02
1.255180221050977707e-03
8.774808049201965332e-02
-3.137081488966941833e-02
2.816620841622352600e-02
-3.714225068688392639e-02
4.126575216650962830e-02
5.606902018189430237e-02
-6.206683465279638767e-04
5.185871850699186325e-03
5.220668390393257141e-02
2.487679943442344666e-02
-5.348226521164178848e-03
1.220983918756246567e-02
4.681359604001045227e-02
-3.527496382594108582e-02
-6.292472034692764282e-02
6.396925449371337891e-02
2.882595732808113098e-02
6.400317698717117310e-02
6.588777154684066772e-02
1.186160594224929810e-01
-1.123220659792423248e-02
-1.390166301280260086e-02
2.461287006735801697e-02
-6.670479476451873779e-02
-7.475397083908319473e-03
6.183043867349624634e-02
-7.214446365833282471e-02
-2.690497599542140961e-02
-6.035070866346359253e-02
3.556536138057708740e-02
8.201016485691070557e-02
-9.517849981784820557e-02
-1.218945439904928207e-02
8.028368651866912842e-02
-5.113984271883964539e-02
-3.070955350995063782e-02
5.365629866719245911e-02
9.888690710067749023e-02
-4.058295115828514099e-02
-3.710324317216873169e-02
-5.345494952052831650e-03
-7.368668168783187866e-02
-2.684834413230419159e-02
5.605716258287429810e-02
-7.006802409887313843e-02
3.324251249432563782e-02
3.599170595407485962e-02
-2.412182651460170746e-02
-5.100934579968452454e-02
-5.678166076540946960e-02
6.877908855676651001e-02
-5.378378927707672119e-02
-6.577673368155956268e-03
-4.242668300867080688e-02
4.728162661194801331e-02
-7.765619084239006042e-03
-4.324185661971569061e-03
-3.409116342663764954e-02
-2.698407508432865143e-02
2.332471311092376709e-02
4.105442389845848083e-02
-3.460344672203063965e-02
-9.240023791790008545e-03
-5.612261965870857239e-02
2.291124314069747925e-02
2.253623120486736298e-02
-9.862743318080902100e-03
8.128632791340351105e-03
5.317126214504241943e-02
7.174669206142425537e-02
2.310238406062126160e-02
-5.528326705098152161e-02
-3.369350731372833252e-02
1.017687395215034485e-01
-1.375029422342777252e-02
-5.969066172838211060e-02
3.737174719572067261e-02
2.711021900177001953e-02
2.527059242129325867e-02
6.739271432161331177e-02
-3.670869860798120499e-03
-4.907495528459548950e-02
2.590170688927173615e-02
-1.235123071819543839e-02
-5.884796753525733948e-02
-2.909317798912525177e-02
4.664208739995956421e-02
-5.253730807453393936e-03
2.784448303282260895e-02
