-6.186246406286954880e-03
-2.117611281573772430e-02
6.663581822067499161e-03
-1.342959981411695480e-02
-1.167913433164358139e-02
1.437654905021190643e-02
2.015184983611106873e-02
-4.779649432748556137e-03
-2.184192882850766182e-03
4.510917142033576965e-02
-5.654130131006240845e-02
-5.535358563065528870e-02
-2.398105897009372711e-02
-2.803464233875274658e-02
1.985001564025878906e-02
3.028518892824649811e-02
7.157153636217117310e-02
-5.566629767417907715e-02
9.189005941152572632e-03
2.276649326086044312e-02
4.614635929465293884e-02
-3.920569550246000290e-03
-1.353339385241270065e-02
2.312037721276283264e-02
1.006606128066778183e-02
2.778646722435951233e-02
-6.275764107704162598e-02
-6.264158058911561966e-03
-5.015787109732627869e-02
3.447644039988517761e-02
-2.502670884132385254e-02
-2.012387290596961975e-02
-3.640827909111976624e-02
-3.219322860240936279e-02
-1.402244437485933304e-02
-2.256332337856292725e-02
-2.635278552770614624e-02
4.325615707784891129e-03
-4.990736488252878189e-03
-5.509677901864051819e-02
2.222580835223197937e-02
-4.027502983808517456e-02
-2.198111079633235931e-02
-4.991576448082923889e-02
3.772468492388725281e-02
-1.249228604137897491e-02
4.299797862768173218e-02
-2.934650518000125885e-02
-6.731085944920778275e-03
-2.074695006012916565e-02
6.738326512277126312e-03
4.615896567702293396e-02
1.709905639290809631e-02
-1.653804443776607513e-02
2.670137584209442139e-02
-3.201217204332351685e-02
-3.850021585822105408e-02
1.840858161449432373e-02
-1.305428054183721542e-02
1.726260222494602203e-02
-1.323268841952085495e-02
-1.540964469313621521e-02
-3.442488983273506165e-02
2.909377589821815491e-02
-2.641124464571475983e-02
3.603382408618927002e-02
2.906796708703041077e-02
1.068979948759078979e-01
-8.756646513938903809e-02
-4.629194363951683044e-02
-4.511771351099014282e-02
-1.629137201234698296e-03
-5.579762905836105347e-02
2.180315926671028137e-02
-3.366887941956520081e-02
4.322521388530731201e-03
-3.654694184660911560e-02
-3.366788383573293686e-03
-4.751902818679809570e-02
-4.652410373091697693e-02
-4.323976486921310425e-02
2.545425295829772949e-02
-5.481662228703498840e-02
5.297058448195457458e-02
-4.740340169519186020e-03
-2.766568912193179131e-03
6.981209665536880493e-02
-4.051283933222293854e-03
1.915546879172325134e-02
4.048096016049385071e-02
-9.534402936697006226e-02
4.514986276626586914e-02
-1.244647707790136337e-02
-1.457071211189031601e-02
-2.886377461254596710e-02
-3.553846850991249084e-02
4.808345809578895569e-03
6.759853102266788483e-03
-2.540639787912368774e-02
-8.679097518324851990e-03
-3.129661828279495239e-02
6.492812186479568481e-02
-5.497071426361799240e-03
2.123745158314704895e-02
1.168208383023738861e-02
3.595314919948577881e-02
1.223006006330251694e-02
9.304707497358322144e-02
-3.587834164500236511e-02
-5.716054141521453857e-02
-6.679411977529525757e-02
-5.262663215398788452e-02
8.792397566139698029e-03
-3.405194357037544250e-02
6.964742392301559448e-02
1.015704870223999023e-01
4.931556526571512222e-03
-9.510532766580581665e-02
-6.848523020744323730e-02
-3.478338196873664856e-02
-4.019322618842124939e-02
-1.502131205052137375e-02
-2.341688610613346100e-02
-2.013798244297504425e-02
-6.186131387948989868e-03
5.857134982943534851e-02
3.213644400238990784e-02
-1.395205035805702209e-02
3.075493127107620239e-02
6.820138543844223022e-02
-1.182511076331138611e-02
-2.318328991532325745e-02
-9.890674613416194916e-03
-1.583220437169075012e-03
1.243976969271898270e-02
-8.141665719449520111e-03
3.990869969129562378e-02
2.504843287169933319e-02
-9.196591563522815704e-04
5.248663364909589291e-04
5.463899672031402588e-02
2.217652089893817902e-02
-2.663707919418811798e-02
-2.527460455894470215e-02
1.227201893925666809e-02
1.512054819613695145e-02
-1.599230803549289703e-02
3.595804423093795776e-02
4.688846692442893982e-02
2.602423354983329773e-02
-5.743521614931523800e-04
-2.891911007463932037e-02
3.206225857138633728e-02
-2.591827511787414551e-02
3.007649257779121399e-02
-3.009163588285446167e-02
1.009547188878059387e-01
-1.603864319622516632e-02
5.915593355894088745e-02
2.227893099188804626e-03
2.204061858355998993e-02
1.804909110069274902e-02
4.173878580331802368e-02
-5.609030276536941528e-02
9.513372555375099182e-03
-4.099911078810691833e-02
-6.408121436834335327e-02
7.417006790637969971e-02
2.957082912325859070e-02
-3.781553730368614197e-02
-3.902201354503631592e-02
6.630943622440099716e-03
-6.193905323743820190e-02
-2.080904319882392883e-02
-1.190904621034860611e-02
8.561689406633377075e-02
2.289050258696079254e-02
2.881782874464988708e-02
-1.932254247367382050e-02
8.128325641155242920e-02
3.413485735654830933e-02
-2.675144560635089874e-02
-6.208382174372673035e-02
-7.215839624404907227e-02
3.649142384529113770e-02
3.585942462086677551e-02
2.018725126981735229e-02
5.243545025587081909e-02
5.376290995627641678e-03
-6.556820590049028397e-03
7.125041447579860687e-03
2.493474446237087250e-02
-1.025181147269904613e-03
4.570775199681520462e-03
-2.721050567924976349e-02
9.014867991209030151e-02
2.151026576757431030e-02
3.544521704316139221e-02
-1.550679467618465424e-02
3.337315097451210022e-02
-1.988574489951133728e-02
-3.043586947023868561e-02
-7.160876877605915070e-03
-1.488147396594285965e-02
2.800023416057229042e-03
3.458098974078893661e-03
7.485712878406047821e-03
-1.608360558748245239e-02
-5.154546722769737244e-02
8.720084093511104584e-03
-3.707608580589294434e-02
-9.870218485593795776e-02
5.543509963899850845e-03
-1.393156219273805618e-02
1.337911840528249741e-02
-4.888339433819055557e-03
-4.114556685090065002e-02
5.183438211679458618e-02
-3.989750146865844727e-02
-2.434903569519519806e-02
1.354790665209293365e-02
7.815065793693065643e-03
3.232826665043830872e-02
7.943939999677240849e-04
-5.247335135936737061e-02
-1.047422438859939575e-01
-3.077602386474609375e-02
-3.478327393531799316e-02
-5.570547655224800110e-02
-3.878810210153460503e-03
-1.908812671899795532e-02
-3.186391899362206459e-03
-5.583457183092832565e-03
-1.884355582296848297e-02
-7.960939779877662659e-03
5.772197619080543518e-02
1.504600513726472855e-02
3.210064768791198730e-02
6.634130328893661499e-02
-8.680997788906097412e-02
2.604073658585548401e-02
-1.599866338074207306e-02
7.437609881162643433e-02
-6.389257311820983887e-02
-1.051263511180877686e-02
-3.517526388168334961e-02
-3.206567373126745224e-03
-1.700246706604957581e-02
2.392815425992012024e-02
-4.747576639056205750e-02
9.268165566027164459e-03
-1.389223034493625164e-03
-3.720575198531150818e-02
-3.576301410794258118e-02
-6.756163202226161957e-03
-8.418425917625427246e-02
-5.233672261238098145e-02
-3.682731091976165771e-02
4.376478493213653564e-02
6.940591335296630859e-02
4.548281896859407425e-03
6.186399236321449280e-02
3.807549132034182549e-03
-1.006851270794868469e-01
-6.959228217601776123e-02
-5.074225738644599915e-02
-1.653375662863254547e-02
-5.362366791814565659e-03
-1.296870317310094833e-02
5.744371563196182251e-02
8.316018432378768921e-02
-1.284555066376924515e-02
7.898389361798763275e-03
8.826759643852710724e-03
-4.704719781875610352e-02
3.267147764563560486e-02
1.943363808095455170e-02
-3.728732466697692871e-02
-1.853951998054981232e-02
-1.449938211590051651e-02
5.299191689118742943e-04
-1.062513981014490128e-02
-2.170524001121520996e-02
-4.033619165420532227e-02
1.677339023444801569e-04
2.871108008548617363e-04
-5.210170987993478775e-03
-3.399276407435536385e-03
-3.839252144098281860e-02
8.652960509061813354e-02
-3.772274777293205261e-02
1.851910166442394257e-02
2.277571521699428558e-02
4.989296197891235352e-03
-3.169148229062557220e-03
-2.954162657260894775e-02
-4.354084841907024384e-03
2.447131648659706116e-02
1.752595603466033936e-02
-9.534807503223419189e-02
3.784030303359031677e-02
4.635852575302124023e-02
1.256985031068325043e-02
-1.525488216429948807e-02
-4.749782755970954895e-02
4.310589283704757690e-02
-8.155021816492080688e-03
-3.221284598112106323e-02
9.821132570505142212e-02
-6.325455754995346069e-02
-5.463543348014354706e-03
1.318231970071792603e-02
1.919694431126117706e-02
-9.311340004205703735e-02
9.062911570072174072e-02
-3.694048523902893066e-02
2.537026815116405487e-02
-3.002800419926643372e-02
-2.796146832406520844e-02
-1.442119292914867401e-02
-2.397993952035903931e-02
-7.894928753376007080e-02
1.299815811216831207e-02
-1.124126389622688293e-01
-1.597062684595584869e-03
2.195399813354015350e-02
-5.087789520621299744e-02
-3.904439136385917664e-02
-6.506761419586837292e-04
-1.309183705598115921e-02
2.174022793769836426e-02
-2.455096319317817688e-02
3.654877841472625732e-02
-2.111155726015567780e-02
-3.147764503955841064e-02
-3.490357659757137299e-03
-4.392974451184272766e-02
-5.403544008731842041e-02
-1.118343789130449295e-02
5.411582067608833313e-02
2.226422354578971863e-02
-3.975636139512062073e-02
-3.718144074082374573e-02
-2.113974094390869141e-02
-1.153401378542184830e-02
-1.063901744782924652e-02
1.780635677278041840e-02
-3.211961593478918076e-03
-4.777299705892801285e-03
5.906570702791213989e-02
-8.310577273368835449e-02
-6.966497749090194702e-02
-4.018324241042137146e-02
3.068652004003524780e-02
-6.779381632804870605e-02
6.525958888232707977e-03
1.069602463394403458e-02
2.225427515804767609e-02
-3.835686249658465385e-03
-1.662712357938289642e-02
2.938879281282424927e-02
5.025107786059379578e-02
3.470101207494735718e-02
-3.900091350078582764e-02
-1.104487292468547821e-02
-3.780378494411706924e-03
-1.582648046314716339e-02
1.026663091033697128e-02
6.081481277942657471e-02
-3.531387448310852051e-02
-5.108875781297683716e-02
4.455342143774032593e-02
-2.423007600009441376e-02
6.050505861639976501e-02
1.888360083103179932e-02
-3.891861811280250549e-02
4.842997714877128601e-02
-2.646835520863533020e-02
2.141407690942287445e-02
8.861016482114791870e-02
6.824046722613275051e-04
-9.619153290987014771e-02
4.724665731191635132e-02
-8.479236857965588570e-04
3.225633502006530762e-02
-3.171223402023315430e-02
2.206473582191392779e-04
-3.399856388568878174e-02
7.172807119786739349e-03
-5.128854885697364807e-02
7.910354435443878174e-02
1.889711804687976837e-02
-4.397125542163848877e-02
5.305347591638565063e-02
5.587618052959442139e-02
-1.956690289080142975e-02
-4.921424761414527893e-02
-4.084986820816993713e-02
-4.641892015933990479e-02
3.710660710930824280e-02
5.928452685475349426e-02
9.992465376853942871e-03
-2.276603132486343384e-02
5.285543375066481531e-05
4.996722191572189331e-02
7.437980920076370239e-02
4.021580517292022705e-02
-3.903242945671081543e-02
-3.076506406068801880e-02
-5.303631350398063660e-02
4.274958744645118713e-03
1.069590356200933456e-02
-6.913728266954421997e-02
-2.181625925004482269e-02
4.706161562353372574e-03
2.156642824411392212e-02
2.443621307611465454e-02
-3.666588664054870605e-02
-5.533285066485404968e-02
4.754148796200752258e-02
-4.014009144157171249e-03
1.168399117887020111e-02
-1.041219104081392288e-02
1.869641058146953583e-02
-2.336383424699306488e-02
-4.459468182176351547e-03
-1.365788932889699936e-02
2.503882907330989838e-02
-1.501835184171795845e-03
-8.554180152714252472e-03
-2.126055210828781128e-02
9.415355511009693146e-03
7.064793258905410767e-02
3.509950824081897736e-03
1.020022551529109478e-03
7.952888496220111847e-03
-7.384788990020751953e-02
3.822032595053315163e-04
-4.934196919202804565e-02
5.945185199379920959e-02
-6.099620833992958069e-02
4.815714433789253235e-02
-5.340254679322242737e-02
-5.126904696226119995e-02
-1.934167556464672089e-02
-3.236731514334678650e-02
-5.567322485148906708e-03
1.197605207562446594e-02
-3.085707779973745346e-03
3.695930168032646179e-02
4.954012855887413025e-02
-8.102365769445896149e-03
-2.007501386106014252e-02
3.964480385184288025e-02
3.585204482078552246e-03
-6.596843153238296509e-02
-4.674577713012695312e-02
5.609976500272750854e-02
4.020527005195617676e-02
-5.868382751941680908e-02
2.408244088292121887e-02
2.724762633442878723e-02
6.986946798861026764e-03
-1.109650544822216034e-02
-1.746324263513088226e-02
-1.720366440713405609e-02
-1.650016754865646362e-02
1.089380029588937759e-02
-4.444212093949317932e-02
1.799296773970127106e-02
-1.268099807202816010e-02
-5.402270331978797913e-02
-3.322248533368110657e-02
-8.704537898302078247e-02
-6.686656177043914795e-02
3.279345110058784485e-02
6.984307616949081421e-02
5.921893194317817688e-02
-2.228235825896263123e-02
-1.566367223858833313e-02
-5.608019605278968811e-02
1.034021079540252686e-01
1.213667169213294983e-02
-2.229960262775421143e-02
2.674373984336853027e-02
7.303297054022550583e-03
4.202676936984062195e-02
1.196096558123826981e-02
-1.221421733498573303e-01
8.101901970803737640e-03
-1.118529029190540314e-02
1.704343128949403763e-03
-5.136985331773757935e-02
7.389989495277404785e-02
6.084768101572990417e-02
6.235557049512863159e-02
9.082467108964920044e-02
-4.111324995756149292e-02
1.626446284353733063e-02
4.632925242185592651e-02
-3.398412093520164490e-02
3.127722069621086121e-02
-1.173096010461449623e-03
7.181518012657761574e-04
-4.846652597188949585e-02
1.838245987892150879e-02
3.355052322149276733e-02
-5.779097229242324829e-02
-1.150695327669382095e-02
-5.366158112883567810e-02
1.874035410583019257e-02
7.584813237190246582e-02
-6.551256775856018066e-02
-5.696892738342285156e-02
-5.294552072882652283e-02
-2.550927363336086273e-02
3.556573018431663513e-02
1.701856404542922974e-02
-1.461409032344818115e-02
1.546687260270118713e-02
3.445367142558097839e-02
2.098705992102622986e-02
2.332921372726559639e-03
-3.283089399337768555e-02
3.011268191039562225e-02
1.178408134728670120e-02
-1.053120847791433334e-02
-1.446341909468173981e-02
-2.986235171556472778e-02
-2.494229003787040710e-02
1.603006944060325623e-02
-8.482392877340316772e-03
1.412023790180683136e-02
8.705534040927886963e-03
7.986287772655487061e-02
-3.442500531673431396e-02
-9.783081710338592529e-03
4.634431749582290649e-02
-2.548444829881191254e-02
-4.133900627493858337e-02
-5.417648237198591232e-03
4.498306661844253540e-02
1.532943826168775558e-02
-3.151065437123179436e-03
5.683965235948562622e-02
5.270827561616897583e-02
-3.368439897894859314e-02
3.832786530256271362e-02
-1.880886033177375793e-02
-1.152644585818052292e-02
-2.783830277621746063e-03
2.525923587381839752e-02
3.073888830840587616e-02
-8.095815777778625488e-03
1.273448579013347626e-02
-8.025288581848144531e-03
-4.442589730024337769e-02
-1.662288419902324677e-02
1.100208461284637451e-01
1.892122998833656311e-02
3.302053362131118774e-02
6.052445992827415466e-02
-5.836384370923042297e-02
2.398629672825336456e-02
-2.163371257483959198e-02
-1.672952063381671906e-02
2.571838907897472382e-02
2.897121571004390717e-02
1.389927789568901062e-02
-1.043150201439857483e-02
8.774000406265258789e-02
6.783365737646818161e-03
2.507610991597175598e-02
-3.112626448273658752e-02
-5.570957437157630920e-02
-2.777880989015102386e-02
4.254824668169021606e-02
4.118847846984863281e-02
-3.162122890353202820e-02
-3.158939629793167114e-02
-3.430572524666786194e-02
-1.579104177653789520e-02
-7.201316766440868378e-03
-7.005254179239273071e-02
2.442971430718898773e-02
-3.061551041901111603e-02
3.626884147524833679e-02
-2.928504161536693573e-02
1.982415281236171722e-02
5.592369660735130310e-02
8.953970856964588165e-03
-1.402816642075777054e-02
6.620968878269195557e-02
1.576019637286663055e-02
-1.006534602493047714e-02
7.477978710085153580e-03
-1.114787533879280090e-03
-4.835288971662521362e-02
-3.037529997527599335e-02
3.620975464582443237e-02
-6.518501788377761841e-02
-5.306039750576019287e-02
-1.991598634049296379e-03
-1.539002545177936554e-02
-9.926072321832180023e-03
-2.569248527288436890e-02
-7.206037640571594238e-03
1.160902716219425201e-02
-5.018524080514907837e-02
4.145844653248786926e-02
-6.743980920873582363e-04
1.727697812020778656e-02
-4.532686248421669006e-02
-3.229770809412002563e-02
9.187508374452590942e-03
1.745016314089298248e-02
-8.303719758987426758e-02
-3.520742058753967285e-02
5.233429372310638428e-03
-4.604800790548324585e-02
-2.991894073784351349e-02
3.882650285959243774e-02
9.585294872522354126e-02
-1.699777878820896149e-02
-9.525825083255767822e-02
-3.246292099356651306e-02
8.718819171190261841e-02
-2.451152913272380829e-02
-5.618005990982055664e-02
-5.606156773865222931e-03
3.748581977561116219e-03
2.807238139212131500e-02
-4.146895930171012878e-02
2.348183654248714447e-02
-1.191411633044481277e-02
3.348198533058166504e-02
-3.081819415092468262e-02
6.121151521801948547e-02
-4.229133948683738708e-02
2.337000705301761627e-02
-9.307336062192916870e-03
-5.488108843564987183e-03
-8.566245436668395996e-02
1.391596253961324692e-02
2.660044841468334198e-02
-6.101322919130325317e-02
-2.468232996761798859e-02
2.130876109004020691e-02
6.129430979490280151e-02
8.822450041770935059e-02
1.997684314846992493e-02
-3.937589749693870544e-02
3.378834575414657593e-02
4.156069457530975342e-02
4.494342487305402756e-03
1.087170839309692383e-02
4.272408038377761841e-02
2.315555512905120850e-02
-5.446051247417926788e-03
4.418198764324188232e-02
-3.487713867798447609e-03
1.083164103329181671e-02
-3.481883183121681213e-02
1.148389056324958801e-01
-3.231589123606681824e-02
-4.028077051043510437e-02
1.111157387495040894e-01
4.738463461399078369e-02
1.517681125551462173e-02
8.100638538599014282e-02
-3.510942310094833374e-02
-4.355616867542266846e-02
-2.044647559523582458e-02
-2.473595552146434784e-02
-3.324594348669052124e-02
1.715381443500518799e-02
4.151341039687395096e-03
5.596445500850677490e-02
-7.292870432138442993e-03
-4.202129691839218140e-02
-3.624781593680381775e-02
-5.558488890528678894e-02
-1.946395263075828552e-02
-4.167286679148674011e-03
-6.139406934380531311e-02
-5.753996223211288452e-02
1.900858245790004730e-02
-3.601886099204421043e-03
8.445564657449722290e-02
3.706577420234680176e-02
2.253464236855506897e-02
2.420516498386859894e-02
-3.244943544268608093e-02
-1.180910039693117142e-02
-2.957577072083950043e-02
-4.739393666386604309e-02
-5.240003019571304321e-02
-1.977446489036083221e-02
-1.464100088924169540e-02
3.530091792345046997e-02
-3.115621209144592285e-02
7.674504816532135010e-02
2.630520053207874298e-02
3.052991442382335663e-02
2.166563645005226135e-02
-8.345814794301986694e-02
-5.310931429266929626e-02
2.482256293296813965e-02
9.754321724176406860e-02
3.233135119080543518e-02
2.102648606523871422e-03
7.227754220366477966e-03
7.561657694168388844e-04
8.008094131946563721e-02
-1.622158847749233246e-02
3.278513625264167786e-02
-9.734529070556163788e-03
2.184507623314857483e-02
2.245149202644824982e-02
1.630341261625289917e-02
5.567662417888641357e-03
5.535724759101867676e-02
4.857465624809265137e-02
-1.402842625975608826e-02
-3.919178247451782227e-02
-6.999577581882476807e-02
-2.806756272912025452e-02
-5.848869215697050095e-03
-4.383500665426254272e-02
5.034408345818519592e-02
7.376272231340408325e-02
2.651084586977958679e-02
1.680347695946693420e-02
-6.920373067259788513e-03
5.633641406893730164e-02
-1.674540527164936066e-02
1.678126864135265350e-02
1.615979941561818123e-03
8.093641698360443115e-02
2.978660352528095245e-02
-2.076036483049392700e-02
7.027492672204971313e-02
3.381966054439544678e-02
5.274134129285812378e-02
-3.446620702743530273e-02
-3.816782683134078979e-02
-2.970188483595848083e-02
-3.248997032642364502e-02
8.540932834148406982e-02
-3.581060096621513367e-02
-1.904773153364658356e-02
2.678078226745128632e-02
-3.126842901110649109e-02
5.069608241319656372e-02
-2.049906551837921143e-02
-5.411248281598091125e-02
-1.993344351649284363e-02
-5.959712713956832886e-02
5.552996322512626648e-02
-1.057936064898967743e-02
3.806772828102111816e-02
5.790810100734233856e-03
-2.234313078224658966e-02
-1.573326811194419861e-02
-2.188817225396633148e-02
1.555268466472625732e-02
-4.414089769124984741e-02
1.716757193207740784e-02
-6.710016727447509766e-02
-5.157718900591135025e-03
-4.236662387847900391e-02
-5.866239592432975769e-02
-2.534969896078109741e-02
5.389263387769460678e-03
-2.222842536866664886e-02
9.866163134574890137e-02
2.237164042890071869e-02
2.693450078368186951e-02
-2.450739033520221710e-02
9.835682064294815063e-02
6.338242441415786743e-02
9.198738634586334229e-02
9.674794971942901611e-03
-7.750135660171508789e-02
5.338097456842660904e-03
3.789958357810974121e-02
2.941921167075634003e-02
2.434410341084003448e-02
3.258084645494818687e-03
-6.703420728445053101e-02
-6.497168913483619690e-03
5.977849289774894714e-02
-3.279036283493041992e-02
-2.845153957605361938e-02
5.922561511397361755e-02
8.141607046127319336e-02
4.660594835877418518e-02
-4.409500211477279663e-02
-3.708130866289138794e-02
-7.535137701779603958e-03
3.857670351862907410e-02
5.640273913741111755e-02
-1.924419775605201721e-02
-1.870195567607879639e-02
1.829427853226661682e-02
-4.845366626977920532e-02
-3.002854622900485992e-02
-2.266119793057441711e-02
8.005245029926300049e-02
-7.183497771620750427e-03
6.197717785835266113e-02
-5.806726217269897461e-02
-6.377101689577102661e-02
4.528074711561203003e-02
2.132467553019523621e-02
-7.791751064360141754e-03
-1.662837900221347809e-02
7.059161551296710968e-03
1.674435660243034363e-02
1.470706658437848091e-03
3.088169358670711517e-02
-3.436953574419021606e-02
2.929091826081275940e-02
2.541306894272565842e-03
1.092640799470245838e-03
6.734901666641235352e-02
3.554201126098632812e-02
2.498343586921691895e-02
-1.355252694338560104e-02
-1.830528490245342255e-02
9.119465015828609467e-03
3.336090967059135437e-02
3.268528729677200317e-02
2.991666831076145172e-02
-6.493297964334487915e-02
-4.330703616142272949e-02
-4.306519404053688049e-02
-5.911315232515335083e-02
-2.332353591918945312e-02
-1.976451463997364044e-02
-1.681134290993213654e-02
-6.894553080201148987e-03
-3.427920117974281311e-02
6.428710371255874634e-02
-1.298315916210412979e-02
6.627618521451950073e-02
-2.821922488510608673e-02
1.287197880446910858e-02
5.287541542202234268e-03
-2.237400226294994354e-02
6.117496523074805737e-04
-2.077744342386722565e-02
-4.697199165821075439e-02
4.495681449770927429e-02
3.059699013829231262e-02
2.334149787202477455e-03
5.305448919534683228e-02
-4.154777899384498596e-02
3.316001221537590027e-02
-7.541942410171031952e-03
-3.897119686007499695e-02
-4.393058270215988159e-02
-6.982441246509552002e-02
1.166113419458270073e-03
-6.940448656678199768e-03
2.304888702929019928e-02
2.751101739704608917e-02
-4.858900327235460281e-03
4.188225604593753815e-03
-2.252722857519984245e-03
2.828693389892578125e-02
-8.356017991900444031e-03
-2.462720498442649841e-02
2.595833875238895416e-02
-6.133273243904113770e-03
2.149493806064128876e-02
-3.472799062728881836e-02
3.425268083810806274e-02
-5.109986290335655212e-02
-1.712603308260440826e-02
5.074215307831764221e-02
-8.813844993710517883e-03
-8.036075532436370850e-02
3.490966185927391052e-02
-5.728742852807044983e-02
-3.242541477084159851e-02
-6.053891777992248535e-02
-3.547632694244384766e-02
-1.501115784049034119e-02
-1.979253574972972274e-04
1.797457080101594329e-04
4.911176115274429321e-02
-1.934200339019298553e-02
-4.058755189180374146e-02
6.228632293641567230e-03
2.086717076599597931e-02
2.917251083999872208e-03
3.042481094598770142e-02
-2.390846842899918556e-03
-4.533251002430915833e-02
6.046544387936592102e-02
2.119335159659385681e-02
7.655080407857894897e-03
-2.175818011164665222e-02
-1.137559264898300171e-01
7.612898200750350952e-02
1.430985797196626663e-02
-3.398967161774635315e-02
-2.342872507870197296e-02
-4.131064936518669128e-02
-3.232076019048690796e-02
1.209920458495616913e-02
3.535211458802223206e-02
-4.968712851405143738e-02
2.647058106958866119e-02
-1.819716580212116241e-02
2.609483152627944946e-02
-2.475402690470218658e-02
-4.027138277888298035e-02
3.933884575963020325e-02
-4.200484137982130051e-03
1.113276090472936630e-02
-6.380072236061096191e-02
-2.221539430320262909e-02
-2.062201034277677536e-03
8.780398219823837280e-02
-1.091565750539302826e-02
9.563978761434555054e-03
-3.822045773267745972e-02
-1.419867016375064850e-02
1.092624664306640625e-02
-2.136915363371372223e-02
4.558712989091873169e-02
-2.495710179209709167e-02
-7.141117006540298462e-02
3.356092795729637146e-02
-4.230559337884187698e-03
5.306030437350273132e-02
9.185925126075744629e-03
-3.189383447170257568e-02
-3.457837179303169250e-02
3.301886608824133873e-03
1.650755666196346283e-02
-2.393988519906997681e-02
3.617174923419952393e-02
-5.261581763625144958e-02
-4.575968533754348755e-02
-1.457559503614902496e-02
-3.697087243199348450e-02
-2.870054356753826141e-02
-1.284448150545358658e-02
-3.573716059327125549e-02
-1.566380076110363007e-02
-7.215552031993865967e-03
-2.944683283567428589e-02
-4.517915844917297363e-02
-6.615486741065979004e-02
-1.085626613348722458e-02
4.310039430856704712e-02
4.214268922805786133e-02
7.051643729209899902e-02
-5.037199333310127258e-02
4.863580688834190369e-02
-6.215618550777435303e-02
-6.354917585849761963e-02
4.043806716799736023e-02
1.117418054491281509e-02
-5.261866003274917603e-02
-4.327004309743642807e-03
-3.909431025385856628e-02
2.953002229332923889e-02
2.685599587857723236e-02
-3.527592169120907784e-03
-8.189187943935394287e-02
3.930721059441566467e-02
-1.938313618302345276e-02
-1.993850432336330414e-02
-2.755145169794559479e-02
4.369404539465904236e-02
-3.233822807669639587e-02
-5.538973957300186157e-02
-1.262782514095306396e-02
1.952663622796535492e-02
-4.256427660584449768e-02
-4.187660664319992065e-02
2.657910622656345367e-02
1.372735667973756790e-02
-2.052224799990653992e-02
2.180958352982997894e-02
-1.439461112022399902e-02
3.274112939834594727e-02
-4.157475009560585022e-02
8.532536029815673828e-02
-2.427740208804607391e-02
8.022993803024291992e-02
-3.873429447412490845e-02
6.887937779538333416e-04
3.897417336702346802e-02
4.654655233025550842e-02
4.978912696242332458e-02
4.773684591054916382e-02
-2.280992269515991211e-02
9.657260961830615997e-03
-1.812546700239181519e-02
6.101058423519134521e-02
-2.201012894511222839e-02
-6.395906209945678711e-02
2.415772527456283569e-02
-9.210506826639175415e-02
-4.017429891973733902e-03
4.911959916353225708e-02
2.037144824862480164e-02
2.233606297522783279e-03
-2.096276544034481049e-02
-2.002299018204212189e-02
1.740001142024993896e-02
3.285910934209823608e-02
4.477519541978836060e-02
-1.301220851019024849e-03
6.244604475796222687e-03
-5.441695451736450195e-02
-1.093383505940437317e-02
1.524395495653152466e-02
-6.083116866648197174e-03
