8.379892446100711823e-03
-3.633629158139228821e-02
-1.665413752198219299e-02
2.222257480025291443e-02
-5.485587567090988159e-02
1.761190243996679783e-03
1.726523414254188538e-02
-3.021994605660438538e-02
-6.380535196512937546e-03
5.848108977079391479e-02
2.611102908849716187e-02
2.787016704678535461e-02
-2.674678899347782135e-02
-4.906775802373886108e-02
6.550300866365432739e-03
1.617836393415927887e-02
2.708022715523838997e-03
-5.301422439515590668e-03
-7.020474970340728760e-02
1.204314548522233963e-02
-3.467377647757530212e-02
-2.361196652054786682e-02
-2.490821352694183588e-04
-9.559887647628784180e-02
6.371798459440469742e-03
5.841508880257606506e-02
7.261640578508377075e-02
-1.685751602053642273e-02
4.797337204217910767e-02
-1.620746101252734661e-03
-4.427570849657058716e-02
6.789577752351760864e-02
3.775085881352424622e-02
-1.456914655864238739e-02
3.631895524449646473e-04
7.667288184165954590e-02
-1.337015908211469650e-02
-1.336378743872046471e-03
-2.849389240145683289e-02
-5.483114719390869141e-02
-5.414003971964120865e-03
5.186136066913604736e-02
-3.277175873517990112e-02
-2.680779621005058289e-02
-8.691602386534214020e-03
3.854115307331085205e-02
-2.779008448123931885e-02
-6.007125228643417358e-02
-8.165098726749420166e-03
1.438796240836381912e-02
1.814321381971240044e-03
-6.161124259233474731e-02
3.500807285308837891e-02
-6.430751085281372070e-02
9.469972923398017883e-03
1.720377616584300995e-02
-9.660209761932492256e-04
2.367451786994934082e-02
-1.317051239311695099e-02
1.685713068582117558e-03
4.240626469254493713e-02
2.066988684237003326e-02
6.198657304048538208e-02
3.969840332865715027e-02
-1.393896993249654770e-03
-1.749905757606029510e-02
1.840244792401790619e-02
-4.256211593747138977e-02
6.910443305969238281e-02
-9.161898493766784668e-02
-1.026197895407676697e-02
1.279725879430770874e-02
-5.628561973571777344e-02
-1.013592584058642387e-03
4.285857826471328735e-02
3.837472572922706604e-02
-2.757620438933372498e-02
2.073461934924125671e-02
-2.818182483315467834e-02
-1.582141220569610596e-02
-1.608339324593544006e-02
4.734242707490921021e-02
-2.246210910379886627e-02
4.288578778505325317e-02
4.566641990095376968e-03
-3.237455384805798531e-03
7.457222789525985718e-02
-2.690437808632850647e-02
8.091140538454055786e-02
-7.270400971174240112e-02
1.302316226065158844e-02
8.027274161577224731e-02
4.349234700202941895e-02
-5.511161312460899353e-02
-3.200848028063774109e-02
-4.939953330904245377e-03
1.594361290335655212e-02
3.368076682090759277e-02
7.067850790917873383e-03
4.623593389987945557e-02
4.303878173232078552e-02
3.859459655359387398e-03
-1.158519741147756577e-02
-1.966513693332672119e-02
1.348234061151742935e-02
-6.641759071499109268e-03
-7.927448302507400513e-02
-1.437544636428356171e-02
1.855135895311832428e-02
-7.105201482772827148e-02
4.846993461251258850e-02
-1.139806807041168213e-01
-5.761517956852912903e-02
-1.974759437143802643e-02
5.922307446599006653e-02
-5.266540497541427612e-02
4.997565411031246185e-03
-2.940619923174381256e-02
7.335542142391204834e-02
-3.603652119636535645e-03
-2.822863124310970306e-02
-1.970685832202434540e-02
-5.117251724004745483e-02
-1.784731447696685791e-02
3.125324472784996033e-02
4.960991907864809036e-03
-2.655672142282128334e-03
5.585543438792228699e-02
-1.214180700480937958e-02
-2.675233595073223114e-02
-3.717163577675819397e-03
5.354960635304450989e-02
-5.459063500165939331e-02
-9.998828172683715820e-04
-3.603025153279304504e-02
3.404627367854118347e-02
-3.611211106181144714e-02
-3.692000464070588350e-04
-5.303639918565750122e-02
-4.612832516431808472e-02
4.851190745830535889e-02
-9.880011528730392456e-02
9.401509910821914673e-02
9.760354645550251007e-03
1.555883884429931641e-02
5.457312613725662231e-02
6.953622400760650635e-02
-1.292324066162109375e-02
2.842885255813598633e-02
-1.098196357488632202e-01
6.608976516872644424e-03
-1.484751887619495392e-02
-9.788954630494117737e-03
-4.486595466732978821e-02
-3.650759905576705933e-02
-1.183894127607345581e-01
-1.689400523900985718e-02
-1.139175705611705780e-02
5.450272560119628906e-02
-4.384325072169303894e-02
-3.880269080400466919e-02
7.528420537710189819e-02
-4.704891145229339600e-02
2.334749139845371246e-02
-4.990846291184425354e-02
-1.496884040534496307e-03
-7.361309975385665894e-02
-2.593041583895683289e-02
-3.549031913280487061e-02
-2.111414074897766113e-02
-1.427299622446298599e-02
3.548524901270866394e-02
-2.332048676908016205e-02
-1.654575951397418976e-02
5.319599434733390808e-02
-1.339436136186122894e-02
1.066038757562637329e-02
-6.658029742538928986e-03
6.212246417999267578e-02
1.155270170420408249e-02
3.676890209317207336e-02
-7.717333734035491943e-02
4.592300206422805786e-02
3.723307326436042786e-02
5.476273223757743835e-02
-5.239523481577634811e-03
-3.874542191624641418e-02
-6.597927212715148926e-02
6.029161438345909119e-02
-2.919047512114048004e-02
7.624427229166030884e-02
2.909930772148072720e-04
-2.195023186504840851e-02
-4.618267994374036789e-03
-1.278306636959314346e-02
-1.656949892640113831e-02
7.042378187179565430e-02
8.948019146919250488e-02
4.016399383544921875e-02
-3.903003409504890442e-02
1.729597523808479309e-02
-1.178632490336894989e-02
-4.239653795957565308e-02
2.802185155451297760e-02
3.033197484910488129e-02
1.554637402296066284e-02
-2.346364222466945648e-02
1.850323192775249481e-02
3.492390364408493042e-02
-7.765544950962066650e-02
3.577409312129020691e-02
9.208315052092075348e-03
-3.219253942370414734e-02
2.099336683750152588e-02
-1.846514083445072174e-02
-1.491462904959917068e-02
-1.211321097798645496e-03
-1.685751602053642273e-02
4.125365614891052246e-02
4.179847892373800278e-03
3.328168764710426331e-02
1.991130970418453217e-02
-2.277769707143306732e-02
6.781532429158687592e-04
-4.004662856459617615e-02
-2.031195675954222679e-03
5.575918033719062805e-02
-6.797424703836441040e-02
1.033048518002033234e-02
8.784145116806030273e-02
2.331851609051227570e-02
1.042246967554092407e-01
-3.151930123567581177e-02
-3.062945092096924782e-03
-6.029804702848196030e-03
-2.741947025060653687e-02
-5.577232316136360168e-02
-2.019659616053104401e-02
1.851221313700079918e-03
4.945514351129531860e-02
3.414139151573181152e-02
6.713668256998062134e-02
-1.946488954126834869e-02
-5.225002020597457886e-02
3.334444249048829079e-03
5.453728511929512024e-02
-1.916658366098999977e-04
7.416118681430816650e-02
3.960297908633947372e-03
-5.696685612201690674e-02
1.735243946313858032e-02
-7.726387586444616318e-03
-4.721830133348703384e-03
3.351793810725212097e-02
-6.832404434680938721e-02
1.132146827876567841e-02
4.622658248990774155e-03
-4.888387396931648254e-02
6.903271377086639404e-02
-3.804801031947135925e-02
-2.808940969407558441e-02
-1.080432347953319550e-02
1.915622316300868988e-02
-3.064831346273422241e-02
1.594028621912002563e-02
-5.114492401480674744e-02
3.949120640754699707e-02
-6.219157949090003967e-03
1.539584249258041382e-02
-6.997932493686676025e-02
-5.753767490386962891e-02
-5.256246775388717651e-02
2.937652869150042534e-03
-1.054586376994848251e-02
7.632322609424591064e-02
3.850800544023513794e-02
2.884931862354278564e-02
4.580503446049988270e-04
7.735825609415769577e-03
3.651160746812820435e-02
-4.073511436581611633e-02
4.172672703862190247e-02
5.377820506691932678e-02
-6.717655807733535767e-02
-8.407646673731505871e-04
3.198417648673057556e-02
6.638066377490758896e-03
-3.869213163852691650e-02
-6.216960400342941284e-02
-2.300325408577919006e-02
2.391508605796843767e-04
-2.492029033601284027e-02
1.844851858913898468e-02
-2.131468057632446289e-02
-4.217017441987991333e-02
2.829431928694248199e-02
1.619222946465015411e-02
-9.901670739054679871e-03
-3.154092002660036087e-03
-2.393819577991962433e-02
5.752926692366600037e-02
-6.294314283877611160e-03
1.233510993188247085e-04
-2.733480557799339294e-02
-4.066221415996551514e-02
-7.157995551824569702e-02
-4.133126884698867798e-02
-7.054020464420318604e-02
2.608236484229564667e-02
-4.194840788841247559e-02
-6.671520322561264038e-02
-7.909933477640151978e-02
-2.157359942793846130e-02
1.063670683652162552e-02
2.551651000976562500e-02
3.994460403919219971e-02
-3.641390427947044373e-02
-1.720734988339245319e-03
7.571215927600860596e-02
-4.286510497331619263e-02
-1.911109685897827148e-02
7.746888790279626846e-03
4.140058532357215881e-02
-1.518946420401334763e-02
-1.573596335947513580e-02
1.818151678889989853e-03
5.568445473909378052e-02
4.982635006308555603e-02
4.800803214311599731e-02
2.567588351666927338e-02
3.904075920581817627e-02
2.745960466563701630e-02
-2.821999415755271912e-02
1.856829226016998291e-02
2.005367772653698921e-03
1.959797926247119904e-02
-5.633513256907463074e-02
-4.232016205787658691e-02
-1.839841529726982117e-02
-6.771747767925262451e-02
-4.568454623222351074e-02
-2.906997920945286751e-03
-6.611440796405076981e-03
-3.898983448743820190e-02
1.126925349235534668e-01
-1.869472861289978027e-02
5.040562245994806290e-03
-2.998945303261280060e-02
3.308532387018203735e-02
4.814917594194412231e-02
-3.490896522998809814e-02
-2.092172391712665558e-02
-1.288158819079399109e-02
-1.277917902916669846e-02
-4.090087115764617920e-02
2.803292684257030487e-02
1.509897760115563869e-03
-4.083811491727828979e-02
2.851913124322891235e-02
2.672906732186675072e-03
-8.567359298467636108e-03
-2.329785749316215515e-02
2.438340801745653152e-03
-5.063208751380443573e-03
7.591424882411956787e-02
7.853661477565765381e-02
4.570407047867774963e-02
-5.505341663956642151e-02
5.642629694193601608e-04
1.588334143161773682e-02
7.455662637948989868e-02
6.990005075931549072e-02
8.214470930397510529e-03
4.361266270279884338e-02
1.400368567556142807e-02
-5.694472230970859528e-03
4.073850437998771667e-02
5.936725810170173645e-02
-3.044417873024940491e-02
1.023266464471817017e-01
6.624094396829605103e-02
-6.375151127576828003e-02
-3.082454204559326172e-04
3.396181762218475342e-02
-6.975226569920778275e-04
-6.266641616821289062e-02
1.305573340505361557e-02
1.602025516331195831e-02
4.518497735261917114e-02
5.375586822628974915e-02
-3.026241436600685120e-02
-5.308681353926658630e-02
5.246048327535390854e-03
6.351154297590255737e-03
3.105597198009490967e-02
5.495817866176366806e-03
1.716559194028377533e-02
7.451509591192007065e-03
2.348796231672167778e-03
7.349083665758371353e-03
2.513010241091251373e-02
-4.468483105301856995e-02
4.510392621159553528e-02
2.451824024319648743e-02
-6.611268967390060425e-02
3.177940472960472107e-02
2.601519599556922913e-02
-8.136834204196929932e-02
1.891354680992662907e-03
5.087625235319137573e-02
1.900015212595462799e-02
-5.957531183958053589e-02
-6.715437024831771851e-02
-2.704161405563354492e-02
3.248295560479164124e-02
-5.694400519132614136e-02
-5.795923527330160141e-03
-9.862361475825309753e-04
2.933226060122251511e-03
-2.840190008282661438e-02
1.681688299868255854e-04
4.215846583247184753e-02
-6.159933283925056458e-02
2.468356676399707794e-02
5.428638309240341187e-02
-1.248050201684236526e-02
2.130677551031112671e-02
-5.964028090238571167e-02
-6.426134705543518066e-02
1.580269820988178253e-02
1.454490143805742264e-02
4.476621747016906738e-02
-9.149809367954730988e-03
4.358474537730216980e-02
-2.818372473120689392e-02
3.152912855148315430e-02
-6.576803512871265411e-03
-8.183775097131729126e-02
-5.576873570680618286e-02
1.028333135764114559e-04
-1.928230375051498413e-02
-2.611993066966533661e-02
-1.804167288355529308e-03
4.357082024216651917e-02
1.034117583185434341e-02
-3.901340812444686890e-02
-3.648690134286880493e-02
2.883784938603639603e-03
-3.954292461276054382e-02
-4.780784621834754944e-02
-2.265401929616928101e-02
-1.175391115248203278e-02
-4.428602010011672974e-02
4.701437801122665405e-02
-6.991587579250335693e-02
6.363610923290252686e-02
2.865898609161376953e-02
2.819776907563209534e-02
2.803049981594085693e-03
-2.459044195711612701e-02
2.952565206214785576e-03
2.963973209261894226e-02
1.794661395251750946e-02
6.204253062605857849e-02
1.981539651751518250e-02
-4.616353660821914673e-02
2.180029451847076416e-02
-3.354410082101821899e-02
2.223345078527927399e-02
1.743592135608196259e-02
-5.197548121213912964e-02
6.953278928995132446e-02
-5.122613161802291870e-02
5.947790294885635376e-02
4.750066623091697693e-02
-2.299190498888492584e-02
3.618244454264640808e-02
1.704921363852918148e-03
3.657279163599014282e-02
-4.826327785849571228e-02
-2.556599304080009460e-02
3.162742778658866882e-02
-5.297405272722244263e-02
-4.387025535106658936e-02
-3.393295407295227051e-02
1.914345473051071167e-02
3.512348607182502747e-02
2.151428256183862686e-03
1.797203160822391510e-02
4.038142785429954529e-02
-3.293840214610099792e-02
4.105032980442047119e-02
-1.201577577739953995e-02
4.976314678788185120e-02
8.385552465915679932e-02
-4.632864147424697876e-02
-5.956485122442245483e-02
-6.710313260555267334e-02
-5.513373389840126038e-02
4.110800847411155701e-02
4.108455032110214233e-02
-7.485684007406234741e-02
-1.729215309023857117e-02
-3.061067545786499977e-03
-4.633343964815139771e-02
7.045608945190906525e-03
-2.092602103948593140e-02
-1.549666933715343475e-02
-8.751800656318664551e-02
-6.112083792686462402e-02
2.532430551946163177e-02
-1.806491799652576447e-02
5.447058379650115967e-02
-2.613992989063262939e-02
-6.546328961849212646e-02
-2.305365726351737976e-02
-3.545010089874267578e-02
-5.998042412102222443e-03
2.335492288693785667e-03
8.826678246259689331e-02
-4.056245088577270508e-02
-8.560009300708770752e-03
3.423972427845001221e-02
-1.297552371397614479e-03
3.309170901775360107e-02
-4.282105714082717896e-02
4.105548188090324402e-02
2.859977073967456818e-02
1.860691979527473450e-02
-1.283105183392763138e-02
3.589055687189102173e-02
7.920950651168823242e-02
-8.698032796382904053e-02
4.058850463479757309e-03
-3.404368832707405090e-02
3.924692422151565552e-02
2.159787574782967567e-03
2.387852966785430908e-02
-1.722539402544498444e-02
9.498063474893569946e-03
3.244053944945335388e-02
3.966650366783142090e-02
-3.889782354235649109e-03
1.522526703774929047e-02
-2.142333425581455231e-02
-3.363210335373878479e-02
-5.328469444066286087e-03
1.094929724931716919e-01
3.508771769702434540e-03
2.503680810332298279e-02
5.524227768182754517e-02
-3.815907612442970276e-02
-2.289944887161254883e-02
-1.205811649560928345e-02
2.426251024007797241e-02
6.450916826725006104e-02
-5.706971138715744019e-02
-2.166734635829925537e-02
4.716258496046066284e-02
3.108728863298892975e-02
2.257715165615081787e-02
1.072833500802516937e-02
-1.762504689395427704e-03
1.927528344094753265e-02
4.503081552684307098e-03
1.303425896912813187e-02
-1.625956036150455475e-02
-8.579725399613380432e-03
-1.303592929616570473e-03
6.000719033181667328e-03
1.257514394819736481e-02
6.680241972208023071e-02
-3.351123537868261337e-03
-2.078537363559007645e-03
-4.325585439801216125e-02
1.010040403343737125e-03
3.540681675076484680e-02
-2.161799371242523193e-02
4.981191363185644150e-03
4.917513206601142883e-02
-1.731602102518081665e-02
2.813325030729174614e-03
3.522899746894836426e-02
5.784701183438301086e-02
3.438957408070564270e-02
4.322152584791183472e-03
-3.258898481726646423e-02
1.706182025372982025e-02
-4.879364371299743652e-02
7.906952500343322754e-02
7.867913693189620972e-03
4.503446631133556366e-03
3.240662440657615662e-02
-1.507566124200820923e-02
1.749761402606964111e-02
4.229361657053232193e-03
-3.938547894358634949e-02
-1.107387430965900421e-02
-2.254812978208065033e-02
6.243978068232536316e-02
1.424888800829648972e-02
8.798588067293167114e-03
4.605147615075111389e-02
-2.010502293705940247e-02
-3.786586970090866089e-02
-5.629524588584899902e-02
1.224103383719921112e-02
3.240083903074264526e-02
1.332062948495149612e-02
1.619670167565345764e-02
-9.133357554674148560e-03
7.573885470628738403e-02
3.418707102537155151e-02
-4.311649128794670105e-02
3.927154093980789185e-02
2.280368283390998840e-02
-3.124344907701015472e-02
-4.201398417353630066e-02
-2.281064167618751526e-02
-1.806936599314212799e-02
1.983705908060073853e-02
-2.939268574118614197e-02
-7.704648189246654510e-03
-3.432087972760200500e-02
-5.046611279249191284e-02
2.371462620794773102e-02
-6.972236931324005127e-02
-1.917091198265552521e-02
6.190779060125350952e-02
8.163110166788101196e-02
3.253039717674255371e-02
-2.117436192929744720e-02
5.592272803187370300e-02
1.157751530408859253e-01
-1.579524762928485870e-02
-2.698334679007530212e-02
2.724077366292476654e-02
-2.080866135656833649e-02
-6.815775483846664429e-02
-3.361700102686882019e-02
-7.218023296445608139e-03
2.222119271755218506e-02
1.125972135923802853e-03
4.088335111737251282e-02
8.412919938564300537e-03
-6.370308808982372284e-03
6.763889640569686890e-02
5.314370617270469666e-02
9.393998421728610992e-03
-1.049961801618337631e-02
-1.799597404897212982e-02
-8.629243820905685425e-02
-1.324989087879657745e-02
-1.871861331164836884e-02
1.730947289615869522e-03
-6.490990519523620605e-03
1.088728010654449463e-01
4.165487363934516907e-02
9.745403192937374115e-03
3.171635419130325317e-02
-5.114436149597167969e-02
-5.091418698430061340e-02
5.120340362191200256e-02
2.572462894022464752e-02
-5.224730446934700012e-02
-4.533540084958076477e-02
5.314217135310173035e-02
1.252216100692749023e-02
1.010049283504486084e-01
-1.224820502102375031e-03
-1.011229865252971649e-02
8.091855561360716820e-04
4.732163622975349426e-03
3.954119514673948288e-03
-3.676657006144523621e-02
6.928197294473648071e-02
1.394940307363867760e-03
-4.019919037818908691e-02
-3.142526745796203613e-02
3.414416313171386719e-02
-2.166223153471946716e-02
8.442523330450057983e-02
-2.934445999562740326e-02
1.784400269389152527e-02
1.384730171412229538e-02
1.854663528501987457e-02
-3.918345551937818527e-03
-1.371160615235567093e-02
6.309565156698226929e-02
3.787544742226600647e-02
-2.191386558115482330e-02
-3.679997101426124573e-02
-7.221560180187225342e-02
-2.560679428279399872e-02
4.340407252311706543e-02
-2.072432637214660645e-02
2.436370030045509338e-02
-3.414867911487817764e-03
4.450463876128196716e-02
-1.850661821663379669e-02
-3.593191504478454590e-02
-3.038606792688369751e-02
5.840208008885383606e-02
-4.328157380223274231e-02
-3.842697665095329285e-02
-4.424064978957176208e-02
-4.586198925971984863e-02
2.781048789620399475e-02
-2.192132920026779175e-02
3.082815185189247131e-02
-5.531530827283859253e-02
-4.538010433316230774e-02
5.569859966635704041e-02
-3.151441738009452820e-02
3.742002695798873901e-02
-3.484414145350456238e-02
-2.689777314662933350e-02
-3.260475769639015198e-02
-2.185340784490108490e-02
6.995871663093566895e-03
-2.512941835448145866e-03
-2.441260963678359985e-02
1.427704002708196640e-03
4.798587784171104431e-02
9.163477271795272827e-02
2.071261405944824219e-05
-2.242343127727508545e-02
7.715981453657150269e-02
-2.609800733625888824e-02
-3.981709480285644531e-02
1.525839883834123611e-02
1.942360773682594299e-02
-9.555809944868087769e-02
-7.451980561017990112e-02
-2.922143787145614624e-02
-4.589491710066795349e-02
5.816080421209335327e-02
7.558386772871017456e-03
-6.837660819292068481e-02
9.084061719477176666e-03
-3.362443298101425171e-02
-1.080649206414818764e-03
8.410620689392089844e-02
-7.076589018106460571e-02
2.676869556307792664e-02
3.822228312492370605e-02
-3.373406827449798584e-02
-1.116279419511556625e-02
4.634033888578414917e-02
2.854629419744014740e-02
-2.988306991755962372e-02
-2.222731336951255798e-02
-4.187940433621406555e-02
-4.125970974564552307e-02
2.441633120179176331e-02
-1.115511544048786163e-02
3.693907707929611206e-02
-1.255855150520801544e-02
-4.422271251678466797e-02
2.071621455252170563e-02
-7.492861896753311157e-02
3.462894633412361145e-02
-4.194976761937141418e-02
9.158071130514144897e-02
5.360115692019462585e-02
-7.480350323021411896e-03
2.694627828896045685e-02
3.314189240336418152e-02
5.090277642011642456e-03
-6.649947166442871094e-02
-2.196622267365455627e-02
-5.103605240583419800e-02
5.572009831666946411e-02
7.060232572257518768e-03
-1.821909844875335693e-02
-5.093471333384513855e-02
5.669832229614257812e-02
-1.526794675737619400e-02
-2.171077951788902283e-02
-5.768881365656852722e-02
-3.842015936970710754e-02
-3.768911957740783691e-02
2.751752361655235291e-02
3.991526365280151367e-02
4.339403659105300903e-02
-1.925104670226573944e-02
4.089169669896364212e-03
1.470501348376274109e-02
8.229563385248184204e-02
-4.503484070301055908e-02
-1.963690295815467834e-02
-2.449550479650497437e-02
4.643401131033897400e-02
3.618919849395751953e-02
-8.931373059749603271e-02
-2.537230029702186584e-02
-3.994071856141090393e-02
4.109258204698562622e-02
-3.806675598025321960e-02
-3.952579945325851440e-02
1.093098707497119904e-02
5.992073565721511841e-02
3.290887176990509033e-02
-2.259612083435058594e-03
5.995351448655128479e-02
-4.315313324332237244e-02
6.381156295537948608e-02
-2.024739421904087067e-02
8.081682026386260986e-02
-8.484818972647190094e-03
6.366957724094390869e-02
-2.578715980052947998e-02
8.933739364147186279e-02
-5.945585295557975769e-02
4.713041707873344421e-02
-2.459597587585449219e-02
1.258486974984407425e-02
3.426345065236091614e-02
-9.453730657696723938e-03
-5.777879431843757629e-02
7.368567399680614471e-03
4.372419789433479309e-02
4.802090302109718323e-02
-2.246199548244476318e-02
-4.788718372583389282e-02
-8.595680817961692810e-03
-2.752888202667236328e-02
-3.356242924928665161e-02
9.291691705584526062e-03
-2.327650412917137146e-02
1.781366765499114990e-02
1.344148069620132446e-02
-1.595354638993740082e-02
1.646161079406738281e-02
2.330353483557701111e-02
-2.658693492412567139e-02
1.671031489968299866e-02
-4.190028458833694458e-02
7.141636312007904053e-02
5.554619804024696350e-02
-2.815970964729785919e-02
8.577152341604232788e-02
2.012511715292930603e-02
-1.927159167826175690e-02
9.171491116285324097e-02
-1.102604903280735016e-02
3.503378015011548996e-03
9.285150095820426941e-03
-2.149559929966926575e-02
2.720604417845606804e-03
-5.791928619146347046e-03
1.653751544654369354e-02
6.294443272054195404e-03
-2.161922119557857513e-02
5.948834121227264404e-02
-3.100030124187469482e-02
-5.350586771965026855e-02
1.016371045261621475e-02
-6.443760544061660767e-02
6.577433645725250244e-02
4.093072563409805298e-02
9.520931169390678406e-03
2.070643752813339233e-02
-1.301362924277782440e-02
4.079785197973251343e-02
2.837474830448627472e-02
-3.075228445231914520e-02
-3.851717710494995117e-02
3.586536645889282227e-02
5.531411617994308472e-03
2.916850708425045013e-02
2.435842901468276978e-02
1.557878777384757996e-02
-4.249900206923484802e-02
6.232216022908687592e-03
6.908652186393737793e-02
4.115903005003929138e-02
-8.931192010641098022e-02
2.884782850742340088e-02
-1.789447478950023651e-02
-4.305935651063919067e-02
3.762563318014144897e-02
8.677715435624122620e-03
-2.632618881762027740e-02
3.358934447169303894e-02
9.044753760099411011e-02
-4.135830700397491455e-02
-1.296361326240003109e-03
-6.694001704454421997e-02
-3.811361268162727356e-02
1.407445315271615982e-02
3.378520533442497253e-02
-1.058391947299242020e-02
-3.194916993379592896e-02
3.738978505134582520e-02
9.876182302832603455e-03
6.074235588312149048e-02
-4.280926287174224854e-02
1.853416115045547485e-02
-5.042097531259059906e-03
-2.254193276166915894e-02
-6.357992440462112427e-02
5.889821797609329224e-02
4.129853844642639160e-02
-9.482427500188350677e-03
1.649593189358711243e-02
-9.149569272994995117e-02
3.407922573387622833e-03
-1.539396401494741440e-02
-8.730917237699031830e-03
-1.759747974574565887e-02
-1.894163200631737709e-03
4.937841370701789856e-02
-4.553050175309181213e-02
7.060366123914718628e-02
8.013681508600711823e-03
2.533688955008983612e-02
5.200288444757461548e-02
1.188941299915313721e-02
1.404421986080706120e-03
5.709920078516006470e-02
-1.078951135277748108e-01
-1.762783713638782501e-02
1.379865128546953201e-02
-1.372753269970417023e-02
-6.554132327437400818e-03
-1.892059296369552612e-02
5.143849551677703857e-02
-1.629852107726037502e-03
5.477724596858024597e-02
5.493119731545448303e-02
5.877204611897468567e-02
-3.180959820747375488e-02
2.568436600267887115e-02
-5.404280498623847961e-02
1.947123743593692780e-02
-1.567667722702026367e-02
-1.092432625591754913e-02
2.599639073014259338e-02
-3.118292428553104401e-02
-2.541233785450458527e-02
-2.282507158815860748e-02
7.663983106613159180e-02
-5.461803078651428223e-02
-2.680880762636661530e-02
2.141450531780719757e-03
-3.703901171684265137e-02
8.138944953680038452e-02
2.946696989238262177e-02
-1.146033406257629395e-02
3.612383082509040833e-02
-2.029195986688137054e-02
2.646177634596824646e-02
6.987187080085277557e-03
1.056072562932968140e-01
-9.282480925321578979e-03
-9.614776074886322021e-02
6.107332650572061539e-03
-2.618681173771619797e-03
3.434527665376663208e-02
-7.748314738273620605e-02
-2.415825612843036652e-02
1.946862600743770599e-02
-2.542302757501602173e-02
-1.040827762335538864e-02
4.951435700058937073e-02
-2.453255653381347656e-02
-4.892930015921592712e-02
5.801195651292800903e-02
-5.433854460716247559e-02
4.015865921974182129e-02
-5.141181498765945435e-02
-3.491976531222462654e-03
7.225574553012847900e-02
-2.530818246304988861e-02
3.775843232870101929e-02
-5.175722390413284302e-02
2.835658565163612366e-02
-3.308311104774475098e-02
-2.457008138298988342e-02
-1.134775113314390182e-02
-6.539490073919296265e-02
-1.770790480077266693e-02
2.385911718010902405e-02
-2.250242047011852264e-03
-1.340043265372514725e-02
5.411737132817506790e-03
3.450081450864672661e-03
-6.881859153509140015e-02
3.745121182873845100e-03
-8.587476797401905060e-03
-1.773294620215892792e-02
3.637176938354969025e-03
-1.213063951581716537e-02
-2.007421664893627167e-02
-1.548755448311567307e-02
5.786562338471412659e-03
-1.020546332001686096e-01
6.224988610483705997e-04
4.139531869441270828e-03
-1.238891482353210449e-02
2.110188943333923817e-04
-7.277967780828475952e-02
8.329783566296100616e-03
-1.375040225684642792e-02
1.892504468560218811e-02
-6.043489649891853333e-02
2.827028371393680573e-02
-2.751243114471435547e-02
-3.237547725439071655e-02
-6.489016860723495483e-02
3.038305975496768951e-02
-3.345026448369026184e-02
2.278420841321349144e-03
2.875592000782489777e-02
2.844226919114589691e-02
-5.533552169799804688e-02
-3.059500083327293396e-02
-3.750733658671379089e-02
-9.361396729946136475e-02
2.880847454071044922e-02
1.292829052545130253e-03
-1.932552084326744080e-02
8.470077998936176300e-03
