-1.732294214889407158e-03
-6.152783706784248352e-02
7.161715766414999962e-04
1.327103353105485439e-03
1.746161654591560364e-02
-3.407290671020746231e-03
-3.460917249321937561e-02
5.685155838727951050e-02
1.663200184702873230e-02
-1.569641008973121643e-02
-4.937929660081863403e-02
-2.140367589890956879e-02
2.104754187166690826e-02
1.536347717046737671e-02
4.749524407088756561e-03
9.589028544723987579e-03
-1.826644875109195709e-02
-5.482805892825126648e-02
3.166753798723220825e-02
-8.688084781169891357e-02
-1.625068299472332001e-02
-3.364020958542823792e-02
2.764375135302543640e-02
1.376249827444553375e-02
-4.243769124150276184e-02
-2.202813327312469482e-02
9.984415955841541290e-03
2.768510021269321442e-02
2.264003828167915344e-02
4.230251908302307129e-02
1.406686729751527309e-03
-7.031551562249660492e-03
-7.838335819542407990e-03
-5.639298632740974426e-02
8.313255384564399719e-03
2.540796622633934021e-02
-2.704153023660182953e-02
-2.324464172124862671e-02
7.984565198421478271e-02
-2.702280879020690918e-02
5.400126054883003235e-02
9.478606283664703369e-02
-1.225908100605010986e-02
-5.958498269319534302e-02
-1.985275652259588242e-03
2.746452391147613525e-02
2.259775623679161072e-02
1.023455038666725159e-01
6.863977760076522827e-02
-3.977809473872184753e-02
-1.304437173530459404e-03
-8.159782737493515015e-02
1.856444776058197021e-02
-2.726322039961814880e-02
-1.923358254134654999e-02
-6.972799450159072876e-02
-5.097939819097518921e-02
-5.136422067880630493e-02
-7.567742466926574707e-02
-3.642917796969413757e-02
5.622708797454833984e-02
-2.357616275548934937e-02
4.452458117157220840e-03
6.341442465782165527e-02
-5.089569091796875000e-02
4.824669659137725830e-02
4.086285084486007690e-02
1.067571789026260376e-01
-3.130676969885826111e-02
-1.733073219656944275e-02
-2.369781211018562317e-02
-1.037722975015640259e-01
-4.042296484112739563e-02
-3.883766382932662964e-02
2.932661399245262146e-02
5.492918565869331360e-02
4.162233322858810425e-02
-6.822381913661956787e-02
-5.915985908359289169e-03
2.875937521457672119e-02
3.196154162287712097e-02
-7.338761538267135620e-02
4.786015488207340240e-03
1.251928973942995071e-02
-8.220876753330230713e-02
-4.509534686803817749e-02
-4.865489900112152100e-04
-5.118772387504577637e-02
4.551377892494201660e-02
-6.497628241777420044e-02
5.772603210061788559e-03
-1.923195458948612213e-02
8.776329457759857178e-03
5.489684268832206726e-02
2.892456017434597015e-02
2.966670133173465729e-02
-1.070334203541278839e-02
3.462065011262893677e-02
-4.468658939003944397e-02
1.494971849024295807e-02
7.021804153919219971e-02
-1.424036733806133270e-02
6.399258854798972607e-04
-1.045032404363155365e-02
-9.126143157482147217e-02
-5.747849494218826294e-02
2.644250728189945221e-02
4.956192336976528168e-03
-2.968089282512664795e-02
3.816657513380050659e-02
1.991452649235725403e-02
-3.426258917897939682e-03
-7.164091803133487701e-03
7.049269974231719971e-02
-8.156500756740570068e-02
-6.486169062554836273e-03
-5.659631453454494476e-03
-2.229073550552129745e-03
2.038575150072574615e-02
1.434413064271211624e-02
7.246964424848556519e-02
4.617664963006973267e-02
7.554577197879552841e-03
-6.470000743865966797e-02
-4.920415580272674561e-02
4.485751688480377197e-02
1.524321921169757843e-02
-8.249851875007152557e-03
-3.179916739463806152e-02
4.429832042660564184e-04
-1.757139153778553009e-02
-5.544804781675338745e-02
9.308869391679763794e-02
-1.666680537164211273e-02
-7.846417278051376343e-02
1.174836046993732452e-02
-4.326238110661506653e-02
-2.393956854939460754e-02
-7.443398237228393555e-02
-2.664880361407995224e-03
1.879671216011047363e-02
-5.129451677203178406e-02
3.186827898025512695e-02
3.202601149678230286e-02
1.930118165910243988e-02
-5.329413339495658875e-02
7.197721302509307861e-02
6.798917055130004883e-02
1.925095915794372559e-03
-4.003282263875007629e-02
-6.134176999330520630e-02
-2.217740938067436218e-02
-7.769773900508880615e-02
2.807592786848545074e-02
1.052288524806499481e-02
-2.438293956220149994e-02
1.341710984706878662e-02
1.183311082422733307e-02
6.876554340124130249e-02
-8.665394783020019531e-02
6.258610635995864868e-03
2.602679654955863953e-02
-3.744944185018539429e-02
2.134786453098058701e-03
1.322871260344982147e-02
-7.516595721244812012e-02
-4.854200407862663269e-02
-2.673619892448186874e-03
-4.582062363624572754e-02
-7.751121884211897850e-04
3.077549301087856293e-02
1.071331650018692017e-02
5.643938109278678894e-02
-3.777142614126205444e-02
-3.259495645761489868e-02
2.178761735558509827e-02
9.810240566730499268e-02
5.868984386324882507e-03
1.943071186542510986e-02
-1.827447861433029175e-02
-5.830626934766769409e-02
1.674059079959988594e-03
5.582594778388738632e-03
1.662633940577507019e-02
1.256428938359022141e-02
2.149919606745243073e-02
-4.333621263504028320e-02
-1.864691451191902161e-02
-2.220979332923889160e-02
1.384198851883411407e-02
-4.502380639314651489e-02
-6.500051170587539673e-02
3.397145494818687439e-02
1.610174030065536499e-02
-7.421638816595077515e-02
-7.488924264907836914e-02
6.449465453624725342e-02
-6.667323410511016846e-03
3.469686955213546753e-02
-5.995491892099380493e-02
-2.070776000618934631e-02
2.444809675216674805e-02
-7.604591548442840576e-02
-1.635994203388690948e-02
5.256225913763046265e-02
1.644387468695640564e-02
-4.831502679735422134e-03
-2.159819193184375763e-02
-4.179433733224868774e-02
1.103169005364179611e-02
1.731346547603607178e-02
5.249503999948501587e-02
7.469965517520904541e-02
6.031816359609365463e-03
1.687124744057655334e-02
-3.705372288823127747e-02
-1.463636290282011032e-02
3.417510166764259338e-02
-1.555391866713762283e-02
1.578440889716148376e-02
-1.519111823290586472e-02
5.257128924131393433e-02
-6.500877439975738525e-02
4.183686897158622742e-02
-1.134898047894239426e-02
8.839218318462371826e-02
-4.719817545264959335e-03
1.146344281733036041e-02
-3.774126525968313217e-03
5.388955399394035339e-02
-4.394119605422019958e-02
2.249761298298835754e-02
-1.795661821961402893e-02
3.960327431559562683e-02
-6.558500230312347412e-02
-3.462575748562812805e-02
-5.873629450798034668e-02
4.843941424041986465e-03
1.940322294831275940e-02
-1.122872084379196167e-01
2.057448960840702057e-02
3.303406760096549988e-02
-3.033944405615329742e-02
-2.851051092147827148e-02
4.020514339208602905e-02
-5.495250970125198364e-02
4.500785470008850098e-02
-5.627216026186943054e-02
-8.563075959682464600e-02
-2.001031860709190369e-02
-5.747519806027412415e-02
7.161068916320800781e-02
-2.604799531400203705e-02
2.539557218551635742e-02
2.775974944233894348e-02
-3.133361414074897766e-02
-3.654329851269721985e-02
-2.206395380198955536e-02
-1.056304550729691982e-03
-1.646700315177440643e-02
-1.911507174372673035e-02
-4.681550711393356323e-02
-6.911084055900573730e-02
-2.063907682895660400e-02
-2.444269880652427673e-02
7.396619021892547607e-02
-6.674013286828994751e-02
7.335504889488220215e-02
1.031078770756721497e-02
-4.891637712717056274e-02
3.582887724041938782e-02
9.238049387931823730e-03
3.583045676350593567e-02
-2.483488060534000397e-02
2.606616541743278503e-02
9.465550072491168976e-03
-2.557264640927314758e-02
3.449974581599235535e-02
1.742045208811759949e-02
-1.858158409595489502e-02
4.826883226633071899e-02
-1.142649166285991669e-02
2.349897846579551697e-02
4.776641726493835449e-04
1.378611288964748383e-02
-8.947372552938759327e-04
2.367034787312150002e-03
3.828926477581262589e-03
8.796100318431854248e-02
-2.216811478137969971e-02
1.052691787481307983e-01
-5.077890306711196899e-02
-2.901180461049079895e-02
-1.263971347361803055e-02
3.358920663595199585e-02
4.454517737030982971e-02
2.588634192943572998e-02
5.803992599248886108e-02
4.966037720441818237e-02
9.371842443943023682e-02
-9.264916181564331055e-02
6.222161464393138885e-03
-2.851769386325031519e-04
-3.918005153536796570e-02
-5.627019330859184265e-02
-1.474462449550628662e-02
2.515686675906181335e-02
4.117307439446449280e-02
-3.396327048540115356e-02
4.597525671124458313e-02
3.662852570414543152e-02
-3.275921568274497986e-02
-8.652007207274436951e-03
-7.304281741380691528e-02
4.577400535345077515e-02
4.012067988514900208e-02
2.645321562886238098e-02
-5.423691123723983765e-02
6.495954096317291260e-02
7.491074211429804564e-05
3.061464801430702209e-02
1.723924838006496429e-02
-1.839239336550235748e-02
3.704030439257621765e-02
3.398438170552253723e-02
4.064399749040603638e-02
-5.499989539384841919e-02
6.769040133804082870e-03
7.027821242809295654e-02
-3.264940902590751648e-02
7.637058198451995850e-02
-2.186477929353713989e-02
4.540208727121353149e-02
-6.347976624965667725e-03
-5.642060562968254089e-02
4.690880328416824341e-02
-7.984307408332824707e-02
4.213508963584899902e-02
2.669174596667289734e-02
-2.717792987823486328e-02
4.794234782457351685e-02
-7.850827649235725403e-03
2.324509405298158526e-04
1.166936708614230156e-03
-2.804614976048469543e-02
-3.246105462312698364e-02
1.004986837506294250e-02
1.073372922837734222e-02
3.744032233953475952e-02
-5.710635334253311157e-02
5.885632708668708801e-02
1.761168055236339569e-02
-6.892816722393035889e-02
-2.754597924649715424e-02
4.623945802450180054e-02
-4.378282278776168823e-02
6.211579591035842896e-02
2.865096321329474449e-03
-3.638416901230812073e-02
2.013619989156723022e-03
-4.269170016050338745e-02
2.628503367304801941e-02
-5.552384257316589355e-02
3.438232094049453735e-02
-2.292869240045547485e-02
2.224320545792579651e-02
5.322843790054321289e-02
-1.698772236704826355e-02
7.045809924602508545e-02
-4.067506641149520874e-02
2.289001271128654480e-02
-1.661283150315284729e-02
-6.032996624708175659e-02
-3.119608759880065918e-02
-1.156584359705448151e-02
1.824903115630149841e-02
-2.859277091920375824e-02
1.530181150883436203e-02
-8.830823004245758057e-02
5.932267382740974426e-02
-3.691429644823074341e-02
1.657356694340705872e-02
-7.461788505315780640e-02
3.269534185528755188e-02
4.809743538498878479e-02
3.337140753865242004e-02
-7.565764337778091431e-02
6.048724055290222168e-03
6.723084952682256699e-03
7.655545137822628021e-03
-4.983894526958465576e-03
8.669158443808555603e-03
-5.465092137455940247e-02
-5.862144753336906433e-02
-7.142145931720733643e-02
1.195261348038911819e-02
-2.785120904445648193e-02
4.465781897306442261e-02
3.979073837399482727e-02
-3.937228396534919739e-02
6.191932037472724915e-02
-5.412721633911132812e-02
2.082153782248497009e-02
-2.070208266377449036e-02
5.199223011732101440e-02
-3.146373108029365540e-02
4.089443385601043701e-02
-6.071257591247558594e-02
5.233898758888244629e-02
-3.551087155938148499e-02
2.161333337426185608e-02
4.349574446678161621e-03
-3.901007026433944702e-02
-2.723241411149501801e-02
-6.273852288722991943e-02
-3.243343438953161240e-03
2.860089205205440521e-02
1.191952358931303024e-02
1.526110898703336716e-02
-3.443833440542221069e-02
-2.647313475608825684e-02
2.394268102943897247e-02
-1.313538253307342529e-01
3.835510462522506714e-02
-4.407752305269241333e-03
-3.464303538203239441e-02
7.397541403770446777e-02
4.660036414861679077e-02
-6.166958808898925781e-02
-5.806858465075492859e-02
2.381014823913574219e-02
-3.190930560231208801e-02
-9.897436015307903290e-03
-4.313836619257926941e-02
-7.087053358554840088e-02
-4.722126945853233337e-02
3.545307740569114685e-02
1.074495352804660797e-02
-4.250884056091308594e-02
-1.437811553478240967e-02
3.591290209442377090e-03
7.324770838022232056e-02
-4.747046157717704773e-02
-5.780671164393424988e-02
1.594677381217479706e-02
3.913426399230957031e-02
3.544021770358085632e-02
-2.108757942914962769e-02
3.311784565448760986e-02
-1.634610258042812347e-02
-7.063739746809005737e-02
1.613081432878971100e-02
-1.791230775415897369e-02
2.714470028877258301e-02
2.950442954897880554e-02
-2.107340283691883087e-02
1.934373751282691956e-02
1.819202862679958344e-02
-5.518812686204910278e-03
1.804736629128456116e-02
-9.268067777156829834e-02
-2.880243398249149323e-02
5.556234158575534821e-03
3.456069156527519226e-02
4.996732808649539948e-03
-7.602436095476150513e-02
1.656777784228324890e-02
-2.110942266881465912e-02
1.590644381940364838e-02
-9.744283556938171387e-02
-2.550995349884033203e-02
8.257053792476654053e-02
-3.933104872703552246e-02
1.143214385956525803e-02
-1.796269230544567108e-02
3.722202731296420097e-03
6.128721311688423157e-02
8.376380428671836853e-03
2.450324594974517822e-02
3.404491394758224487e-02
5.430998746305704117e-03
-5.990546196699142456e-02
-2.052901685237884521e-02
-6.464858353137969971e-02
-5.443047732114791870e-02
1.187276933342218399e-02
-1.989471539855003357e-02
-6.623327732086181641e-03
2.739740349352359772e-02
-3.886941820383071899e-02
2.306650020182132721e-02
5.738169699907302856e-02
2.471914142370223999e-02
3.367989137768745422e-02
6.214644759893417358e-02
-3.249143809080123901e-02
5.735604837536811829e-02
1.663192734122276306e-02
-4.284548759460449219e-02
-4.264176636934280396e-02
-3.265206143260002136e-02
-6.494826823472976685e-02
2.188859693706035614e-02
-6.263486295938491821e-02
2.910073474049568176e-02
-7.094834744930267334e-02
-1.265986729413270950e-02
-3.088857280090451241e-03
-7.741576433181762695e-02
7.741691172122955322e-02
-3.193311765789985657e-02
1.225199084728956223e-02
4.987279698252677917e-02
2.213660255074501038e-02
-1.765961013734340668e-02
1.813000813126564026e-02
3.643480688333511353e-02
-6.247504428029060364e-02
9.675258398056030273e-02
-5.831868853420019150e-03
-3.621369600296020508e-02
-4.764229804277420044e-02
3.138616308569908142e-02
7.286575622856616974e-03
-2.801394462585449219e-02
-3.792606666684150696e-02
-5.833449214696884155e-02
-4.263331182301044464e-03
6.343154609203338623e-02
2.448414638638496399e-02
9.582094848155975342e-03
-1.309325080364942551e-02
-3.308828920125961304e-02
4.045989364385604858e-02
-2.204350568354129791e-02
-6.696727871894836426e-02
-2.200661040842533112e-02
4.791841283440589905e-02
-4.570716619491577148e-02
2.220614813268184662e-02
3.386439755558967590e-02
6.085803359746932983e-02
2.518285252153873444e-02
-8.174836635589599609e-02
-4.759673401713371277e-02
5.689024925231933594e-02
-5.439328029751777649e-02
-5.303045269101858139e-03
8.017680048942565918e-02
4.355549754109233618e-04
2.159478515386581421e-02
2.386416867375373840e-02
3.071403130888938904e-02
-4.185255616903305054e-02
-3.548844251781702042e-03
-4.847322590649127960e-03
-2.546350657939910889e-02
-6.163897365331649780e-02
-3.597755357623100281e-02
-1.916695199906826019e-02
-4.951612278819084167e-02
7.477729767560958862e-02
-8.038863539695739746e-03
-5.854278057813644409e-02
6.176780536770820618e-02
7.013661414384841919e-02
-4.066358134150505066e-02
4.178323596715927124e-02
-3.133900091052055359e-02
3.805088624358177185e-02
3.400884941220283508e-02
-1.559006702154874802e-02
3.644098993390798569e-03
1.175936236977577209e-01
1.277652103453874588e-02
-3.932716697454452515e-02
-5.778126791119575500e-02
-5.246190354228019714e-02
2.698908373713493347e-02
9.328765794634819031e-03
3.056367300450801849e-02
1.798147335648536682e-02
-4.738672450184822083e-02
-3.107100783381611109e-04
2.436085604131221771e-02
-2.549098804593086243e-02
-1.732640527188777924e-02
1.551771629601716995e-02
-4.931591078639030457e-02
4.989525303244590759e-02
-1.474214904010295868e-02
2.649402990937232971e-02
-4.035735875368118286e-02
-1.466585695743560791e-02
2.128979004919528961e-02
-3.559518977999687195e-02
9.753207862377166748e-02
1.609646901488304138e-02
-2.163172140717506409e-02
-1.578059978783130646e-02
-3.436540812253952026e-02
-4.612607881426811218e-02
-6.988716777414083481e-03
4.495093598961830139e-02
-4.282545298337936401e-03
2.064280584454536438e-02
-2.160914614796638489e-02
4.698536545038223267e-02
-8.215240389108657837e-02
1.178286783397197723e-02
9.245291352272033691e-02
-1.290877116844058037e-03
-2.164438337786123157e-04
3.115863166749477386e-02
2.069183066487312317e-02
-2.769464813172817230e-02
-9.356610244140028954e-04
-2.288110554218292236e-03
-1.985059306025505066e-02
-3.369780629873275757e-02
-2.652088366448879242e-02
-2.285343362018465996e-03
1.435850746929645538e-02
1.592100411653518677e-02
-3.054182603955268860e-02
-2.819321118295192719e-02
-1.081566326320171356e-02
-1.861484907567501068e-02
4.159712791442871094e-02
3.979010507464408875e-02
-7.902696961537003517e-04
-9.691026061773300171e-02
-4.745292477309703827e-03
8.366604149341583252e-02
7.071997225284576416e-02
-2.456277050077915192e-02
-5.908743664622306824e-02
-3.726486861705780029e-02
-2.108410373330116272e-02
-9.847151115536689758e-03
1.254760287702083588e-02
6.744888611137866974e-03
3.755734488368034363e-02
5.140397697687149048e-02
2.390414476394653320e-03
4.482450708746910095e-02
2.773703634738922119e-02
2.482851780951023102e-02
-2.359657734632492065e-02
6.254497170448303223e-02
-2.001662366092205048e-02
1.664686575531959534e-02
1.752379583194851875e-03
3.431426361203193665e-02
-2.894233167171478271e-02
3.167398646473884583e-02
-1.668536663055419922e-02
-4.895546287298202515e-02
7.485990226268768311e-02
6.087685748934745789e-02
-2.073439769446849823e-02
-2.566221356391906738e-02
1.110835839062929153e-02
2.635962329804897308e-02
3.903136402368545532e-02
5.839727446436882019e-02
2.227354235947132111e-02
-4.406753927469253540e-02
1.802318729460239410e-02
1.380413584411144257e-02
1.381688751280307770e-02
-2.840776182711124420e-02
-7.439946290105581284e-03
3.142286092042922974e-02
-3.964682295918464661e-02
-1.875943131744861603e-02
5.088364332914352417e-02
3.705454245209693909e-02
-1.705886446870863438e-03
-1.269437186419963837e-02
3.329262137413024902e-02
3.500484675168991089e-02
-1.228800266981124878e-01
5.114171653985977173e-04
2.022522315382957458e-02
-9.506474249064922333e-03
-1.283833198249340057e-02
2.476274967193603516e-04
-6.241651251912117004e-02
2.810845337808132172e-02
7.077352702617645264e-02
-4.221675917506217957e-02
7.127759605646133423e-02
-2.178889140486717224e-02
9.194988757371902466e-02
3.682831674814224243e-02
-1.556835323572158813e-02
-1.994364149868488312e-02
-3.583742771297693253e-03
-4.978857934474945068e-02
-1.629615575075149536e-02
-3.094410523772239685e-02
-1.109032053500413895e-02
3.588554263114929199e-02
-2.941949106752872467e-02
8.137770742177963257e-02
4.231435246765613556e-03
6.224464252591133118e-02
-3.447699546813964844e-02
-6.441751029342412949e-03
-1.119609223678708076e-03
4.940587282180786133e-02
3.388256579637527466e-02
1.458694972097873688e-02
-6.461266428232192993e-02
6.065638735890388489e-02
-4.941407591104507446e-03
-2.731187269091606140e-02
7.265806198120117188e-02
2.134448289871215820e-02
-5.176796391606330872e-02
-8.748774230480194092e-02
6.926530040800571442e-03
2.163201570510864258e-04
8.741767145693302155e-03
-5.089524202048778534e-03
-1.965441927313804626e-02
1.854536309838294983e-02
5.261881276965141296e-02
-7.282160222530364990e-02
-3.731434792280197144e-02
3.384755458682775497e-03
-3.531415015459060669e-02
2.884419262409210205e-02
9.134668856859207153e-03
4.027331620454788208e-02
2.481305971741676331e-02
3.547944873571395874e-02
-8.255567401647567749e-02
7.433572411537170410e-02
-2.562146447598934174e-02
-1.389445643872022629e-02
6.120829656720161438e-02
-4.988513886928558350e-03
-7.564555108547210693e-02
4.264784604310989380e-02
5.775137990713119507e-02
-6.140918005257844925e-03
-5.351715162396430969e-02
-4.934768006205558777e-02
-3.066295944154262543e-02
-1.300749778747558594e-01
-7.540409266948699951e-02
-4.495338350534439087e-02
9.384063072502613068e-03
-1.165880728513002396e-02
-9.513826668262481689e-02
-1.745255850255489349e-02
5.295155569911003113e-02
7.302206940948963165e-03
4.308978840708732605e-02
8.142216131091117859e-03
8.925119414925575256e-03
-4.990707151591777802e-03
-8.167792856693267822e-02
1.708211726509034634e-03
-6.291014142334461212e-03
1.137557029724121094e-01
-6.767693161964416504e-02
4.948814399540424347e-03
-7.837036252021789551e-02
3.073326870799064636e-02
1.273071467876434326e-01
-1.265069283545017242e-02
1.011103298515081406e-02
1.507551036775112152e-02
-4.198292735964059830e-03
-2.818787097930908203e-02
-2.652822062373161316e-02
1.569965109229087830e-02
1.109572872519493103e-02
2.612096071243286133e-02
2.811217866837978363e-02
-4.403136204928159714e-03
7.851587980985641479e-02
1.974690007045865059e-03
-4.301412031054496765e-02
-1.348930411040782928e-02
6.045090034604072571e-02
5.093474313616752625e-02
3.346012160181999207e-02
-3.406831249594688416e-02
2.407261729240417480e-02
3.017624653875827789e-02
5.000282451510429382e-02
-1.940221525728702545e-02
7.856639102101325989e-03
-3.051560185849666595e-02
1.674125157296657562e-02
-2.665365301072597504e-02
9.107520803809165955e-03
-1.498706638813018799e-03
2.473466470837593079e-02
9.876732714474201202e-03
2.842403575778007507e-02
-1.127670053392648697e-02
1.748808659613132477e-02
-9.553556144237518311e-02
-2.497345267329365015e-04
8.912667632102966309e-03
5.429513985291123390e-04
-3.423776105046272278e-02
-6.119888275861740112e-02
2.295688726007938385e-02
1.283496059477329254e-02
1.605926640331745148e-02
-2.724949456751346588e-02
5.992479855194687843e-04
-4.471387714147567749e-02
2.362826094031333923e-02
2.885575033724308014e-02
-8.653065189719200134e-03
9.111790917813777924e-03
-9.696552902460098267e-02
-9.811162017285823822e-03
-2.415749058127403259e-02
2.338134311139583588e-02
5.900243669748306274e-02
-9.887898340821266174e-03
-5.246589425951242447e-03
4.959448054432868958e-02
-2.282394096255302429e-02
-5.069840699434280396e-02
4.580047354102134705e-02
-1.738833449780941010e-02
-2.496027201414108276e-02
1.454262994229793549e-02
3.032371459994465113e-04
-6.003214512020349503e-03
-8.623243868350982666e-02
3.641504794359207153e-02
8.057048916816711426e-02
-5.851285532116889954e-02
2.267382852733135223e-02
-1.390520948916673660e-02
6.216747686266899109e-02
-1.145950425416231155e-02
3.866382315754890442e-02
4.577030241489410400e-02
3.910462930798530579e-02
1.358158886432647705e-02
3.234592825174331665e-02
5.223705619573593140e-02
1.670162752270698547e-02
-1.089638248085975647e-01
-2.555379178375005722e-03
5.519867688417434692e-02
3.676914423704147339e-02
-5.894361995160579681e-03
3.061182424426078796e-02
9.668855369091033936e-02
-4.645916074514389038e-02
2.546354010701179504e-02
4.619015008211135864e-02
-2.912344411015510559e-02
3.317964822053909302e-02
-2.557963016442954540e-04
1.152142062783241272e-01
-5.554826185107231140e-02
-8.045037090778350830e-02
8.012726157903671265e-02
2.725545689463615417e-02
-4.710755869746208191e-02
-1.449452061206102371e-02
-2.866398915648460388e-02
8.715852349996566772e-02
3.165403753519058228e-02
-8.716188371181488037e-03
-9.120671078562736511e-03
-2.169040963053703308e-02
-1.909370347857475281e-02
3.526774421334266663e-02
-4.472776129841804504e-02
-2.414095029234886169e-02
-8.589638397097587585e-03
8.038836531341075897e-03
-3.998324647545814514e-02
-5.070208385586738586e-02
3.964786417782306671e-03
-6.153202801942825317e-02
4.519429802894592285e-02
-3.417925164103507996e-02
-3.806530684232711792e-02
2.643666043877601624e-02
-1.170896086841821671e-02
-6.325905770063400269e-02
-2.309663966298103333e-02
-3.677204367704689503e-04
3.240645304322242737e-02
-2.828609012067317963e-02
5.661152303218841553e-03
-2.905149199068546295e-02
-5.382792279124259949e-02
-3.816331550478935242e-02
4.919269680976867676e-02
2.522289380431175232e-02
-1.319121755659580231e-02
6.557465996593236923e-03
-5.033784359693527222e-02
4.059032723307609558e-02
-1.796821877360343933e-02
-7.798674050718545914e-03
-7.044519484043121338e-02
-3.786499425768852234e-02
3.254561871290206909e-02
-6.095428392291069031e-02
-2.981122955679893494e-02
8.936864323914051056e-03
8.141904324293136597e-02
4.346665740013122559e-02
3.852655366063117981e-02
8.048941940069198608e-02
-9.221159853041172028e-03
-8.876471221446990967e-02
-1.116090044379234314e-01
6.060035154223442078e-02
3.304203972220420837e-02
4.239374026656150818e-02
-1.177180558443069458e-02
5.935475230216979980e-02
-8.358416706323623657e-02
-8.059815317392349243e-02
-1.671952754259109497e-02
4.921401292085647583e-02
-7.739198859781026840e-03
-4.882195591926574707e-02
-3.648130688816308975e-03
-3.927224874496459961e-02
8.996886201202869415e-03
6.712628901004791260e-02
1.050720084458589554e-02
-4.133499786257743835e-02
-2.795381285250186920e-02
6.425264477729797363e-02
1.618636772036552429e-02
4.492919519543647766e-02
4.065882042050361633e-02
-9.172111749649047852e-04
-2.380745671689510345e-02
-4.596743360161781311e-02
-2.786827646195888519e-02
-1.200543157756328583e-02
2.590537630021572113e-02
-4.100330919027328491e-02
2.730750478804111481e-02
-9.945513680577278137e-03
4.200322553515434265e-02
-1.108914334326982498e-02
-8.213080465793609619e-03
-5.013072490692138672e-02
4.273120686411857605e-02
5.508027598261833191e-02
1.150842849165201187e-02
7.448446936905384064e-03
-2.937537431716918945e-02
-1.559772342443466187e-02
1.921986415982246399e-02
1.741550676524639130e-02
2.886688336730003357e-02
-9.604248218238353729e-03
-3.817509859800338745e-02
-1.016085129231214523e-02
-6.149650737643241882e-02
3.511674329638481140e-02
2.662502601742744446e-02
-2.597085759043693542e-02
-1.845405809581279755e-02
4.929568618535995483e-03
-2.537965774536132812e-03
-6.126031279563903809e-02
7.816852629184722900e-02
-1.695395633578300476e-02
-1.694292388856410980e-02
3.211138397455215454e-02
-5.947154131717979908e-04
4.076405242085456848e-02
1.292931009083986282e-02
-5.959112197160720825e-03
2.276206575334072113e-02
5.841647274792194366e-03
1.998423039913177490e-02
1.495625358074903488e-02
-1.443887036293745041e-02
-4.374393075704574585e-02
6.701937317848205566e-02
-2.052924595773220062e-02
-4.545112606137990952e-03
-3.088872507214546204e-02
-1.797836087644100189e-02
-6.676813215017318726e-02
-3.809193149209022522e-03
-3.937888890504837036e-03
-1.626502722501754761e-03
-4.916344769299030304e-03
-8.407030254602432251e-02
-6.287346035242080688e-02
-5.946506932377815247e-02
2.933201566338539124e-02
3.189989179372787476e-02
1.967859920114278793e-03
2.766200341284275055e-02
1.154111698269844055e-03
1.219748985022306442e-02
-5.714895576238632202e-02
3.722755704075098038e-03
-1.070449780672788620e-02
-4.341424442827701569e-03
-9.474317729473114014e-02
5.668878555297851562e-03
-1.351855881512165070e-02
4.290276020765304565e-02
-4.243523254990577698e-02
-6.504438817501068115e-02
-3.639014810323715210e-02
