1.895169354975223541e-02
6.069575902074575424e-03
-2.582946233451366425e-02
-1.499710138887166977e-02
3.175701946020126343e-02
1.782024838030338287e-02
2.975110523402690887e-02
-3.805816546082496643e-02
4.313442483544349670e-02
2.034405991435050964e-02
-1.349224802106618881e-02
6.363941793097183108e-05
-4.014777950942516327e-03
7.382304966449737549e-02
-9.340827353298664093e-03
4.159570112824440002e-02
-1.340666785836219788e-02
1.164631620049476624e-01
3.420908376574516296e-02
-1.918191090226173401e-02
-3.369697555899620056e-02
2.605139452498406172e-04
-6.628577411174774170e-02
1.558872964233160019e-02
5.461603030562400818e-02
3.713261336088180542e-02
-5.573995411396026611e-02
3.539644926786422729e-02
7.102049887180328369e-02
-5.416215863078832626e-03
4.977548122406005859e-02
3.144470509141683578e-03
3.370929509401321411e-02
-7.437177933752536774e-03
-5.246177315711975098e-04
-1.811329647898674011e-02
-3.220391646027565002e-02
-9.892557747662067413e-03
-2.393123880028724670e-02
-1.022306177765130997e-02
-2.239744178950786591e-02
-5.985984578728675842e-02
6.575366854667663574e-02
-4.952921532094478607e-03
-9.098378941416740417e-03
-2.468640916049480438e-02
1.277606189250946045e-02
8.802233263850212097e-03
6.335073616355657578e-03
2.749621495604515076e-02
-3.616354428231716156e-03
8.911609649658203125e-02
-2.740163728594779968e-02
2.609547041356563568e-02
-5.206466838717460632e-02
1.530912611633539200e-02
1.657029986381530762e-02
-7.161895185708999634e-02
4.967528581619262695e-02
-4.733567591756582260e-03
3.881076723337173462e-02
9.020227193832397461e-02
-9.295617789030075073e-02
-1.429046131670475006e-02
-5.472490191459655762e-02
1.672708988189697266e-02
-6.001402810215950012e-02
-2.124869823455810547e-02
-3.228357061743736267e-02
-5.948144011199474335e-03
4.332198947668075562e-02
5.925896391272544861e-02
-2.101723663508892059e-02
-2.082122303545475006e-02
4.118371754884719849e-02
3.024487523362040520e-03
-3.111938014626502991e-02
3.368814289569854736e-02
2.085642702877521515e-02
-3.329110890626907349e-02
-1.062964461743831635e-02
-1.622630469501018524e-02
4.417239502072334290e-02
-4.031457379460334778e-02
-1.619986444711685181e-02
1.187309972010552883e-03
-6.212679669260978699e-03
3.509819880127906799e-02
7.474571466445922852e-03
4.685073718428611755e-02
-1.391186146065592766e-03
1.872831396758556366e-02
-4.757314175367355347e-02
-5.579276010394096375e-02
-2.373987250030040741e-02
1.134759932756423950e-02
4.796638712286949158e-02
-3.281607478857040405e-02
-5.402846261858940125e-02
3.284780681133270264e-02
-7.433379068970680237e-04
1.374203478917479515e-03
-4.717562347650527954e-03
-1.129700895398855209e-02
-2.447122940793633461e-03
9.971697814762592316e-03
-1.475043129175901413e-02
2.432027645409107208e-02
-1.052070595324039459e-02
3.011790849268436432e-02
-1.370434556156396866e-02
5.653295665979385376e-02
3.085860237479209900e-02
4.252620413899421692e-02
5.218474194407463074e-02
-2.596914768218994141e-02
-1.282660756260156631e-02
2.619930356740951538e-02
7.565195858478546143e-02
1.897870004177093506e-02
1.434329198673367500e-03
-1.629742421209812164e-02
-1.001486480236053467e-01
-9.405169985257089138e-04
2.299288660287857056e-02
3.379011154174804688e-02
-3.563188761472702026e-02
-4.397430643439292908e-02
1.012205425649881363e-02
-4.318851605057716370e-02
1.826065406203269958e-02
-3.680713847279548645e-02
7.951194047927856445e-02
-8.168815076351165771e-02
3.310253098607063293e-02
-7.190988957881927490e-02
-9.008450061082839966e-02
-7.751956582069396973e-02
-2.734587527811527252e-02
3.721601516008377075e-02
-2.187983877956867218e-02
-1.802013255655765533e-02
1.676173508167266846e-02
-2.319712750613689423e-02
-4.924501106142997742e-02
-3.745518624782562256e-02
-3.870711475610733032e-02
2.804073691368103027e-02
6.046059355139732361e-02
4.320957511663436890e-02
-3.259214386343955994e-02
-4.837716370820999146e-02
6.785276532173156738e-02
-9.179752320051193237e-02
-3.395088389515876770e-02
-1.212901994585990906e-02
-3.729069977998733521e-02
5.702808499336242676e-02
-2.865979634225368500e-02
-3.431070223450660706e-02
7.131642848253250122e-02
-3.241556137800216675e-02
-4.275906365364789963e-03
-2.372019365429878235e-02
1.320559717714786530e-02
6.172848492860794067e-02
6.785881705582141876e-04
-3.772244602441787720e-02
6.972330808639526367e-02
-4.565468523651361465e-03
-3.829935193061828613e-02
-9.783742018043994904e-03
-7.156746461987495422e-03
-6.711348146200180054e-02
-4.737954214215278625e-02
-1.287795603275299072e-02
4.827638715505599976e-02
4.704596847295761108e-02
-1.718245632946491241e-02
7.565201725810766220e-03
-4.817173350602388382e-03
4.965805914252996445e-03
-2.339434996247291565e-02
-3.914960846304893494e-02
1.432599779218435287e-02
3.220812976360321045e-02
8.118805475533008575e-03
5.680790916085243225e-02
-2.853577025234699249e-02
-2.083013392984867096e-02
1.258253585547208786e-02
3.864724934101104736e-02
-8.940677158534526825e-03
-6.686954759061336517e-03
-1.893918961286544800e-02
3.605218231678009033e-02
3.440599143505096436e-02
-2.329806564375758171e-03
-5.364452302455902100e-02
-4.753585532307624817e-02
-3.659306839108467102e-02
-4.697240144014358521e-02
4.824688658118247986e-03
1.434777956455945969e-02
-2.910635992884635925e-02
4.888452589511871338e-02
-1.976269856095314026e-02
4.188746213912963867e-02
-1.312640681862831116e-02
4.801647737622261047e-02
1.015859842300415039e-02
1.288027465343475342e-01
-1.014355048537254333e-01
-1.607416011393070221e-02
6.864876300096511841e-02
-2.197129838168621063e-02
3.465603291988372803e-02
-5.685516446828842163e-02
1.954683801159262657e-03
-4.663349688053131104e-02
8.930678479373455048e-03
-7.776099443435668945e-02
6.486330181360244751e-03
7.029541581869125366e-02
-5.379879381507635117e-03
1.533062476664781570e-02
-1.469584461301565170e-02
-5.778919160366058350e-02
4.106977581977844238e-02
-2.876799553632736206e-02
-1.087777595967054367e-02
5.832310765981674194e-02
-4.064405709505081177e-02
-2.324712648987770081e-02
-5.442940164357423782e-03
-8.723230101168155670e-03
1.068002637475728989e-02
2.107931673526763916e-02
2.663287706673145294e-02
-4.698406904935836792e-02
1.233600638806819916e-02
2.657090686261653900e-02
3.424263745546340942e-02
1.021670643240213394e-02
2.688449248671531677e-02
-4.431121982634067535e-03
-1.405318733304738998e-02
2.939689159393310547e-02
5.866295099258422852e-02
-7.227882277220487595e-03
2.415992319583892822e-02
2.897545881569385529e-02
-3.034338913857936859e-02
-3.778596594929695129e-02
4.783185943961143494e-02
1.622314564883708954e-02
-4.543638974428176880e-02
6.770548876374959946e-03
-1.241700630635023117e-02
2.128291502594947815e-02
4.388530179858207703e-02
-2.464806661009788513e-02
5.366289243102073669e-02
-2.000896073877811432e-02
6.265747547149658203e-02
-6.031822413206100464e-03
-4.647761583328247070e-02
3.573071211576461792e-02
1.077628135681152344e-02
-4.621279984712600708e-02
-2.920844033360481262e-02
2.984373457729816437e-02
4.027222841978073120e-02
-1.483600586652755737e-02
-4.948563501238822937e-02
1.722886413335800171e-02
-7.962439954280853271e-02
-9.811846539378166199e-03
1.481851562857627869e-02
5.383116006851196289e-02
9.249616414308547974e-02
-2.470790781080722809e-02
-6.502825301140546799e-03
8.292008191347122192e-03
-2.891941182315349579e-02
-2.147800847887992859e-02
-7.506258785724639893e-02
4.500516876578330994e-02
-3.694433544296771288e-04
4.114294797182083130e-02
-5.250708386301994324e-02
-1.806379854679107666e-02
4.141789302229881287e-02
-2.812832221388816833e-02
-3.461073711514472961e-02
-1.968182064592838287e-02
9.154550731182098389e-03
-1.993508450686931610e-02
-7.360046356916427612e-02
-3.731239214539527893e-02
1.017060037702322006e-02
1.278883591294288635e-02
8.367235772311687469e-03
-3.821800276637077332e-02
-2.803564071655273438e-02
9.876819327473640442e-03
1.922629214823246002e-02
2.898284047842025757e-02
-5.577263981103897095e-02
5.689777433872222900e-02
-2.253896743059158325e-02
-7.266424596309661865e-02
-6.755346059799194336e-02
-1.125855650752782822e-02
-1.625666022300720215e-02
-1.356845907866954803e-02
-1.578219793736934662e-02
4.628331400454044342e-03
-2.650736458599567413e-02
2.109138295054435730e-02
6.439823657274246216e-02
9.781969711184501648e-03
-3.076852299273014069e-02
1.049645710736513138e-02
8.361465297639369965e-03
4.389821086078882217e-03
1.157207041978836060e-02
3.066425397992134094e-02
5.338905379176139832e-02
-1.907559670507907867e-02
2.367059467360377312e-03
-2.425956726074218750e-02
1.040922198444604874e-02
-1.140526030212640762e-02
-3.986781835556030273e-02
-3.926587477326393127e-02
-3.802740946412086487e-02
4.228563979268074036e-02
2.346187643706798553e-02
5.581872910261154175e-02
4.856288060545921326e-02
4.012131690979003906e-02
-3.696293383836746216e-02
2.742959186434745789e-03
5.743240471929311752e-03
-4.790315777063369751e-02
3.047961508855223656e-03
-5.429212749004364014e-02
1.525660976767539978e-02
-7.086006551980972290e-02
3.862398862838745117e-02
-3.082176297903060913e-02
2.092809230089187622e-02
-7.486265152692794800e-02
7.244484871625900269e-02
5.851480737328529358e-02
-1.240496058017015457e-02
1.359160710126161575e-02
7.335586473345756531e-03
5.095286667346954346e-02
-1.484123431146144867e-02
1.626788452267646790e-02
-4.082630202174186707e-02
-3.941685333847999573e-02
-6.876725237816572189e-03
1.709342747926712036e-02
2.193000353872776031e-02
-7.831230759620666504e-02
5.104722455143928528e-02
1.098620072007179260e-01
-1.063487008213996887e-01
-2.743934094905853271e-02
-8.142826147377490997e-03
8.560433983802795410e-02
6.059622019529342651e-02
5.468983575701713562e-02
-5.813610181212425232e-02
3.703232482075691223e-02
-5.212812498211860657e-02
3.284047171473503113e-02
-5.015750881284475327e-03
-8.069620467722415924e-03
3.448674455285072327e-02
-1.349367573857307434e-02
-8.797860704362392426e-03
-2.425427176058292389e-02
-4.620791226625442505e-02
-2.626407518982887268e-02
3.310680389404296875e-03
-6.384367495775222778e-02
-3.670179471373558044e-02
-1.076578348875045776e-02
-5.257146432995796204e-03
-4.300021380186080933e-02
-3.193927230313420296e-03
1.432963646948337555e-03
3.961794078350067139e-03
-7.431214209645986557e-03
-1.950474828481674194e-02
-2.165351808071136475e-02
-1.977472193539142609e-02
-2.361347526311874390e-02
-5.084925144910812378e-02
3.865926712751388550e-02
5.032828450202941895e-02
3.809769824147224426e-02
-3.054000996053218842e-02
1.415796950459480286e-02
-1.404804736375808716e-02
-1.239365153014659882e-02
4.866382107138633728e-03
-5.712149664759635925e-02
-2.550317905843257904e-02
3.316371515393257141e-02
-4.167265072464942932e-02
-2.070442214608192444e-02
-7.875777781009674072e-02
4.179312661290168762e-02
-9.336122125387191772e-02
-1.703309454023838043e-02
3.757121786475181580e-02
1.963872229680418968e-03
8.462999016046524048e-02
-1.437533181160688400e-03
-4.850073531270027161e-02
-4.101646691560745239e-02
2.132473746314644814e-03
-1.795033365488052368e-02
5.395271256566047668e-02
3.286772966384887695e-02
8.820092305541038513e-03
-3.457184066064655781e-04
-5.796060711145401001e-02
1.270359847694635391e-02
-6.286319345235824585e-02
1.216962281614542007e-02
2.349151857197284698e-02
-7.884312421083450317e-02
-1.269841380417346954e-02
5.200576782226562500e-02
-2.859174646437168121e-02
-1.901786657981574535e-03
-4.666082933545112610e-02
-7.276950869709253311e-03
1.398214045912027359e-02
-3.754858672618865967e-02
1.985680125653743744e-02
5.659111961722373962e-02
-7.897953502833843231e-03
-6.547270715236663818e-02
7.733713369816541672e-03
-4.075998067855834961e-02
1.082750502973794937e-03
-4.698761180043220520e-02
4.639682173728942871e-02
-3.663299605250358582e-02
-4.936948046088218689e-02
7.068870216608047485e-02
-7.057558000087738037e-02
-1.721799559891223907e-02
-5.158989876508712769e-02
5.723305046558380127e-03
4.017818719148635864e-02
7.792118471115827560e-03
-2.220930531620979309e-02
1.993109006434679031e-03
7.806067820638418198e-03
-3.283544629812240601e-02
5.400018766522407532e-02
-9.925973601639270782e-03
-6.096817925572395325e-02
-1.066817995160818100e-02
-1.891024969518184662e-02
-3.525294363498687744e-02
5.536354365176521242e-05
5.513194948434829712e-02
-2.173633873462677002e-02
-1.393273659050464630e-02
-3.093398641794919968e-03
1.690297946333885193e-02
1.672954671084880829e-02
-2.431417815387248993e-02
-5.843690037727355957e-02
-5.394914373755455017e-02
5.140719190239906311e-02
-3.051652014255523682e-02
1.815432682633399963e-02
5.338244512677192688e-02
-1.440972089767456055e-02
-1.463033910840749741e-02
8.674612268805503845e-03
2.430844819173216820e-03
-8.777318149805068970e-02
-6.370021402835845947e-02
2.140668407082557678e-02
-1.059182919561862946e-02
-8.441720157861709595e-03
1.433531870134174824e-03
-1.976993493735790253e-02
-2.082553878426551819e-02
5.290011316537857056e-02
-5.524096265435218811e-02
-5.648088641464710236e-03
6.943610031157732010e-03
5.800104141235351562e-02
-2.273852005600929260e-02
3.995137289166450500e-02
-6.813958287239074707e-02
-3.526137769222259521e-02
8.102614432573318481e-03
6.101700663566589355e-02
3.099675290286540985e-03
-2.308132685720920563e-02
3.420345112681388855e-02
-3.166768327355384827e-02
8.605900220572948456e-03
1.217453647404909134e-02
1.717482693493366241e-02
-1.958599127829074860e-02
-1.653424277901649475e-02
-1.194162946194410324e-02
2.225876785814762115e-02
2.493969909846782684e-02
3.476915881037712097e-02
-3.604649752378463745e-02
-3.869561478495597839e-02
4.299535974860191345e-02
-3.199082612991333008e-02
1.142195519059896469e-02
-3.973048925399780273e-02
5.351958051323890686e-02
-2.863749861717224121e-02
-1.431721169501543045e-02
-5.675742402672767639e-02
1.038638409227132797e-02
-9.008055552840232849e-03
-3.116270899772644043e-02
9.066129103302955627e-03
6.285800784826278687e-02
-9.285035729408264160e-02
-3.465832769870758057e-02
4.289049282670021057e-02
1.565861329436302185e-02
-2.674536220729351044e-02
-1.517872978001832962e-02
8.810918778181076050e-02
-3.813093900680541992e-02
-1.967295072972774506e-02
5.081709846854209900e-02
-2.493570186197757721e-02
3.710551932454109192e-02
5.661005154252052307e-02
-4.752792418003082275e-02
4.219122976064682007e-02
-3.976896032691001892e-02
1.640162430703639984e-02
-3.443992882966995239e-02
-5.674890428781509399e-02
5.709321796894073486e-02
-1.797442324459552765e-02
4.957145079970359802e-02
-2.967875078320503235e-02
2.413474768400192261e-02
-2.880906686186790466e-02
1.064269989728927612e-02
-5.570547282695770264e-02
-2.670826390385627747e-02
5.318761616945266724e-02
-1.879738830029964447e-02
2.088483981788158417e-02
-4.799076914787292480e-02
-3.659934923052787781e-02
7.768683880567550659e-02
5.757762119174003601e-02
3.461801633238792419e-02
-1.511659566313028336e-02
2.155205607414245605e-02
-2.241616323590278625e-02
-5.336889997124671936e-02
2.011012472212314606e-02
3.543552011251449585e-02
-8.575480431318283081e-03
1.572684943675994873e-02
1.077408418059349060e-01
-5.145066976547241211e-02
6.750869564712047577e-03
-5.737195909023284912e-02
5.632022861391305923e-03
7.968908548355102539e-02
4.195798654109239578e-03
-1.063779443502426147e-01
-3.349015023559331894e-03
-8.945148438215255737e-02
8.062807843089103699e-03
-7.825640588998794556e-02
2.770744822919368744e-02
3.083497472107410431e-02
-2.271001785993576050e-02
6.780005991458892822e-02
5.404262803494930267e-03
-2.295946516096591949e-02
-3.293147310614585876e-02
1.762142404913902283e-02
-2.455202490091323853e-02
-3.560497239232063293e-02
7.548070698976516724e-02
-2.353203669190406799e-02
3.529481217265129089e-02
-4.721538722515106201e-02
9.286830201745033264e-03
-9.409219026565551758e-03
-3.684289380908012390e-02
6.884394586086273193e-02
-8.251652121543884277e-02
3.870802745223045349e-02
-1.702655106782913208e-02
-3.105013258755207062e-02
-3.012492693960666656e-02
-1.207564864307641983e-02
7.191020995378494263e-02
1.091169659048318863e-02
-3.361206874251365662e-02
-3.622113913297653198e-02
1.417895196937024593e-03
4.826275631785392761e-02
8.840894326567649841e-03
6.073163077235221863e-02
-1.503063738346099854e-02
5.911943316459655762e-02
1.648882962763309479e-02
3.469688817858695984e-02
1.969116181135177612e-02
1.511186175048351288e-02
-3.733225911855697632e-02
-1.712330430746078491e-02
-9.205217473208904266e-03
3.581944853067398071e-02
-3.815277293324470520e-02
-9.508134797215461731e-03
-5.824074521660804749e-02
-5.171353369951248169e-02
9.747068397700786591e-03
-5.481063574552536011e-02
4.109568521380424500e-02
2.475357428193092346e-02
5.786952748894691467e-02
5.126811563968658447e-03
1.733176596462726593e-02
2.580442465841770172e-02
1.327625941485166550e-02
9.583989530801773071e-02
4.116845317184925079e-03
4.728778824210166931e-02
-5.881579220294952393e-02
-6.403829157352447510e-02
6.363332271575927734e-02
2.989855408668518066e-02
4.809392243623733521e-02
-1.295079588890075684e-01
-1.778812520205974579e-02
5.518708005547523499e-02
-9.629264473915100098e-03
1.980296149849891663e-02
-2.563435770571231842e-02
5.076909065246582031e-02
-9.577629156410694122e-03
-5.805454403162002563e-02
4.452989995479583740e-02
7.229880988597869873e-02
3.284955769777297974e-02
2.908515371382236481e-02
-5.623758584260940552e-02
-1.924898358993232250e-03
3.127371519804000854e-02
4.574409872293472290e-02
-1.323548797518014908e-02
-6.763893179595470428e-03
4.642089083790779114e-02
6.922454386949539185e-02
4.755149036645889282e-02
-4.279285296797752380e-02
1.086942665278911591e-02
2.744069509208202362e-02
3.308684332296252251e-03
-1.985188387334346771e-02
2.793243527412414551e-02
-3.601865144446492195e-03
5.723733082413673401e-02
5.091066285967826843e-02
3.802222013473510742e-02
9.395740926265716553e-03
-1.716538146138191223e-02
-4.853008314967155457e-02
1.435701549053192139e-02
-7.048071362078189850e-03
-2.280014380812644958e-02
9.576366096735000610e-02
4.496135190129280090e-02
-3.994857519865036011e-02
6.835860759019851685e-02
4.615262895822525024e-02
3.258248046040534973e-02
2.407098561525344849e-02
-2.710153162479400635e-02
3.629730315878987312e-03
-7.466794550418853760e-02
5.989829078316688538e-02
2.309242263436317444e-02
-1.352128293365240097e-02
2.382793650031089783e-02
-9.609720669686794281e-03
2.112660557031631470e-02
-1.264004968106746674e-02
-2.818786166608333588e-02
7.319071143865585327e-02
-1.318497676402330399e-02
-9.883499704301357269e-03
-2.260313928127288818e-02
4.839971661567687988e-02
-3.935708105564117432e-02
-3.491001203656196594e-03
1.865530386567115784e-02
-1.991176232695579529e-02
-3.780672093853354454e-03
-5.019434727728366852e-03
1.103716045618057251e-01
-6.712134927511215210e-02
-2.637811237946152687e-03
3.233763575553894043e-02
-4.313103482127189636e-02
2.765489555895328522e-02
-2.126814238727092743e-02
-5.954579636454582214e-02
-1.639309525489807129e-02
-2.687999606132507324e-02
9.241041727364063263e-03
-1.958315260708332062e-02
-5.760006979107856750e-02
3.627308085560798645e-02
-3.289644047617912292e-02
6.244488433003425598e-02
3.218818083405494690e-02
3.278097603470087051e-03
7.745752576738595963e-03
1.504650618880987167e-02
-5.178025364875793457e-02
8.598516695201396942e-03
7.935120374895632267e-04
-1.559366658329963684e-02
-7.836072705686092377e-03
3.571640700101852417e-02
3.516274318099021912e-02
-1.648349501192569733e-02
5.464458465576171875e-02
5.707834288477897644e-02
1.122152805328369141e-02
3.605724126100540161e-02
-8.455285569652915001e-04
-1.213670894503593445e-02
7.989897578954696655e-02
1.330625358968973160e-02
-1.049707364290952682e-02
2.951171994209289551e-02
-1.184979826211929321e-02
-1.954380422830581665e-02
2.953648008406162262e-02
4.924203082919120789e-02
-3.209093213081359863e-02
1.384231075644493103e-02
-2.974971197545528412e-02
-7.000264246016740799e-03
-7.034430652856826782e-02
-3.339740680530667305e-03
5.351940914988517761e-02
-6.750482320785522461e-02
8.214988745748996735e-03
3.361233696341514587e-02
3.624533489346504211e-02
7.636661082506179810e-02
-2.933512069284915924e-02
-8.436861447989940643e-03
-8.239570073783397675e-03
-6.748883426189422607e-02
-1.077795028686523438e-02
4.526033625006675720e-02
4.398691933602094650e-03
-7.782869040966033936e-03
8.740835823118686676e-03
-1.235475204885005951e-02
-2.907158434391021729e-02
2.477739751338958740e-02
-7.008188869804143906e-03
7.087377365678548813e-03
-3.396716713905334473e-02
-1.337582129053771496e-03
4.867481999099254608e-03
4.008058831095695496e-02
3.056245669722557068e-02
-4.680740088224411011e-02
-3.485064208507537842e-02
-3.040327690541744232e-02
-2.554604969918727875e-02
-1.647845469415187836e-02
-3.745417669415473938e-02
-4.464809969067573547e-02
-5.554938316345214844e-02
3.328317776322364807e-02
-4.157251119613647461e-02
-3.719027712941169739e-02
-8.373391628265380859e-02
1.526590343564748764e-02
-3.323541954159736633e-02
-1.825349591672420502e-02
-6.684633344411849976e-02
-2.215229161083698273e-02
-2.937434799969196320e-02
1.768027781508862972e-03
-9.884011233225464821e-04
-1.648278348147869110e-02
7.068171352148056030e-02
7.949370890855789185e-03
-3.259195713326334953e-03
8.516909554600715637e-03
-3.435040265321731567e-02
-5.978650227189064026e-02
7.948055118322372437e-02
1.308906543999910355e-02
-4.623865336179733276e-02
-5.384858325123786926e-02
1.178226619958877563e-02
-7.413202524185180664e-02
-4.549882188439369202e-02
-4.035468772053718567e-02
-2.580998279154300690e-02
3.707751259207725525e-02
3.394252806901931763e-02
3.285640478134155273e-02
3.622359037399291992e-02
-1.561335101723670959e-02
2.659476175904273987e-02
-6.551839411258697510e-02
1.447584852576255798e-02
2.457438223063945770e-02
-6.441039592027664185e-02
-2.163833752274513245e-02
-1.634020544588565826e-02
9.021356701850891113e-03
-4.590241238474845886e-03
7.278739660978317261e-02
1.898885145783424377e-02
-2.482752315700054169e-02
6.705741863697767258e-03
-7.690379768610000610e-02
5.267629772424697876e-02
-6.838390231132507324e-02
-5.827721580862998962e-02
-1.685042493045330048e-02
3.944123536348342896e-02
4.318819940090179443e-02
-2.714774012565612793e-02
-3.632006421685218811e-02
-2.957663871347904205e-02
1.521074119955301285e-02
1.980313286185264587e-02
9.454381652176380157e-03
-7.721143215894699097e-02
1.216906122863292694e-02
1.712285564281046391e-03
-2.757018990814685822e-02
4.261139780282974243e-02
6.500235944986343384e-02
-1.084986701607704163e-01
6.237591803073883057e-02
-4.135886207222938538e-02
-1.799135655164718628e-02
3.493848070502281189e-02
-5.978886410593986511e-02
4.240367189049720764e-02
1.572758145630359650e-02
-1.551345363259315491e-02
8.474804461002349854e-02
4.847466200590133667e-02
-4.794718232005834579e-03
-4.227194562554359436e-02
1.320656482130289078e-02
6.256020814180374146e-02
2.197905629873275757e-02
4.413953050971031189e-02
6.867520860396325588e-04
1.357358973473310471e-02
-6.246060505509376526e-02
8.603059104643762112e-04
-3.897200804203748703e-03
2.605270966887474060e-02
-3.401883691549301147e-02
4.801177233457565308e-02
6.341024488210678101e-02
-9.499597363173961639e-03
-7.118246518075466156e-03
-3.165565058588981628e-02
1.999345235526561737e-02
-3.263424709439277649e-02
-5.731847137212753296e-03
4.694725386798381805e-03
1.671439409255981445e-02
-1.098743453621864319e-02
-7.583697792142629623e-03
-8.317378163337707520e-02
-4.703151807188987732e-02
-1.051553431898355484e-02
-2.660366520285606384e-02
1.267785485833883286e-02
2.425067313015460968e-02
3.404885157942771912e-02
2.450853772461414337e-02
-1.709223166108131409e-02
-2.408856526017189026e-02
9.740052372217178345e-02
-4.392413888126611710e-03
9.709139168262481689e-02
-1.379501540213823318e-02
-8.612903207540512085e-02
5.317510664463043213e-02
1.994112879037857056e-02
-4.215050861239433289e-02
9.429995901882648468e-03
-1.138671394437551498e-02
-8.714111521840095520e-03
-1.345351431518793106e-02
-9.763981401920318604e-02
3.830520063638687134e-02
-3.462636470794677734e-02
2.592318132519721985e-02
5.679208319634199142e-03
-2.621892839670181274e-02
2.470047399401664734e-02
-1.792390458285808563e-02
4.897973313927650452e-02
-1.894242479465901852e-03
2.451483532786369324e-02
-2.775949984788894653e-02
2.847062610089778900e-02
-1.015745848417282104e-02
-1.269971393048763275e-02
-6.891166418790817261e-02
1.505270041525363922e-02
-9.156347811222076416e-02
-8.884159475564956665e-02
-2.672059647738933563e-02
3.997348248958587646e-02
-4.848523065447807312e-02
-1.687680743634700775e-02
-2.341381274163722992e-02
4.083327576518058777e-02
4.277043510228395462e-03
1.940144412219524384e-02
6.474514305591583252e-02
7.604831457138061523e-02
-5.444489419460296631e-02
5.953623726963996887e-02
3.239790722727775574e-02
2.032829634845256805e-02
-2.205318771302700043e-02
-6.581098772585391998e-03
1.121672336012125015e-02
-1.073175594210624695e-01
-7.522739470005035400e-02
9.602782316505908966e-03
1.141573488712310791e-02
-8.763873018324375153e-03
1.074028317816555500e-03
-1.185156637802720070e-03
-6.018080934882164001e-02
2.217420190572738647e-02
-2.844235859811306000e-02
-3.313699737191200256e-02
1.575660891830921173e-02
9.166616015136241913e-03
-6.752029294148087502e-04
4.865916911512613297e-03
-1.080075092613697052e-02
3.823132487013936043e-03
2.460863441228866577e-03
4.391107708215713501e-03
-3.612899407744407654e-02
-2.638994343578815460e-02
3.533503413200378418e-02
-5.179474875330924988e-02
1.082944218069314957e-02
-6.098359078168869019e-02
-8.811319246888160706e-03
-1.955853030085563660e-02
4.023375734686851501e-02
4.296769201755523682e-02
-7.236675918102264404e-02
-6.547731906175613403e-02
4.287403821945190430e-02
5.351415649056434631e-02
8.016807027161121368e-03
-2.057986520230770111e-02
-4.664579406380653381e-02
-9.511568583548069000e-03
1.250883098691701889e-02
-3.218072280287742615e-02
-1.148337498307228088e-01
-1.179826073348522186e-02
-5.370115488767623901e-02
4.441902786493301392e-02
-6.618993729352951050e-02
4.577462002635002136e-02
4.240392893552780151e-02
1.355694979429244995e-02
2.308719977736473083e-02
1.309476559981703758e-03
-9.955276735126972198e-03
-1.477533113211393356e-02
-4.828281700611114502e-02
4.501617699861526489e-02
2.137723378837108612e-02
3.281595557928085327e-02
6.289814598858356476e-03
7.151990197598934174e-03
1.758865267038345337e-02
-5.676674097776412964e-02
