2.027072012424468994e-02
2.275547571480274200e-02
3.208657726645469666e-03
6.693105399608612061e-02
-3.719515725970268250e-02
6.365509331226348877e-02
-3.143465146422386169e-02
-1.898085325956344604e-02
-4.829097539186477661e-03
-2.560715191066265106e-03
1.355408504605293274e-02
1.625621691346168518e-02
5.361649766564369202e-02
4.639033973217010498e-02
3.138278424739837646e-02
-4.273122176527976990e-02
-2.202553674578666687e-02
4.799343273043632507e-02
1.963030919432640076e-02
-2.065699175000190735e-02
-5.086540430784225464e-02
2.920617163181304932e-02
-4.554135352373123169e-02
4.208003357052803040e-02
4.570263996720314026e-02
-8.757390081882476807e-03
-4.038216918706893921e-02
-4.069899767637252808e-02
1.730974949896335602e-02
-2.059134095907211304e-02
3.096993267536163330e-02
-6.090423464775085449e-02
-3.688773512840270996e-02
4.498437047004699707e-02
7.906113564968109131e-02
1.123160123825073242e-02
3.946840018033981323e-02
1.467930339276790619e-02
-3.298948705196380615e-02
6.140944082289934158e-03
-1.831799186766147614e-02
-2.385125681757926941e-02
2.213371358811855316e-02
3.634832054376602173e-02
4.875934123992919922e-02
3.764719888567924500e-02
1.926860027015209198e-02
-7.115652412176132202e-02
3.117173537611961365e-02
-4.486182238906621933e-03
8.879752457141876221e-02
1.297787670046091080e-02
4.904998466372489929e-02
1.272574882023036480e-04
-3.152250126004219055e-02
7.109043747186660767e-02
4.471137188374996185e-03
-7.575396448373794556e-02
-3.317537158727645874e-02
-2.304597198963165283e-02
-1.708301901817321777e-02
-3.546201437711715698e-02
2.751809731125831604e-02
-5.041364207863807678e-02
-1.881736144423484802e-02
1.358301844447851181e-02
1.790514215826988220e-02
-2.277912758290767670e-02
4.727507010102272034e-03
3.130999952554702759e-02
1.435650605708360672e-02
3.428961709141731262e-02
2.980042807757854462e-02
9.305729717016220093e-02
4.810971394181251526e-02
-5.755021050572395325e-02
-3.736545518040657043e-02
-6.698171049356460571e-02
-2.507212571799755096e-02
-1.138446386903524399e-02
-4.779423773288726807e-02
-7.609060406684875488e-02
6.094286218285560608e-02
-5.198540911078453064e-02
2.483936026692390442e-02
-8.502660691738128662e-02
-1.454578619450330734e-02
-2.500834316015243530e-02
1.084435731172561646e-02
2.895625075325369835e-04
-5.540950596332550049e-02
-2.681609941646456718e-03
-2.010904438793659210e-02
2.810641378164291382e-02
8.081562817096710205e-03
1.846681535243988037e-02
1.532685104757547379e-02
8.039620704948902130e-03
6.488621234893798828e-03
-7.365478575229644775e-02
4.498133808374404907e-02
-9.869742393493652344e-02
-5.934296175837516785e-02
-3.031218051910400391e-02
7.079524546861648560e-02
9.441068023443222046e-02
1.443366333842277527e-02
-8.983407169580459595e-02
-4.196172580122947693e-02
-3.758771717548370361e-02
-1.514557469636201859e-02
3.546684607863426208e-02
-2.752633765339851379e-02
-2.280188351869583130e-02
3.338836506009101868e-02
2.852722443640232086e-02
2.150957472622394562e-02
-5.771899223327636719e-02
2.662165835499763489e-02
2.870918810367584229e-02
4.427433013916015625e-03
3.623437078204005957e-04
8.222290128469467163e-02
2.681895345449447632e-02
3.149703890085220337e-02
-1.638829708099365234e-03
-8.354393765330314636e-03
-2.271357364952564240e-02
-3.680543228983879089e-02
2.571234107017517090e-02
8.926974982023239136e-02
-6.253869831562042236e-02
-6.023213639855384827e-02
3.066009376198053360e-03
-4.669507965445518494e-03
-9.010208770632743835e-03
-1.048052217811346054e-02
1.100283116102218628e-02
-1.807822287082672119e-02
5.539425462484359741e-02
3.183847526088356972e-03
2.287669666111469269e-02
4.012565128505229950e-03
-2.393307164311408997e-02
2.602425171062350273e-03
-2.838153578341007233e-02
1.799860969185829163e-02
3.994198050349950790e-03
-2.868984825909137726e-02
-1.124793477356433868e-02
-1.334010739810764790e-04
1.842259801924228668e-02
5.677941441535949707e-02
-7.868530228734016418e-03
1.815641298890113831e-02
4.881187155842781067e-02
4.077993333339691162e-02
1.312193423509597778e-01
1.933225616812705994e-02
1.032656896859407425e-02
8.162917941808700562e-02
1.381940394639968872e-02
-3.600017726421356201e-02
-2.651838213205337524e-02
7.782543078064918518e-03
-1.172119053080677986e-03
7.900767959654331207e-04
-2.183868922293186188e-02
-7.543334737420082092e-03
-8.256880939006805420e-02
1.248023658990859985e-02
2.583688683807849884e-02
9.109493345022201538e-02
2.035014145076274872e-02
-3.021587245166301727e-02
1.405707281082868576e-02
-3.075027465820312500e-02
1.408774405717849731e-02
1.684224046766757965e-02
6.975641590543091297e-04
-1.383670512586832047e-02
-6.074040755629539490e-02
-1.023251786828041077e-01
-8.006181567907333374e-02
4.236953333020210266e-02
6.655309349298477173e-02
2.165408618748188019e-02
-6.671682000160217285e-02
2.955752611160278320e-02
1.168208569288253784e-02
-4.039297625422477722e-02
-5.909258034080266953e-03
-9.581080637872219086e-03
1.821110211312770844e-02
-3.098459355533123016e-02
4.319986701011657715e-02
6.410907953977584839e-02
5.995284765958786011e-03
1.055934056639671326e-01
-1.115906424820423126e-02
2.732547558844089508e-02
-3.187837824225425720e-02
5.803072452545166016e-02
3.092651069164276123e-02
-3.292888775467872620e-02
4.291878268122673035e-02
-5.615106970071792603e-02
-8.687271922826766968e-02
8.430002257227897644e-03
3.184432536363601685e-02
-1.274778395891189575e-01
2.156249061226844788e-02
-6.548850983381271362e-02
-2.510681189596652985e-02
4.363873228430747986e-02
-2.288210950791835785e-02
1.146995089948177338e-02
-1.036408543586730957e-02
7.082880288362503052e-02
-3.180636838078498840e-02
-6.334971636533737183e-02
-5.254962015897035599e-03
1.895521581172943115e-02
2.205088362097740173e-02
4.944683611392974854e-02
9.498339146375656128e-02
-1.868141815066337585e-02
-3.206511586904525757e-02
8.300350978970527649e-03
-2.942290343344211578e-02
-5.136149749159812927e-02
5.294574890285730362e-03
3.790113329887390137e-02
4.061559960246086121e-02
1.346711255609989166e-02
9.213735908269882202e-02
9.416504949331283569e-02
-8.618809282779693604e-03
-2.609006129205226898e-02
-1.474702847190201283e-03
-2.593664638698101044e-02
5.505821108818054199e-02
-1.485550682991743088e-02
-9.498484432697296143e-02
8.578711748123168945e-02
4.992313310503959656e-02
4.757842421531677246e-02
3.973364084959030151e-02
2.128381514921784401e-03
-4.544201120734214783e-02
-2.680619806051254272e-02
-2.032143250107765198e-02
1.860585645772516727e-03
4.153956845402717590e-02
1.565327122807502747e-02
3.063938207924365997e-02
3.308771550655364990e-02
1.962126465514302254e-03
8.841422200202941895e-02
-3.950872644782066345e-02
4.970229044556617737e-02
-7.163396105170249939e-03
5.757479229941964149e-04
-2.117541618645191193e-02
3.295706585049629211e-02
2.312855981290340424e-02
2.476793713867664337e-02
4.029807448387145996e-02
-5.147997289896011353e-02
-1.274694688618183136e-03
2.281784079968929291e-02
-3.186754183843731880e-03
5.523606203496456146e-03
7.402229309082031250e-02
-8.640561252832412720e-02
8.836095221340656281e-03
-1.849155686795711517e-02
-4.758897703140974045e-03
-5.767339840531349182e-03
-2.176919020712375641e-02
-4.244947340339422226e-03
4.493629187345504761e-02
4.221037030220031738e-02
-5.165064707398414612e-03
3.637999668717384338e-02
4.522408917546272278e-02
-1.802173815667629242e-02
-2.850576117634773254e-02
-8.936309814453125000e-02
2.376539818942546844e-02
7.875221222639083862e-02
1.285003591328859329e-02
2.026400715112686157e-02
-6.700010597705841064e-02
-3.892946243286132812e-02
-3.404009342193603516e-02
-2.693698555231094360e-02
4.935304634273052216e-03
1.477944105863571167e-02
3.200953081250190735e-02
-4.473792854696512222e-03
4.936091974377632141e-02
-2.845454216003417969e-02
6.567674130201339722e-02
3.821916505694389343e-02
7.532994449138641357e-02
3.022402152419090271e-02
1.649974286556243896e-02
-3.124664910137653351e-02
2.278112992644309998e-02
-2.291283570230007172e-02
2.447270043194293976e-02
1.883484423160552979e-02
-6.671612709760665894e-02
-6.046083755791187286e-03
6.139565631747245789e-02
-6.189903244376182556e-03
-3.222351148724555969e-02
-2.571146236732602119e-03
5.692883580923080444e-02
7.522589713335037231e-02
2.540524303913116455e-02
-7.884214073419570923e-02
-1.225984841585159302e-02
4.439548403024673462e-02
5.548575427383184433e-03
-7.942328602075576782e-02
1.396664232015609741e-02
9.203675203025341034e-03
6.972713861614465714e-03
7.391943130642175674e-03
6.811022013425827026e-02
5.322451889514923096e-02
4.629202559590339661e-02
1.526156999170780182e-02
-3.194815292954444885e-02
-3.628469631075859070e-02
-1.160823553800582886e-02
1.774094067513942719e-02
3.449003398418426514e-02
-4.911310039460659027e-03
1.745256409049034119e-02
2.362633869051933289e-02
2.078408002853393555e-02
-7.250520866364240646e-03
-1.830772496759891510e-02
4.518784990068525076e-04
4.091244563460350037e-02
3.991054743528366089e-02
-2.209477126598358154e-02
-1.749055832624435425e-02
4.640882834792137146e-02
-1.390197128057479858e-02
-3.590144962072372437e-02
5.157536361366510391e-03
-3.708994016051292419e-02
-5.696503818035125732e-02
-6.054279208183288574e-02
3.372347727417945862e-02
-6.712713092565536499e-02
-2.473665587604045868e-02
-2.590686641633510590e-02
-1.486248429864645004e-02
6.672051548957824707e-02
5.672908946871757507e-02
1.752328313887119293e-02
1.072281878441572189e-02
1.683809794485569000e-02
2.402206510305404663e-02
-2.666806802153587341e-02
2.275009453296661377e-02
-1.126688644289970398e-01
-2.246790751814842224e-02
3.135497681796550751e-03
6.666284054517745972e-03
1.698831282556056976e-02
-7.019205950200557709e-03
3.438593819737434387e-02
1.072738971561193466e-02
9.785952977836132050e-03
3.907851129770278931e-02
2.987594343721866608e-02
1.947183907032012939e-02
2.814948000013828278e-02
7.787859067320823669e-03
-8.173625916242599487e-02
-2.781362831592559814e-02
-4.108935594558715820e-03
3.049041144549846649e-02
1.839622040279209614e-03
-2.116572344675660133e-03
1.352508738636970520e-02
2.491806447505950928e-02
-4.973415285348892212e-02
-5.367433279752731323e-02
-1.744277402758598328e-02
1.362375542521476746e-02
-4.838407039642333984e-03
-1.736769080162048340e-02
8.812711574137210846e-03
2.646998129785060883e-02
-4.643069580197334290e-02
6.484646350145339966e-03
-1.984043978154659271e-02
1.178580895066261292e-02
-1.364941056817770004e-02
-3.452001139521598816e-02
1.944409124553203583e-02
8.137401938438415527e-02
-3.667638450860977173e-02
-3.587973862886428833e-02
4.166445881128311157e-02
4.790357872843742371e-02
-7.333876937627792358e-02
-5.546997860074043274e-02
7.285030093044042587e-03
2.596126496791839600e-02
6.620626151561737061e-02
-3.981186076998710632e-02
3.904841467738151550e-02
1.979583688080310822e-02
4.789218306541442871e-02
-7.422735542058944702e-02
1.861683093011379242e-02
-8.889351785182952881e-02
2.840410731732845306e-02
6.428125500679016113e-02
-3.779158741235733032e-02
-2.564055100083351135e-02
-6.026194617152214050e-02
-4.365679621696472168e-02
-2.573770098388195038e-02
1.186717487871646881e-02
8.181733079254627228e-03
-4.137767478823661804e-02
2.291083894670009613e-02
7.283347193151712418e-03
-2.896399796009063721e-02
-1.686668954789638519e-02
-2.206968888640403748e-02
4.464066296350210905e-04
4.390588402748107910e-02
-4.791162535548210144e-02
-1.487530861049890518e-02
6.384704262018203735e-02
-8.831513114273548126e-03
-9.471469558775424957e-03
3.748612850904464722e-02
-5.607620626688003540e-02
3.865184262394905090e-03
-2.706068754196166992e-02
-4.868238046765327454e-02
4.333725571632385254e-02
5.323865637183189392e-02
1.151912659406661987e-02
2.495751157402992249e-02
9.573882445693016052e-03
-6.111011281609535217e-02
-2.130432799458503723e-02
2.475291304290294647e-02
1.317830476909875870e-02
1.909297332167625427e-02
-6.821871735155582428e-03
-3.687302768230438232e-02
4.003466293215751648e-02
1.906654797494411469e-02
2.063587307929992676e-04
-2.388372318819165230e-03
4.850916229770518839e-05
3.490697592496871948e-02
-6.106054037809371948e-02
-4.001997876912355423e-03
4.173313826322555542e-02
-5.656155943870544434e-02
-2.642680145800113678e-02
-5.048316344618797302e-02
1.580870710313320160e-02
-2.629890479147434235e-02
-9.343316196464002132e-04
-6.047756597399711609e-02
-6.091610528528690338e-03
1.143080182373523712e-03
1.802693493664264679e-02
-2.369218319654464722e-02
-1.723032630980014801e-02
-1.759720221161842346e-02
8.413073606789112091e-03
-6.194512546062469482e-02
-1.608544029295444489e-02
-6.225688755512237549e-02
-3.695806488394737244e-03
-1.006458625197410583e-01
4.683927819132804871e-02
-3.909375891089439392e-02
-3.803418949246406555e-02
-8.453649282455444336e-02
-5.040846299380064011e-03
4.503189399838447571e-02
-4.099662415683269501e-03
5.465615540742874146e-03
4.393972083926200867e-02
-4.255225881934165955e-02
5.147186107933521271e-03
-2.071564551442861557e-03
-5.230362340807914734e-02
5.520682409405708313e-02
-8.109571784734725952e-02
4.023646190762519836e-02
2.261637337505817413e-02
-1.053389441221952438e-02
2.161985822021961212e-02
3.460272774100303650e-02
1.725003123283386230e-02
3.352079167962074280e-02
-2.516038343310356140e-02
-1.206947024911642075e-02
-2.694934234023094177e-02
6.763181835412979126e-02
4.124139621853828430e-02
6.321675330400466919e-02
2.679280005395412445e-02
-3.684937581419944763e-02
3.679301589727401733e-02
-6.094611436128616333e-02
-1.077012997120618820e-02
2.296851575374603271e-02
8.914887905120849609e-03
-1.305673364549875259e-02
-3.754782490432262421e-03
-6.884939223527908325e-02
-2.762833796441555023e-02
-4.236666485667228699e-02
-7.666330784559249878e-03
-4.921065270900726318e-02
4.260435700416564941e-02
-9.624721482396125793e-03
-7.792079355567693710e-03
-9.311645478010177612e-02
-2.942247502505779266e-02
-1.166364829987287521e-02
-1.812343299388885498e-02
5.652306601405143738e-02
-6.927694194018840790e-03
6.634882837533950806e-02
-6.760652177035808563e-03
-8.250051178038120270e-03
-2.783778123557567596e-02
-3.445024415850639343e-02
-5.010798573493957520e-02
-1.086257919669151306e-01
-1.705032773315906525e-02
2.742430195212364197e-03
2.630353532731533051e-02
-2.129628136754035950e-02
-6.242938339710235596e-02
-2.597867278382182121e-03
-4.242873564362525940e-02
2.184700034558773041e-02
1.870626769959926605e-02
-6.953826174139976501e-03
-4.478065669536590576e-02
2.295264415442943573e-02
-2.868057601153850555e-02
1.352666225284337997e-02
1.368154212832450867e-02
-2.080308459699153900e-02
-3.607549937441945076e-03
-6.748009473085403442e-02
-5.877695605158805847e-02
-6.424681283533573151e-03
4.808518663048744202e-02
1.587016694247722626e-02
6.338015198707580566e-02
-6.075346376746892929e-03
-1.580265723168849945e-02
-1.769655942916870117e-02
3.340098261833190918e-02
-4.369730129837989807e-02
-4.300288856029510498e-02
2.679469436407089233e-02
-9.697602130472660065e-03
-2.469577826559543610e-02
-1.223443355411291122e-02
-1.074723228812217712e-01
-1.194766443222761154e-02
-1.878330600447952747e-03
1.883096178062260151e-03
2.384568750858306885e-02
-7.721322029829025269e-02
-5.847254395484924316e-02
-5.507804825901985168e-02
1.813909597694873810e-02
-2.400069730356335640e-03
-1.706364192068576813e-02
-2.056095749139785767e-02
1.684123836457729340e-02
-8.315471000969409943e-03
-3.858993574976921082e-02
6.640774756669998169e-02
-2.500980906188488007e-02
4.612578079104423523e-02
7.160786073654890060e-03
5.311609059572219849e-02
2.256124094128608704e-02
7.186107337474822998e-02
-3.253585426136851311e-03
-3.060246072709560394e-02
-5.311050638556480408e-02
-6.242551025934517384e-04
-3.942257165908813477e-02
8.304513990879058838e-03
-5.670476704835891724e-02
8.539190888404846191e-02
2.975617535412311554e-02
-7.062423229217529297e-02
6.234903261065483093e-02
2.726651541888713837e-02
-4.172831401228904724e-02
5.702425725758075714e-03
-8.143934607505798340e-02
-5.315827205777168274e-02
-7.625327259302139282e-02
1.114794611930847168e-02
2.668986271601170301e-04
3.623085841536521912e-02
1.588550768792629242e-02
5.839757993817329407e-02
-3.996951505541801453e-02
1.890083029866218567e-02
-2.189014479517936707e-02
7.584009319543838501e-02
-4.495504125952720642e-02
-5.305285379290580750e-02
-5.784450098872184753e-02
8.553986251354217529e-02
5.923965200781822205e-02
7.915532588958740234e-02
1.527150720357894897e-02
2.839251235127449036e-02
2.107397653162479401e-02
5.556038767099380493e-02
-2.599351108074188232e-02
3.505514562129974365e-02
-5.063504353165626526e-02
-1.919286884367465973e-02
-1.088574063032865524e-02
1.340960338711738586e-02
8.327645808458328247e-02
-1.688496093265712261e-03
1.284307427704334259e-02
2.421871386468410492e-02
1.091081369668245316e-02
4.635132383555173874e-03
6.888246536254882812e-02
-4.216639697551727295e-02
2.592867985367774963e-02
-3.261324763298034668e-02
2.429335564374923706e-02
5.323036015033721924e-02
6.896732747554779053e-02
-4.527663066983222961e-02
1.769838482141494751e-02
-7.850954309105873108e-03
-8.728180080652236938e-03
2.206910587847232819e-02
-2.372784912586212158e-02
2.193414606153964996e-02
8.809141814708709717e-03
-2.169833332300186157e-02
-2.186581119894981384e-02
-6.123638153076171875e-02
-7.399308029562234879e-03
4.974244534969329834e-02
1.898535154759883881e-02
3.108930960297584534e-02
-3.674132004380226135e-02
-9.637704119086265564e-03
4.380966722965240479e-02
3.273456916213035583e-02
1.105026714503765106e-02
-4.557139426469802856e-02
-6.626293808221817017e-02
-4.414543509483337402e-02
7.563165575265884399e-02
-2.815469913184642792e-02
-1.737460494041442871e-02
5.415351688861846924e-02
-3.505956381559371948e-02
-2.960639633238315582e-02
-1.879389211535453796e-02
7.446590065956115723e-02
-5.094001814723014832e-02
4.468569159507751465e-02
3.745555877685546875e-02
-6.662712991237640381e-02
2.296158485114574432e-02
-1.722550392150878906e-02
7.314193993806838989e-03
-1.881503500044345856e-02
4.961097985506057739e-02
-8.918533474206924438e-02
3.192590549588203430e-02
-8.575797826051712036e-02
1.215479150414466858e-02
4.041080549359321594e-02
2.574900165200233459e-03
-6.667498033493757248e-03
-1.956696808338165283e-02
7.577323168516159058e-02
7.033631950616836548e-02
-4.141937568783760071e-02
6.190794333815574646e-02
1.130068022757768631e-02
-1.065870467573404312e-02
-7.933082431554794312e-02
-5.540093779563903809e-02
-2.959430217742919922e-03
-1.523398142307996750e-02
-5.373008176684379578e-02
-7.159221451729536057e-03
7.953485473990440369e-03
-4.253699257969856262e-02
1.822262653149664402e-03
2.076536417007446289e-02
-5.424560979008674622e-02
1.486253924667835236e-02
-1.047786895469471347e-06
-5.279879271984100342e-02
-3.558348631486296654e-03
3.553186729550361633e-02
3.059338964521884918e-02
5.257944390177726746e-02
-2.123833820223808289e-02
7.904182374477386475e-02
2.357722818851470947e-02
-5.289497599005699158e-02
4.612776264548301697e-02
1.654917746782302856e-02
3.686225786805152893e-02
2.184489369392395020e-02
-7.493850588798522949e-02
2.623814530670642853e-02
-4.145213961601257324e-02
7.000072300434112549e-02
6.867343932390213013e-02
-1.424659695476293564e-02
-3.280867636203765869e-02
-5.326747894287109375e-02
3.616735711693763733e-02
-7.606119662523269653e-02
1.769316755235195160e-02
5.012171342968940735e-02
2.416635118424892426e-02
-2.941550314426422119e-02
-3.934272751212120056e-02
6.042109802365303040e-02
2.077469229698181152e-02
-6.237513199448585510e-02
-3.142296150326728821e-02
-1.396439387463033199e-03
-2.590754069387912750e-02
-4.673399031162261963e-02
-1.108924858272075653e-02
-4.938684403896331787e-02
2.592113055288791656e-02
1.269372366368770599e-02
-2.446709945797920227e-02
-5.425489693880081177e-02
1.246489991899579763e-04
-7.207383215427398682e-02
3.362610191106796265e-02
-2.475074678659439087e-02
5.085926875472068787e-02
-6.400387268513441086e-03
5.591023713350296021e-02
1.780579611659049988e-02
-5.148434638977050781e-02
-2.888200245797634125e-02
1.360164675861597061e-02
-2.899497374892234802e-02
4.958386346697807312e-02
-1.995693147182464600e-02
-2.376660518348217010e-02
-2.862106822431087494e-02
-2.029822766780853271e-02
-1.971156708896160126e-02
7.418277114629745483e-02
4.433835670351982117e-02
3.700217604637145996e-02
2.035005390644073486e-02
-4.821070656180381775e-02
-5.780792981386184692e-02
1.782092079520225525e-02
4.095182195305824280e-02
-3.825202584266662598e-02
-3.331586049171164632e-05
5.658765137195587158e-02
-3.597254306077957153e-02
-5.360774230211973190e-03
1.482172403484582901e-02
-2.067176625132560730e-02
1.864957436919212341e-02
-7.699194550514221191e-02
-2.662102505564689636e-02
2.391357207670807838e-03
-2.969812788069248199e-02
3.896451741456985474e-02
8.223631978034973145e-02
4.042686149477958679e-02
3.595795249566435814e-03
6.151007860898971558e-02
5.749207362532615662e-02
-4.718278348445892334e-02
1.571062952280044556e-02
7.427252363413572311e-03
-2.467762865126132965e-02
-3.127994760870933533e-02
1.821037009358406067e-02
-5.996683984994888306e-02
-3.232141956686973572e-02
1.963646523654460907e-02
4.028149694204330444e-02
-2.692939341068267822e-02
3.050209954380989075e-02
-2.831354551017284393e-02
5.491735413670539856e-02
4.355929326266050339e-03
-4.273786395788192749e-02
4.798496887087821960e-02
4.871184751391410828e-02
-2.168517326936125755e-03
3.089522942900657654e-02
1.580075919628143311e-02
3.147137165069580078e-02
4.846799746155738831e-02
2.909930422902107239e-02
2.409201860427856445e-02
-1.990647427737712860e-02
-4.847787320613861084e-02
-5.774105340242385864e-02
7.962952367961406708e-03
-8.200443536043167114e-02
-2.668991871178150177e-02
3.044888190925121307e-02
5.751390755176544189e-02
-6.253264844417572021e-02
6.272345036268234253e-02
3.007810749113559723e-02
-1.550890132784843445e-02
2.661949256435036659e-03
1.324908062815666199e-02
-3.189034387469291687e-02
-1.480249315500259399e-02
3.012684639543294907e-03
1.454771962016820908e-02
9.399709105491638184e-02
-9.219655394554138184e-02
-3.088927268981933594e-02
-1.220425218343734741e-02
1.226596441119909286e-02
4.106285795569419861e-02
-4.923235625028610229e-02
8.338402025401592255e-03
9.673975408077239990e-03
1.749535277485847473e-02
3.180333413183689117e-03
8.490624837577342987e-03
-4.432092979550361633e-02
-2.996043069288134575e-03
-3.588502109050750732e-02
-1.105091255158185959e-02
-5.748867988586425781e-02
2.216089889407157898e-02
-3.784898295998573303e-02
2.922730706632137299e-02
-4.134128242731094360e-02
1.027724742889404297e-01
-2.100686728954315186e-02
-9.890398941934108734e-03
5.129080731421709061e-03
-3.686327859759330750e-02
-4.467422515153884888e-02
2.645575441420078278e-02
-4.257632046937942505e-02
-6.550021935254335403e-03
3.123808419331908226e-03
4.804134741425514221e-02
-1.912698964588344097e-03
2.218995988368988037e-02
-4.714979976415634155e-02
5.602947622537612915e-02
-2.701760036870837212e-03
-2.233140170574188232e-02
-1.351268310099840164e-02
2.313432050868868828e-03
7.275579962879419327e-03
-5.384542420506477356e-02
3.101345151662826538e-02
1.626177877187728882e-02
2.657120861113071442e-02
5.524641647934913635e-02
2.108190208673477173e-02
-4.861987661570310593e-03
-3.323384327813982964e-03
-2.731554210186004639e-02
-6.611653417348861694e-02
3.930972516536712646e-02
5.354124680161476135e-02
3.652634844183921814e-02
-4.324260354042053223e-02
6.973898503929376602e-03
-8.049855940043926239e-03
4.027196392416954041e-02
-2.063821256160736084e-02
-2.334643388167023659e-03
5.704263597726821899e-02
3.293769201263785362e-03
9.312374144792556763e-02
-1.588834822177886963e-02
-2.891574054956436157e-02
-3.472193703055381775e-02
5.817288532853126526e-02
4.373952001333236694e-02
-2.304449118673801422e-02
3.878417611122131348e-02
-1.661857217550277710e-02
7.858813554048538208e-02
4.638960957527160645e-02
-4.402419924736022949e-02
-2.317490056157112122e-02
-1.356577686965465546e-02
-6.446228176355361938e-02
4.695470258593559265e-02
4.820821806788444519e-02
1.297785807400941849e-02
-4.411225020885467529e-02
4.380886629223823547e-02
-4.805428534746170044e-02
4.356695339083671570e-02
-1.676282286643981934e-02
-1.381763350218534470e-02
4.664771631360054016e-02
6.416020542383193970e-02
-2.218506112694740295e-02
8.201593905687332153e-02
-1.248241402208805084e-02
-6.981466710567474365e-02
5.232786387205123901e-02
2.847562357783317566e-02
3.235487500205636024e-03
-3.827771544456481934e-02
-2.474842965602874756e-02
-1.993855461478233337e-02
-3.408582136034965515e-02
-1.227402687072753906e-02
-1.252077613025903702e-02
7.138001918792724609e-02
-5.803055688738822937e-02
-1.194062978029251099e-01
-6.109274178743362427e-02
-4.776239395141601562e-02
4.778014030307531357e-03
-3.354976326227188110e-02
-5.060939863324165344e-02
-1.308865007013082504e-02
3.351669386029243469e-02
-2.081994712352752686e-02
2.027783356606960297e-02
4.269386641681194305e-03
4.613055381923913956e-03
-5.536468699574470520e-03
2.253336645662784576e-02
4.913783818483352661e-02
-3.800065070390701294e-02
-4.682117700576782227e-02
-4.716453701257705688e-02
-3.893070667982101440e-02
6.401303410530090332e-02
-1.107356604188680649e-02
-6.660471111536026001e-02
-1.397671829909086227e-02
-1.990922261029481888e-03
5.351516883820295334e-04
-6.240159645676612854e-02
-4.141445457935333252e-02
-6.107966415584087372e-03
3.200940787792205811e-02
2.191512845456600189e-02
4.259669687598943710e-03
1.735641248524188995e-02
6.486112251877784729e-03
4.767074808478355408e-02
6.142676994204521179e-02
5.772772058844566345e-02
5.871870741248130798e-02
3.336847200989723206e-02
-6.203221622854471207e-03
7.806500792503356934e-02
-2.582805231213569641e-02
2.127671241760253906e-02
-4.796145856380462646e-02
-2.507039345800876617e-02
-5.437035486102104187e-02
-1.869503781199455261e-02
3.138725832104682922e-02
2.363953553140163422e-02
4.315100237727165222e-02
5.569674540311098099e-03
-5.234146118164062500e-02
7.380502671003341675e-02
3.678294643759727478e-02
-5.498791486024856567e-02
1.893031992949545383e-03
-2.204877696931362152e-02
-2.873158082365989685e-02
-6.293693184852600098e-02
-2.915536984801292419e-02
-3.812341252341866493e-03
1.794437132775783539e-02
5.006271228194236755e-02
-1.108200401067733765e-01
6.322786211967468262e-03
-6.589894182980060577e-03
-3.125640377402305603e-02
