4.034448042511940002e-02
5.953847244381904602e-02
-3.429003432393074036e-02
-4.499322921037673950e-02
2.739170193672180176e-02
-6.260620057582855225e-02
-2.577557787299156189e-02
3.330932185053825378e-02
-8.695308119058609009e-02
5.489265918731689453e-02
-7.388198375701904297e-02
1.180222816765308380e-02
-2.332179248332977295e-02
1.133171841502189636e-01
-2.404184453189373016e-02
5.288349837064743042e-02
4.444962367415428162e-02
-4.419942200183868408e-02
-3.828629106283187866e-02
3.264167159795761108e-02
-6.859730184078216553e-02
-7.650423794984817505e-03
-3.777726367115974426e-02
4.037404805421829224e-02
-1.855798438191413879e-02
-9.688291698694229126e-02
-3.088222816586494446e-03
-6.678812950849533081e-02
-3.725306317210197449e-02
2.280840650200843811e-03
-3.035010769963264465e-02
4.063997045159339905e-02
-8.718834258615970612e-03
1.924929022789001465e-02
5.781530216336250305e-02
1.094072014093399048e-01
4.903052002191543579e-03
4.042113944888114929e-02
-2.573985047638416290e-02
2.436323091387748718e-03
-7.600539922714233398e-02
1.605710387229919434e-02
-3.408415615558624268e-02
7.798759266734123230e-03
-2.587277675047516823e-03
-1.030090823769569397e-02
1.610843464732170105e-04
-3.881707042455673218e-02
-7.504652440547943115e-02
4.783019889146089554e-03
3.546417132019996643e-02
3.452943637967109680e-03
-1.161762885749340057e-02
1.458711363375186920e-02
4.265820607542991638e-03
-5.278103053569793701e-02
2.432128973305225372e-02
2.792244404554367065e-02
1.268004439771175385e-02
4.636715352535247803e-02
-4.209569096565246582e-02
-1.993309147655963898e-02
-8.942724019289016724e-02
3.137494623661041260e-02
-3.573945909738540649e-02
-1.906704530119895935e-02
6.127730943262577057e-03
4.601621627807617188e-02
7.388493418693542480e-02
3.726539760828018188e-02
-4.227290302515029907e-02
1.878469251096248627e-03
-3.094109147787094116e-02
8.372824639081954956e-03
8.644779026508331299e-02
-5.893851444125175476e-02
2.471787855029106140e-02
-3.876636177301406860e-02
-1.214622147381305695e-02
1.257985085248947144e-02
-2.476401627063751221e-02
2.950271964073181152e-02
-9.762332774698734283e-05
5.462883412837982178e-02
2.496495842933654785e-02
7.678622752428054810e-02
-9.086973965167999268e-02
5.108723789453506470e-02
2.717074006795883179e-03
1.342813670635223389e-01
7.446235045790672302e-03
3.561051934957504272e-02
-2.857791818678379059e-02
-2.244364097714424133e-02
-1.102650724351406097e-02
-7.421921193599700928e-02
-8.053850382566452026e-02
1.884458586573600769e-03
-5.723979324102401733e-03
-8.213301189243793488e-03
7.352512329816818237e-02
7.174976170063018799e-02
2.848592586815357208e-02
6.935536861419677734e-03
-2.026506885886192322e-02
3.411639854311943054e-02
1.165543310344219208e-02
3.525285050272941589e-03
-2.785176411271095276e-02
3.317767754197120667e-02
5.700486525893211365e-02
1.612709462642669678e-02
-2.009700052440166473e-02
5.175859108567237854e-02
4.630025476217269897e-02
1.207762863487005234e-02
4.907368868589401245e-02
-2.876285463571548462e-03
-3.483750671148300171e-02
-1.454733498394489288e-02
-8.399584889411926270e-02
-1.718024164438247681e-02
4.759010858833789825e-03
5.220703408122062683e-02
-3.502963855862617493e-02
-8.408635854721069336e-02
2.866253629326820374e-02
-1.542665716260671616e-02
2.897601574659347534e-03
3.324398770928382874e-02
-1.927452720701694489e-02
-4.729423299431800842e-02
-2.174291759729385376e-03
-3.608489781618118286e-02
8.578567765653133392e-03
6.368338316679000854e-02
-6.014833599328994751e-02
-9.513726830482482910e-02
2.558303624391555786e-02
4.466545581817626953e-02
-5.914606153964996338e-02
2.453441545367240906e-02
-6.579011678695678711e-02
8.528503589332103729e-03
5.388408899307250977e-02
-4.605077579617500305e-02
8.758969604969024658e-02
-3.604230284690856934e-02
1.226806342601776123e-01
6.095989048480987549e-02
-1.109386235475540161e-02
-6.771246343851089478e-02
-2.771413326263427734e-02
-3.510962426662445068e-02
2.310116402804851532e-02
1.920879259705543518e-02
2.429855987429618835e-02
-9.408929198980331421e-02
-5.047205463051795959e-02
6.422677636146545410e-02
4.521191120147705078e-03
-6.161990761756896973e-02
-1.157116983085870743e-02
-1.034113913774490356e-01
3.077765926718711853e-02
3.380168601870536804e-02
8.420084416866302490e-02
-9.054997004568576813e-03
-4.267841577529907227e-02
1.555303111672401428e-02
3.365235030651092529e-02
-6.968552619218826294e-02
-6.276873871684074402e-03
-1.337965298444032669e-02
5.289771407842636108e-02
2.135770209133625031e-02
7.026024162769317627e-02
-4.102502949535846710e-03
-6.414760835468769073e-03
-2.976628579199314117e-02
2.452639164403080940e-04
5.286747589707374573e-03
4.256659373641014099e-02
-2.101775817573070526e-02
5.908422917127609253e-02
-6.030521169304847717e-02
-6.816670298576354980e-02
-5.716853216290473938e-02
3.971575945615768433e-02
1.234965212643146515e-02
3.521487116813659668e-02
-2.442448213696479797e-02
6.178330630064010620e-02
-1.440643519163131714e-02
2.472554892301559448e-02
-7.979997247457504272e-02
-2.674745768308639526e-02
-3.168134018778800964e-03
3.276472538709640503e-02
-4.252815991640090942e-02
-7.529650628566741943e-02
-5.428923666477203369e-02
2.880500070750713348e-02
4.168330691754817963e-03
3.260438889265060425e-02
-5.557329207658767700e-02
-5.670121312141418457e-02
-1.428335905075073242e-02
6.509962677955627441e-02
2.966687828302383423e-02
-5.611252039670944214e-03
-2.302677556872367859e-02
1.562606543302536011e-02
-3.122320957481861115e-02
-1.059222966432571411e-01
6.101112812757492065e-03
-6.285320036113262177e-03
-4.735527932643890381e-02
-2.127457596361637115e-02
2.855314873158931732e-02
2.859793789684772491e-02
-9.692761115729808807e-03
7.401354610919952393e-03
9.468047879636287689e-03
-8.185984194278717041e-02
2.768655307590961456e-02
2.928123995661735535e-02
-1.908739097416400909e-02
3.245296329259872437e-02
5.035996437072753906e-03
-3.800068050622940063e-02
-3.557785227894783020e-02
-4.378168843686580658e-03
4.091507568955421448e-02
7.429713848978281021e-03
-2.440793626010417938e-02
-6.084474921226501465e-02
6.551918387413024902e-02
2.559633553028106689e-02
-4.056415706872940063e-02
4.268917813897132874e-02
-3.053518012166023254e-02
-1.314833201467990875e-02
3.320589661598205566e-02
3.280393779277801514e-02
3.952015936374664307e-02
-2.917532622814178467e-02
2.146076411008834839e-03
-6.516692787408828735e-02
-1.877707801759243011e-02
-8.070003241300582886e-03
6.165101379156112671e-02
-4.585249349474906921e-02
-1.809896342456340790e-02
5.317181721329689026e-02
-7.295317202806472778e-02
2.534849569201469421e-03
-1.634930074214935303e-02
2.235436625778675079e-02
2.127965912222862244e-03
3.157178312540054321e-02
1.275968365371227264e-02
3.591495379805564880e-02
-4.269772395491600037e-02
1.008453816175460815e-01
1.598689518868923187e-02
-3.822399675846099854e-02
6.998521275818347931e-03
-3.582751005887985229e-02
-1.961994450539350510e-03
-4.772536456584930420e-03
-2.845854684710502625e-02
6.546130776405334473e-02
-2.925201132893562317e-02
5.341698415577411652e-03
-1.666129007935523987e-02
1.110812835395336151e-02
-1.280006859451532364e-02
2.181386947631835938e-02
-3.756689280271530151e-02
-2.532135229557752609e-03
-3.700865432620048523e-03
5.010085552930831909e-02
1.371273584663867950e-02
5.853724479675292969e-02
-2.897982671856880188e-02
6.914366781711578369e-02
5.839494056999683380e-03
1.622023992240428925e-03
4.615646600723266602e-02
3.542625904083251953e-02
2.313162013888359070e-02
6.781764328479766846e-02
-1.812651939690113068e-02
1.646904274821281433e-02
-1.181027200073003769e-02
9.931694716215133667e-03
-1.787873916327953339e-02
6.783899664878845215e-02
-2.361129038035869598e-02
-6.044318526983261108e-02
-5.998215451836585999e-02
7.809089124202728271e-02
7.350479066371917725e-02
9.105637669563293457e-03
5.424717068672180176e-02
-7.620334625244140625e-02
3.034869395196437836e-02
6.664630025625228882e-02
9.753620252013206482e-03
4.472905024886131287e-02
-2.852407284080982208e-03
-1.125489920377731323e-02
-1.950875483453273773e-02
-3.237033635377883911e-02
3.002091497182846069e-02
-1.680791005492210388e-02
3.012687526643276215e-02
4.244036972522735596e-03
-4.046021401882171631e-02
-3.704669326543807983e-02
1.655928790569305420e-02
6.492901593446731567e-03
5.803328007459640503e-03
7.557280361652374268e-03
-4.868112504482269287e-02
4.612178541719913483e-03
3.656570985913276672e-02
4.074013791978359222e-03
3.009405918419361115e-02
-2.339324355125427246e-02
2.368501201272010803e-02
-5.721548944711685181e-02
6.643253844231367111e-03
1.626945799216628075e-03
-2.995969355106353760e-02
2.208431437611579895e-02
-2.954415977001190186e-03
-1.251837611198425293e-02
-1.136275529861450195e-01
4.853510484099388123e-02
6.200128048658370972e-02
5.463837087154388428e-02
-6.742157042026519775e-02
1.897735148668289185e-02
-3.448100388050079346e-02
-2.756697870790958405e-02
-7.630145642906427383e-03
-8.115247823297977448e-03
-8.543344214558601379e-03
-7.042270153760910034e-04
4.552227444946765900e-03
-5.989426374435424805e-02
-2.087093889713287354e-03
-7.707630284130573273e-04
7.091514021158218384e-02
2.138086967170238495e-02
2.092508599162101746e-03
-2.301944233477115631e-02
1.731111481785774231e-02
-5.520308762788772583e-02
-1.555693428963422775e-02
-3.562332317233085632e-02
-1.794498227536678314e-02
6.494932621717453003e-02
-7.562908530235290527e-02
-7.105105370283126831e-02
1.897741109132766724e-02
-5.335713922977447510e-02
3.012483939528465271e-02
7.346829771995544434e-02
-6.147706508636474609e-02
2.727274969220161438e-02
5.982406437397003174e-02
2.214287407696247101e-03
-7.238504290580749512e-02
4.161926358938217163e-02
-5.312395282089710236e-03
-5.075132846832275391e-02
-6.012778729200363159e-03
6.053756922483444214e-03
4.039343446493148804e-02
1.539237983524799347e-02
3.921578451991081238e-02
-2.718890458345413208e-02
-3.693959116935729980e-02
-2.520288154482841492e-02
-5.971724167466163635e-04
3.633296117186546326e-03
-3.334208205342292786e-02
5.941981449723243713e-03
-1.862211339175701141e-02
-1.497150119394063950e-02
-4.896983504295349121e-03
1.076667848974466324e-02
2.387154847383499146e-02
-5.891413241624832153e-02
3.870432823896408081e-02
-1.008977554738521576e-02
1.811855100095272064e-02
1.108611747622489929e-02
3.317261114716529846e-02
-6.208333373069763184e-02
-3.665827959775924683e-02
6.018583476543426514e-02
-6.493950635194778442e-02
1.029916405677795410e-01
-3.801589459180831909e-02
7.411347702145576477e-03
-9.038132615387439728e-03
-2.121271379292011261e-02
-6.753459572792053223e-03
-1.109144650399684906e-02
-1.904125325381755829e-02
-2.288823761045932770e-02
-2.898046374320983887e-02
-3.470605984330177307e-02
3.951912745833396912e-02
3.009771555662155151e-02
1.432948373258113861e-02
-1.241473294794559479e-02
-5.808708257973194122e-03
7.320483028888702393e-02
5.070185661315917969e-02
-1.883957907557487488e-02
-9.925525635480880737e-03
-3.252989798784255981e-02
2.215196751058101654e-02
-2.382377162575721741e-03
6.389815360307693481e-03
-9.660141170024871826e-02
5.847167968750000000e-02
-2.117845788598060608e-02
1.554111205041408539e-02
-1.238753367215394974e-02
7.284223102033138275e-03
1.478261314332485199e-02
-1.216414943337440491e-02
-9.432408213615417480e-02
-1.650345884263515472e-02
-3.160023689270019531e-02
4.122920334339141846e-02
6.373970955610275269e-02
-3.411525860428810120e-02
4.070976376533508301e-02
-6.076902896165847778e-02
2.953390404582023621e-02
-2.318146824836730957e-02
8.849100209772586823e-03
3.084314242005348206e-02
-5.361834913492202759e-02
-1.606886833906173706e-02
2.548919990658760071e-02
-2.279227972030639648e-02
-6.825902312994003296e-02
4.735935851931571960e-02
-8.911384269595146179e-03
2.606214582920074463e-02
-1.047287732362747192e-01
-7.049684971570968628e-02
-4.154139384627342224e-02
4.261124879121780396e-03
-1.186837721616029739e-02
9.127967059612274170e-04
-4.034910351037979126e-02
8.177929371595382690e-02
-5.756244994699954987e-03
-3.786551952362060547e-02
2.851316146552562714e-02
-6.612959504127502441e-02
-5.901129543781280518e-02
1.642160676419734955e-02
1.546129584312438965e-03
8.680658787488937378e-02
3.006379306316375732e-02
3.025008179247379303e-02
-5.165314674377441406e-02
-1.483874022960662842e-02
-2.000441774725914001e-02
6.314455717802047729e-02
-1.063477247953414917e-03
-4.779752343893051147e-04
3.047673031687736511e-02
-1.360291428864002228e-02
1.525809429585933685e-02
2.004930935800075531e-02
-1.149434503167867661e-02
-5.972789227962493896e-02
1.944304257631301880e-02
3.903453052043914795e-02
8.331786096096038818e-02
5.280250310897827148e-02
3.688276745378971100e-03
-4.217340797185897827e-02
-2.409479767084121704e-02
-3.209947142750024796e-03
1.115435436367988586e-01
-4.883950948715209961e-02
-1.040132995694875717e-02
-3.959529101848602295e-02
-4.294333234429359436e-02
-3.856816142797470093e-02
3.730633482336997986e-02
3.029063157737255096e-02
2.042078413069248199e-02
5.818801932036876678e-03
9.966615587472915649e-03
-6.069620326161384583e-02
-3.004201129078865051e-02
4.432212561368942261e-03
2.349638752639293671e-02
1.095720939338207245e-02
6.369388103485107422e-02
-9.959250688552856445e-03
2.819519490003585815e-02
2.439726330339908600e-02
-1.771208643913269043e-02
3.900591284036636353e-03
-3.743993490934371948e-02
5.110024660825729370e-02
6.998179852962493896e-02
3.408937901258468628e-02
-8.407826535403728485e-03
-7.294847816228866577e-02
-2.891897410154342651e-02
-4.693764820694923401e-02
-6.118097156286239624e-02
6.651773303747177124e-02
-3.251880407333374023e-02
-1.550714112818241119e-02
4.837743937969207764e-02
5.991179123520851135e-02
-1.587533392012119293e-02
-6.505552679300308228e-03
-1.764690689742565155e-02
-9.395214729011058807e-04
2.610525302588939667e-02
-7.504202425479888916e-02
-5.655818060040473938e-02
-5.355331301689147949e-02
-3.174901008605957031e-02
-3.261464834213256836e-02
3.104655072093009949e-03
-1.012658476829528809e-01
6.278123706579208374e-03
3.127295523881912231e-02
2.768376655876636505e-02
-4.475088417530059814e-02
-5.975605174899101257e-02
-1.020008139312267303e-02
-1.871827989816665649e-02
6.617330014705657959e-02
-2.335296943783760071e-02
2.671265974640846252e-04
6.476033478975296021e-02
8.400712907314300537e-02
8.860236406326293945e-02
-1.849922351539134979e-02
-2.251918613910675049e-02
8.639306575059890747e-02
-1.408137846738100052e-02
-6.640540063381195068e-02
-4.762000963091850281e-02
5.896133929491043091e-02
2.728310413658618927e-02
-7.446509599685668945e-02
5.448338389396667480e-02
-1.581836119294166565e-02
-4.765554517507553101e-02
-1.835370808839797974e-02
3.698887303471565247e-03
1.878795959055423737e-02
7.263952493667602539e-02
8.271442726254463196e-03
7.684555370360612869e-03
-1.767159998416900635e-02
-4.494349658489227295e-02
1.062965095043182373e-01
-4.531300626695156097e-03
3.607983514666557312e-02
2.956959418952465057e-02
-6.765682995319366455e-02
3.151353448629379272e-02
2.208703011274337769e-02
9.895340539515018463e-03
-3.169436007738113403e-02
-3.228559717535972595e-02
1.639231108129024506e-03
2.759012579917907715e-02
1.660644076764583588e-02
-2.812649868428707123e-02
1.517939753830432892e-02
-7.878816127777099609e-02
1.347765233367681503e-02
-9.939861297607421875e-02
-6.755165755748748779e-02
-3.178836405277252197e-02
-1.042991317808628082e-02
-4.516973346471786499e-02
7.962268590927124023e-02
-4.178206622600555420e-02
-1.134404819458723068e-02
-3.916855156421661377e-02
-6.913577020168304443e-02
6.246213614940643311e-02
2.423732914030551910e-02
3.160862997174263000e-02
7.313728332519531250e-03
-6.647246330976486206e-02
4.872680827975273132e-02
2.150797285139560699e-02
4.919010773301124573e-02
5.683279037475585938e-02
7.809781283140182495e-02
1.888199523091316223e-02
2.869496122002601624e-02
-5.431992933154106140e-03
-4.310909286141395569e-02
-4.642641171813011169e-03
-1.360362395644187927e-02
-1.419648341834545135e-02
-2.279471606016159058e-02
-2.170377597212791443e-02
5.484539270401000977e-02
-5.326829850673675537e-02
-1.011710315942764282e-01
3.280511125922203064e-03
1.462274789810180664e-02
9.776909649372100830e-02
-2.699273452162742615e-02
1.865240931510925293e-02
3.002038970589637756e-02
5.140881985425949097e-02
-1.775378175079822540e-02
8.397242426872253418e-02
-2.489252388477325439e-02
-2.142259292304515839e-02
1.173680275678634644e-01
4.329116642475128174e-02
4.508299753069877625e-02
-6.300599314272403717e-03
-9.625551849603652954e-02
4.786523804068565369e-02
-2.766282856464385986e-02
-1.246798038482666016e-02
2.454599179327487946e-02
8.997788652777671814e-03
-3.263790160417556763e-02
-1.839748024940490723e-02
-3.872612863779067993e-02
-9.734640829265117645e-03
6.607525050640106201e-02
-1.554865483194589615e-02
-2.100771106779575348e-02
-4.588682949542999268e-02
-2.222958020865917206e-02
4.500180855393409729e-02
3.479383513331413269e-02
-3.503623604774475098e-02
2.630325406789779663e-02
-2.726419456303119659e-02
-3.231482952833175659e-02
-1.939098909497261047e-02
5.233524739742279053e-02
7.695723325014114380e-04
3.072810359299182892e-03
3.748021647334098816e-02
-6.507588922977447510e-02
-8.885847777128219604e-02
2.854652144014835358e-02
-1.387636363506317139e-02
-2.621720358729362488e-02
3.893692791461944580e-02
5.414399504661560059e-02
-4.017210379242897034e-02
-2.692454308271408081e-02
-1.974601112306118011e-02
-8.412334322929382324e-02
4.581291601061820984e-02
-3.552248701453208923e-02
-4.870411753654479980e-02
2.936672046780586243e-02
-7.868137955665588379e-02
3.042796254158020020e-02
5.301546305418014526e-02
-1.101366430521011353e-02
3.220561519265174866e-02
9.829245507717132568e-02
-7.779981940984725952e-03
-2.715956978499889374e-02
1.090304367244243622e-02
5.539588630199432373e-02
6.259064376354217529e-02
1.296563446521759033e-02
-5.331248044967651367e-02
2.417746931314468384e-02
-3.644656762480735779e-02
-1.030798070132732391e-02
6.281494162976741791e-03
6.295227259397506714e-02
-2.772827167063951492e-03
-5.367528647184371948e-02
3.119248338043689728e-02
8.829787373542785645e-03
-8.746357262134552002e-02
-5.600805580615997314e-02
-6.713794078677892685e-03
1.378338783979415894e-02
-6.752479076385498047e-02
-3.951658308506011963e-02
8.759766817092895508e-02
-1.334415189921855927e-02
-2.050829119980335236e-02
-2.644813060760498047e-02
-6.650374084711074829e-02
-4.636676236987113953e-02
-1.618781127035617828e-02
-1.833172515034675598e-03
4.575125128030776978e-02
-4.906976595520973206e-03
3.321712091565132141e-02
-3.986161202192306519e-02
-3.509231284260749817e-02
2.637953311204910278e-02
1.748417131602764130e-02
-6.171920895576477051e-02
2.504560537636280060e-02
2.216659486293792725e-02
2.073591947555541992e-02
-1.961813308298587799e-02
-4.415261745452880859e-02
2.234194613993167877e-02
-5.852379649877548218e-02
1.253428496420383453e-02
-9.762917645275592804e-03
-3.289689496159553528e-02
3.158042579889297485e-02
6.147804483771324158e-02
1.166210696101188660e-02
-9.648765623569488525e-02
-7.110569626092910767e-03
-2.808139845728874207e-02
-3.411569818854331970e-02
1.959018409252166748e-02
3.912746533751487732e-02
-5.227694287896156311e-02
5.163329839706420898e-02
9.975242428481578827e-04
-3.388795256614685059e-02
8.373014628887176514e-02
-2.230318263173103333e-03
3.338390216231346130e-02
-1.151116937398910522e-02
4.515586793422698975e-02
-1.715384423732757568e-02
-5.671247094869613647e-02
-1.706798002123832703e-02
-3.453185036778450012e-02
2.496371790766716003e-02
6.436943262815475464e-02
2.281383611261844635e-02
-8.156951516866683960e-03
1.986314915120601654e-02
-2.458917535841464996e-02
-3.342303633689880371e-02
7.951901853084564209e-02
7.578313350677490234e-03
4.564050585031509399e-02
2.300312556326389313e-02
-2.761583030223846436e-02
-5.265669897198677063e-03
-2.901993691921234131e-03
-2.046940103173255920e-02
-5.570699274539947510e-02
5.995935946702957153e-02
5.796527117490768433e-02
-3.772668913006782532e-02
-7.474832236766815186e-02
-6.025444716215133667e-02
3.021284751594066620e-02
-1.267000380903482437e-02
3.562930226325988770e-02
3.350859135389328003e-02
2.321880683302879333e-02
3.396181017160415649e-02
1.897355169057846069e-02
3.157217055559158325e-02
-4.239126667380332947e-02
-3.223630785942077637e-02
4.012749344110488892e-02
1.245685853064060211e-02
-6.465221941471099854e-02
5.138609930872917175e-02
5.854466930031776428e-03
-1.930816844105720520e-02
1.004640758037567139e-02
2.012295089662075043e-02
-2.303107641637325287e-02
6.472995132207870483e-02
-1.815511845052242279e-02
-1.479421276599168777e-02
1.841671764850616455e-03
1.601717621088027954e-02
1.873283088207244873e-02
-3.996420279145240784e-02
-7.293398678302764893e-02
3.354461863636970520e-02
-6.009880453348159790e-02
-1.754555851221084595e-03
6.747833639383316040e-02
-3.278344124555587769e-02
-6.437320727854967117e-03
7.530583068728446960e-03
6.148559972643852234e-03
-7.886415719985961914e-02
-3.989700973033905029e-02
2.188773080706596375e-02
-7.166647911071777344e-02
-1.365128625184297562e-02
-8.612319082021713257e-02
4.826541617512702942e-02
-8.660896122455596924e-02
-1.187342703342437744e-01
-7.641391362994909286e-03
1.161939948797225952e-01
-7.239259034395217896e-02
4.265018180012702942e-02
-5.691293627023696899e-02
-1.986407674849033356e-03
-6.241958215832710266e-02
-3.491217643022537231e-02
5.610471591353416443e-03
-6.090359389781951904e-02
1.225030235946178436e-02
-8.088210225105285645e-02
-2.508248761296272278e-02
8.060351014137268066e-02
3.232974559068679810e-02
3.841781616210937500e-02
3.779798001050949097e-02
-5.677393078804016113e-02
-2.395113743841648102e-02
-4.272524639964103699e-02
5.026067793369293213e-02
-1.809906587004661560e-02
-1.404315419495105743e-02
-1.688247174024581909e-02
-8.228337019681930542e-02
3.961419314146041870e-02
1.334293372929096222e-02
-5.504283681511878967e-02
2.398526482284069061e-02
-5.977278947830200195e-02
-2.935936674475669861e-02
6.858328357338905334e-03
-4.745727404952049255e-03
-2.968234568834304810e-02
-3.275301307439804077e-02
1.395094208419322968e-02
1.543433591723442078e-02
5.061567574739456177e-02
1.824528723955154419e-02
5.341919139027595520e-02
-1.100050508975982666e-01
9.803658351302146912e-03
-6.031988188624382019e-02
-2.591306902468204498e-02
-4.228915274143218994e-02
9.533565491437911987e-03
-6.325935572385787964e-02
2.451751753687858582e-02
-3.825962170958518982e-02
4.435577988624572754e-02
-7.760532200336456299e-03
-8.226445317268371582e-02
-1.538000069558620453e-02
1.686555892229080200e-02
-4.312738031148910522e-02
3.868562355637550354e-02
2.081898972392082214e-02
3.719211369752883911e-02
2.014152333140373230e-02
5.384263116866350174e-03
2.046040073037147522e-02
-4.395604506134986877e-02
-5.169901624321937561e-02
-3.377947211265563965e-02
-2.284496650099754333e-02
-2.758658491075038910e-02
-9.768284857273101807e-02
4.933964461088180542e-03
-1.658238470554351807e-03
-3.585047274827957153e-02
4.888383671641349792e-02
3.426193818449974060e-02
-2.380268648266792297e-02
9.153881110250949860e-03
3.497986122965812683e-02
1.694387057796120644e-03
3.304672241210937500e-02
8.716017007827758789e-03
8.082218468189239502e-03
2.866002544760704041e-02
9.134915471076965332e-02
-1.659546047449111938e-02
6.603263318538665771e-04
3.278953209519386292e-02
4.816730320453643799e-02
6.724613718688488007e-03
2.934751845896244049e-02
1.884628273546695709e-02
-1.861311122775077820e-02
9.153075516223907471e-04
1.482562907040119171e-02
-3.067840263247489929e-02
-7.920727133750915527e-02
2.581714652478694916e-02
3.700151294469833374e-02
-1.080141961574554443e-02
3.003937378525733948e-02
2.162705175578594208e-02
2.788616158068180084e-02
5.913727916777133942e-03
3.476488590240478516e-02
-7.552874088287353516e-02
6.572787463665008545e-02
1.748412847518920898e-03
4.172520712018013000e-02
-2.781945094466209412e-02
4.676593095064163208e-02
-5.670799314975738525e-02
7.700336165726184845e-03
-1.743309944868087769e-02
5.558332428336143494e-02
-1.206060498952865601e-02
-3.360071033239364624e-02
-1.758700422942638397e-02
-5.072860419750213623e-02
6.114519387483596802e-02
-3.539191186428070068e-02
-1.125214621424674988e-02
1.344287022948265076e-02
-3.325505182147026062e-02
-2.435879409313201904e-02
-4.949054867029190063e-02
-2.471335045993328094e-02
-6.304384768009185791e-02
2.858807519078254700e-02
-7.191406562924385071e-03
-3.862287476658821106e-02
8.360531181097030640e-03
4.837580025196075439e-02
9.265395998954772949e-02
-4.596774280071258545e-02
2.303629554808139801e-02
-6.526886019855737686e-03
4.987726733088493347e-02
7.304620742797851562e-02
7.677080109715461731e-03
1.744775101542472839e-02
7.788614928722381592e-02
2.635870501399040222e-02
-4.071904346346855164e-02
-1.062605157494544983e-02
3.450806438922882080e-02
-2.993079274892807007e-02
2.208344824612140656e-02
7.538744807243347168e-02
6.239724159240722656e-02
-7.661871612071990967e-02
-2.817459963262081146e-02
-8.331795036792755127e-02
-5.023662000894546509e-02
-1.834433060139417648e-03
-6.752985715866088867e-02
1.738084480166435242e-03
2.116706222295761108e-03
-3.453870490193367004e-02
5.853474512696266174e-02
-4.191334918141365051e-02
1.421431824564933777e-02
3.702769428491592407e-02
-2.240013331174850464e-02
-4.124598205089569092e-02
1.225859858095645905e-02
1.258080452680587769e-02
1.107146404683589935e-02
-6.082057580351829529e-02
-4.666995257139205933e-02
6.913573015481233597e-03
1.632882654666900635e-02
-1.815169118344783783e-02
4.574316367506980896e-02
2.344019897282123566e-02
-1.293162349611520767e-02
5.962410941720008850e-03
-1.067221164703369141e-03
-3.403992578387260437e-02
5.225798860192298889e-02
8.303223550319671631e-02
1.382146216928958893e-02
-3.914682567119598389e-02
-1.034519895911216736e-01
-5.322274565696716309e-02
-5.042698979377746582e-02
-1.814658194780349731e-02
-4.363697394728660583e-02
3.195032477378845215e-02
4.220465198159217834e-02
-3.807212784886360168e-02
-2.852513827383518219e-02
4.941663146018981934e-02
1.107147522270679474e-02
3.076588921248912811e-02
7.711597718298435211e-03
7.754306495189666748e-02
4.174925759434700012e-02
-1.633620262145996094e-02
-4.968301393091678619e-03
-4.376929253339767456e-02
6.375873927026987076e-03
6.111964117735624313e-03
-5.599375814199447632e-03
3.996844217181205750e-02
