-2.185127139091491699e-02
-3.957942128181457520e-02
3.416167572140693665e-02
-5.561269447207450867e-02
-2.948135696351528168e-02
9.719101712107658386e-03
-8.492531254887580872e-03
5.854468047618865967e-02
1.071544364094734192e-02
2.846978418529033661e-02
-1.957518979907035828e-02
-8.450682461261749268e-02
2.155884169042110443e-02
6.429533939808607101e-03
-6.564535200595855713e-02
1.462105195969343185e-02
-1.936651580035686493e-02
3.224844858050346375e-02
5.082179233431816101e-02
9.933917969465255737e-02
3.334195585921406746e-03
5.587762966752052307e-02
-2.909664995968341827e-02
-1.230785623192787170e-02
1.053365245461463928e-01
-8.836112171411514282e-02
1.064040660858154297e-01
-6.730330735445022583e-02
-4.184936732053756714e-02
-4.002686217427253723e-02
-3.622072190046310425e-02
4.828719794750213623e-02
-2.712658839300274849e-03
4.294266179203987122e-02
-6.065591797232627869e-02
5.477719008922576904e-02
6.698510795831680298e-02
-3.041612729430198669e-02
-1.158735342323780060e-02
-9.959165006875991821e-03
8.967388421297073364e-02
6.531259417533874512e-02
3.422878682613372803e-02
-4.554403573274612427e-02
-9.936728328466415405e-02
7.174246944487094879e-03
-1.808297261595726013e-02
-1.843461394309997559e-02
9.966788440942764282e-02
-7.939608395099639893e-02
-3.054059296846389771e-02
-1.980946399271488190e-02
1.137277856469154358e-02
-1.368735730648040771e-02
-8.858771063387393951e-03
1.680111140012741089e-02
-5.222090333700180054e-02
-1.064532529562711716e-02
-3.997510671615600586e-02
3.075876459479331970e-02
-1.426021754741668701e-02
3.341184929013252258e-02
-1.007422711700201035e-02
2.534521743655204773e-02
-1.864399015903472900e-02
5.448108166456222534e-02
4.898361861705780029e-02
5.596172809600830078e-02
-3.184213116765022278e-02
2.492416650056838989e-02
-1.569510437548160553e-02
3.139545395970344543e-02
1.673489809036254883e-02
3.242530301213264465e-02
-1.159379258751869202e-01
1.413659658282995224e-02
-3.366012126207351685e-02
-4.242917522788047791e-02
-2.322453632950782776e-02
4.405448958277702332e-02
5.994354560971260071e-02
1.675584702752530575e-03
-1.640910096466541290e-02
1.268823258578777313e-02
-3.107479773461818695e-02
3.385317325592041016e-02
-9.593547880649566650e-02
1.825173012912273407e-02
4.734185524284839630e-03
8.335357904434204102e-02
-3.127762302756309509e-02
3.303019329905509949e-02
4.437645152211189270e-02
-4.917483031749725342e-02
7.380524184554815292e-03
5.652134492993354797e-02
5.910317972302436829e-02
4.126655310392379761e-02
-1.929073594510555267e-03
7.748107891529798508e-03
-2.995067462325096130e-02
-3.193732723593711853e-02
-4.118046537041664124e-02
-5.155987292528152466e-02
-1.726372912526130676e-02
1.616957597434520721e-02
-9.111201763153076172e-02
-5.756457801908254623e-03
5.029548332095146179e-02
-5.915771797299385071e-02
-3.996236994862556458e-02
3.897513449192047119e-02
4.850551951676607132e-03
3.197692334651947021e-02
-3.856246545910835266e-02
-1.613601483404636383e-02
4.889126867055892944e-02
-3.670081868767738342e-02
-2.002988476306200027e-03
-2.291399985551834106e-02
-4.573581367731094360e-02
-9.162210673093795776e-02
2.743706805631518364e-03
8.467284590005874634e-02
1.745126396417617798e-02
4.618982970714569092e-02
7.345900870859622955e-03
-1.374910492449998856e-02
3.883052244782447815e-02
-3.385951370000839233e-02
-9.742531925439834595e-02
-9.195794910192489624e-02
-6.151705980300903320e-03
-3.843433922156691551e-03
4.797905310988426208e-02
7.296937704086303711e-02
-4.912253469228744507e-03
-2.170907892286777496e-02
4.042992368340492249e-02
-3.081687726080417633e-02
1.256019528955221176e-02
2.655935660004615784e-02
2.448045834898948669e-02
-3.253853693604469299e-02
2.132674679160118103e-02
-6.399514153599739075e-03
3.119784779846668243e-02
2.703503146767616272e-02
-2.410234883427619934e-02
-3.158108144998550415e-02
6.393810361623764038e-02
1.862173713743686676e-02
1.133801043033599854e-02
2.300936542451381683e-02
-1.707797497510910034e-02
3.290659189224243164e-02
4.743673652410507202e-02
-1.011121552437543869e-02
7.942448556423187256e-02
-4.462807625532150269e-02
6.265027076005935669e-02
-9.178706444799900055e-03
-8.614555932581424713e-03
-7.256194949150085449e-02
2.510359324514865875e-02
2.574159018695354462e-02
1.083843335509300232e-01
5.930786207318305969e-02
-9.452823549509048462e-03
-2.310218475759029388e-02
-2.112617716193199158e-02
3.282159566879272461e-02
5.375597998499870300e-02
6.884745787829160690e-03
5.693307518959045410e-02
-1.663280278444290161e-02
1.271095219999551773e-02
4.029874503612518311e-02
4.538209736347198486e-02
7.886677049100399017e-03
1.201662793755531311e-02
-5.393404979258775711e-03
-6.290770322084426880e-02
-4.914241656661033630e-02
3.578450705390423536e-04
-9.204237163066864014e-02
-3.402040526270866394e-02
3.531937021762132645e-03
-3.853048011660575867e-02
2.456171251833438873e-02
-3.073831088840961456e-02
-7.741848379373550415e-02
-5.448649823665618896e-02
5.051918327808380127e-03
-5.099013075232505798e-02
-9.133875370025634766e-02
-7.402207702398300171e-03
-1.913980767130851746e-02
2.868589758872985840e-02
4.451665282249450684e-02
-1.669678650796413422e-02
5.977218388579785824e-04
6.602234393358230591e-02
-5.347738787531852722e-02
7.092406600713729858e-02
9.987396188080310822e-03
5.553124099969863892e-02
7.879890501499176025e-02
1.948098838329315186e-02
-1.938075385987758636e-02
6.346040964126586914e-02
2.446066401898860931e-02
-8.325503021478652954e-02
7.923872210085391998e-03
-1.028867885470390320e-01
-2.473194897174835205e-02
-1.526282634586095810e-02
-5.585797876119613647e-02
-2.306679077446460724e-02
5.688884109258651733e-02
-2.751855552196502686e-02
-7.626646757125854492e-02
-1.962953247129917145e-02
1.855677925050258636e-03
1.440054737031459808e-02
3.207676857709884644e-02
3.833579272031784058e-02
-3.452454134821891785e-02
-4.686904326081275940e-02
-6.361889839172363281e-02
4.290522262454032898e-02
-2.539795078337192535e-02
-1.470835786312818527e-02
-1.911949738860130310e-02
7.802417036145925522e-03
1.347869634628295898e-02
-2.485501393675804138e-02
-6.922653317451477051e-02
-7.426692545413970947e-02
-3.390217944979667664e-02
-3.497570753097534180e-02
3.025065734982490540e-02
-3.545922040939331055e-02
-5.943155288696289062e-02
3.650422766804695129e-02
3.746101260185241699e-02
1.615578494966030121e-02
-9.311797097325325012e-03
9.732919745147228241e-03
5.180576443672180176e-02
-7.800412178039550781e-02
-1.253215223550796509e-02
-9.138245880603790283e-02
-5.905770696699619293e-03
-4.289847984910011292e-02
-6.253802217543125153e-03
2.723230607807636261e-02
-1.218866929411888123e-02
-4.177518188953399658e-02
4.378311336040496826e-02
-6.212824210524559021e-02
-4.528918117284774780e-02
-2.605326008051633835e-03
-8.281102403998374939e-03
-1.788886077702045441e-02
8.870131522417068481e-02
5.327048897743225098e-02
1.200467720627784729e-01
-2.364508435130119324e-02
6.502504646778106689e-02
-1.344254892319440842e-02
3.252070024609565735e-02
8.001381903886795044e-02
-5.896005895920097828e-04
4.788005724549293518e-02
-4.285913892090320587e-03
-2.518689632415771484e-02
2.469144063070416451e-03
-1.999151147902011871e-02
4.668383300304412842e-02
-2.609635889530181885e-02
-2.856308221817016602e-02
8.639822900295257568e-02
2.590496465563774109e-02
1.057176291942596436e-02
-2.593889087438583374e-02
-2.474768646061420441e-02
-3.468840569257736206e-02
3.353009000420570374e-02
1.537667121738195419e-02
6.332907825708389282e-02
2.674600481986999512e-02
2.579369209706783295e-02
-4.364226013422012329e-02
4.055253416299819946e-02
-8.297777920961380005e-02
-1.761532202363014221e-02
3.267221897840499878e-02
1.970513723790645599e-03
-6.353986263275146484e-02
-2.594546042382717133e-02
-5.714736413210630417e-03
-5.587172135710716248e-02
-7.620451599359512329e-02
3.595583606511354446e-03
6.774845719337463379e-02
-1.284949481487274170e-02
4.127005487680435181e-02
-3.209336474537849426e-02
2.448425628244876862e-03
-2.594094723463058472e-02
1.674489118158817291e-02
-5.906719341874122620e-02
-6.500536948442459106e-02
1.856624521315097809e-02
4.092440754175186157e-02
-3.793756663799285889e-02
4.062613006681203842e-03
-2.105659432709217072e-02
-1.443976908922195435e-02
3.387805819511413574e-02
-6.007625162601470947e-02
-9.551320225000381470e-03
4.175162687897682190e-02
-4.316455125808715820e-02
1.540064439177513123e-02
-2.299845777451992035e-02
2.749261260032653809e-02
5.324602872133255005e-02
2.891694940626621246e-02
-9.734492748975753784e-03
-6.909839063882827759e-02
3.914733882993459702e-03
4.049382358789443970e-02
4.359667375683784485e-02
-7.258314639329910278e-02
-5.649333819746971130e-02
-9.361632168292999268e-03
-8.268550038337707520e-02
-3.414679691195487976e-02
3.989266976714134216e-02
-7.055607624351978302e-03
-2.719117328524589539e-02
1.812507212162017822e-02
3.424216806888580322e-02
3.011466562747955322e-02
3.100887872278690338e-02
-2.729499712586402893e-02
1.787675358355045319e-02
-6.865627318620681763e-02
2.089918963611125946e-02
1.746973767876625061e-02
-1.464494224637746811e-02
2.046011202037334442e-02
-1.391084678471088409e-02
-1.917644962668418884e-02
-1.892144791781902313e-02
-4.224907979369163513e-02
4.669693764299154282e-03
-4.229068011045455933e-02
5.451771989464759827e-02
-5.340975895524024963e-02
-5.531543865799903870e-02
-1.098917610943317413e-02
-1.432442013174295425e-02
9.896286064758896828e-04
-2.140895090997219086e-02
-6.617265753448009491e-03
1.216229144483804703e-02
2.718208357691764832e-02
-1.457870472222566605e-02
1.759895123541355133e-02
7.433464750647544861e-03
2.658748812973499298e-02
-2.928705327212810516e-02
1.041606161743402481e-02
-6.239847093820571899e-02
3.928783908486366272e-02
-2.684091404080390930e-02
4.887738078832626343e-02
3.644331172108650208e-02
-2.025758847594261169e-02
4.540009051561355591e-02
2.399400062859058380e-02
9.370984509587287903e-03
-2.487116307020187378e-02
1.529876608401536942e-02
2.643483318388462067e-02
2.341976575553417206e-02
-8.176343888044357300e-02
3.517299890518188477e-02
-2.080064266920089722e-03
1.696970686316490173e-02
-3.606212325394153595e-03
3.038140130229294300e-04
-4.652679711580276489e-02
-4.763530939817428589e-02
-4.143164679408073425e-02
-1.659324020147323608e-02
-7.402471266686916351e-03
-4.358308762311935425e-02
-4.662569239735603333e-02
-5.045430734753608704e-02
6.458314508199691772e-02
6.600943394005298615e-03
8.167712390422821045e-02
5.180675070732831955e-03
3.641683980822563171e-02
2.303515747189521790e-02
-4.223877191543579102e-02
5.405299831181764603e-03
-2.382167847827076912e-03
-1.328952983021736145e-02
5.809197202324867249e-02
3.095907904207706451e-02
-1.012310013175010681e-02
-1.851472631096839905e-02
-3.082187287509441376e-02
5.770548060536384583e-02
-1.094697508960962296e-02
-1.007781736552715302e-02
-8.965960890054702759e-02
-7.305414974689483643e-02
-1.220829598605632782e-02
-5.308814346790313721e-03
9.567221254110336304e-02
2.586154825985431671e-02
3.183002769947052002e-02
2.004287578165531158e-02
6.021214649081230164e-02
5.943903699517250061e-02
-5.579977482557296753e-02
2.515533566474914551e-02
-6.076325103640556335e-02
3.037325851619243622e-02
-7.643972337245941162e-02
-6.355095654726028442e-02
-1.331150904297828674e-02
-4.465728998184204102e-02
2.990246564149856567e-02
-1.901850104331970215e-02
-6.094496231526136398e-03
-9.901880472898483276e-02
-1.388869807124137878e-02
2.615390717983245850e-02
2.580777369439601898e-02
-3.711831942200660706e-02
-1.735489629209041595e-02
-5.366523191332817078e-02
3.073626197874546051e-02
-6.204158067703247070e-02
6.140201911330223083e-02
1.838101074099540710e-02
-3.280315548181533813e-02
-3.929010033607482910e-02
4.715117812156677246e-02
-3.033947944641113281e-02
-1.236461568623781204e-02
-2.944383397698402405e-02
-2.818929497152566910e-03
-4.498355090618133545e-02
3.215736150741577148e-02
-1.052191779017448425e-01
1.342298835515975952e-02
-1.298798918724060059e-01
-3.158909082412719727e-02
-2.550529129803180695e-02
-7.209389656782150269e-02
-5.823067203164100647e-02
-3.964279219508171082e-02
-5.144483409821987152e-03
-9.494195692241191864e-03
8.681657910346984863e-02
3.432765975594520569e-02
-1.980255916714668274e-02
-4.132562130689620972e-02
1.947443187236785889e-02
-2.016188018023967743e-02
5.360070616006851196e-02
-1.480456162244081497e-02
1.753678917884826660e-02
-4.031259939074516296e-02
3.645053133368492126e-02
-2.041813917458057404e-02
6.300631444901227951e-03
1.981720328330993652e-02
4.317056387662887573e-02
-3.849250078201293945e-02
-3.067403566092252731e-03
3.752704337239265442e-02
-2.710740780457854271e-03
3.821311518549919128e-03
-8.781827054917812347e-03
-6.568474322557449341e-02
9.120608866214752197e-02
-5.936206132173538208e-02
4.087742418050765991e-02
-1.882164366543292999e-02
3.153129294514656067e-02
-5.207304377108812332e-03
3.192334249615669250e-02
-4.492461681365966797e-03
-2.017832174897193909e-02
5.051821097731590271e-02
-2.445322647690773010e-02
8.490830659866333008e-03
-1.779237575829029083e-02
-8.176320791244506836e-02
-1.472015399485826492e-02
-2.905067801475524902e-02
5.904795136302709579e-03
2.346464432775974274e-02
5.045066773891448975e-02
-1.509032910689711571e-03
-4.413253441452980042e-02
-3.995991125702857971e-02
8.373822085559368134e-03
-1.405890844762325287e-02
4.447749350219964981e-03
-5.311373248696327209e-02
1.805360987782478333e-02
-5.020274594426155090e-02
1.419214624911546707e-02
-2.562141278758645058e-03
6.120795756578445435e-02
2.270863391458988190e-02
-7.305686175823211670e-02
1.693631336092948914e-02
1.561838574707508087e-02
1.624347874894738197e-03
-3.223066404461860657e-02
-1.096712201833724976e-01
-7.691446808166801929e-04
1.125724092125892639e-01
-4.267702996730804443e-02
-2.654075855389237404e-03
-5.030031502246856689e-02
3.745432570576667786e-02
-2.873013541102409363e-02
-3.231296315789222717e-03
5.692045018076896667e-02
1.027907058596611023e-01
-4.989559948444366455e-02
1.051483489573001862e-02
4.420569911599159241e-02
6.623718142509460449e-02
-3.742633759975433350e-02
-5.732216313481330872e-02
-3.648845478892326355e-02
9.281800687313079834e-02
-1.937595196068286896e-02
-2.924042381346225739e-02
4.260581359267234802e-02
-8.754631131887435913e-02
3.280164301395416260e-02
-1.953381113708019257e-02
-6.701605021953582764e-02
-7.157374173402786255e-02
2.097693644464015961e-02
-6.277364492416381836e-02
2.511957474052906036e-02
2.319661155343055725e-02
-4.627318307757377625e-02
-6.072495132684707642e-02
2.969883941113948822e-02
3.141992911696434021e-02
4.482546076178550720e-02
-6.836488842964172363e-02
-1.006900053471326828e-02
-3.313826862722635269e-03
-4.548598546534776688e-03
-3.258978947997093201e-02
-8.830402046442031860e-03
1.629663817584514618e-02
-9.672097861766815186e-03
1.990205608308315277e-02
-1.726691983640193939e-02
-2.368945861235260963e-03
-1.318288873881101608e-02
3.752137720584869385e-02
5.257792025804519653e-02
-7.187988143414258957e-03
-6.066664354875683784e-04
-9.526012465357780457e-03
-1.601594616658985615e-03
-2.447202429175376892e-02
-3.863346576690673828e-02
-2.125048264861106873e-02
3.297905251383781433e-02
2.651810878887772560e-03
-2.803953364491462708e-03
-1.298597734421491623e-02
-6.167520210146903992e-02
-6.133798509836196899e-02
-2.729193307459354401e-02
-1.656787283718585968e-02
-1.591046020621433854e-05
-3.560379147529602051e-02
-6.009691953659057617e-02
-2.420288510620594025e-02
-2.017546817660331726e-02
-1.230849605053663254e-02
2.015280351042747498e-02
-1.938328612595796585e-03
-3.029982559382915497e-02
1.052793767303228378e-02
2.981428289785981178e-03
4.921243339776992798e-02
-3.767992556095123291e-02
-1.598047278821468353e-02
1.648132875561714172e-02
2.656819298863410950e-02
-2.307619899511337280e-02
-3.864329680800437927e-02
-1.194867864251136780e-01
6.147093325853347778e-02
3.133017942309379578e-02
-8.629480376839637756e-03
8.800949156284332275e-02
8.697650581598281860e-02
-3.626996278762817383e-02
-1.821911521255970001e-02
1.663293503224849701e-02
-1.825005933642387390e-02
2.219611220061779022e-02
5.288163572549819946e-02
3.105057030916213989e-02
-7.021789252758026123e-02
-6.314974278211593628e-02
3.052406944334506989e-02
-1.546638645231723785e-02
-9.090794250369071960e-03
-3.301686793565750122e-02
2.420041244477033615e-03
-3.537973016500473022e-02
-2.043145149946212769e-02
-2.554851956665515900e-02
-4.628571495413780212e-02
1.178138796240091324e-02
-4.453108459711074829e-02
4.870450124144554138e-02
4.256163537502288818e-02
-4.209843464195728302e-03
1.663409173488616943e-02
3.419212624430656433e-02
5.218588188290596008e-02
4.877813160419464111e-02
1.021456159651279449e-02
4.494242742657661438e-02
2.414501272141933441e-03
6.759147346019744873e-02
6.171037256717681885e-02
-2.139050327241420746e-02
4.085893742740154266e-03
4.941217601299285889e-03
-4.569248482584953308e-02
7.386794686317443848e-02
-3.872454538941383362e-02
-1.656566187739372253e-02
-5.396591965109109879e-03
-1.824101805686950684e-02
2.679045125842094421e-02
1.684256084263324738e-02
6.247761845588684082e-02
1.239355932921171188e-02
-3.354832157492637634e-02
-5.691959522664546967e-03
1.847905921749770641e-03
2.151491679251194000e-02
-8.140990883111953735e-02
9.918760508298873901e-03
-1.002836879342794418e-02
-5.748533830046653748e-02
-3.087415546178817749e-02
3.110252693295478821e-02
-4.484733194112777710e-02
-5.215538293123245239e-02
-5.311726406216621399e-02
-9.087967872619628906e-02
-2.600499987602233887e-02
3.567413985729217529e-02
1.074427738785743713e-01
-2.592329494655132294e-02
2.334793657064437866e-02
4.966168478131294250e-02
-2.914409525692462921e-02
6.799886468797922134e-03
5.788592249155044556e-02
3.750002756714820862e-02
8.696892857551574707e-02
2.883344516158103943e-02
-3.274308517575263977e-02
-1.302711665630340576e-02
-1.450784597545862198e-02
9.429298341274261475e-02
-6.056600250303745270e-03
-1.823423802852630615e-02
3.786555677652359009e-02
-4.080855473875999451e-02
-6.247178092598915100e-02
1.337728369981050491e-02
1.170938601717352867e-03
-6.015063729137182236e-03
-1.931789331138134003e-02
4.429541900753974915e-02
-4.283851012587547302e-02
-3.566040098667144775e-02
6.632480025291442871e-02
-5.555535852909088135e-02
-5.906460434198379517e-02
6.729882955551147461e-02
-9.047550149261951447e-03
-4.740583896636962891e-02
-8.380380272865295410e-02
-2.437930926680564880e-02
1.779526658356189728e-02
-5.116583406925201416e-02
-6.943780183792114258e-02
4.735107533633708954e-03
-4.272902756929397583e-02
-1.259458251297473907e-02
3.262198716402053833e-02
-2.213268354535102844e-02
6.429538130760192871e-02
-5.299164727330207825e-02
5.038908496499061584e-02
-2.053627371788024902e-02
-7.768148556351661682e-03
-2.811184898018836975e-02
3.469551727175712585e-02
-1.025773817673325539e-03
-7.504235953092575073e-02
-1.577191986143589020e-02
2.102813310921192169e-02
-1.438102312386035919e-02
-7.661781739443540573e-03
-3.571835905313491821e-02
2.299102395772933960e-02
-5.313807167112827301e-03
3.328642621636390686e-02
-4.049316421151161194e-02
-5.887914448976516724e-03
3.260819613933563232e-02
3.378679603338241577e-02
-5.312561243772506714e-02
-5.269726365804672241e-02
4.437882080674171448e-02
-3.842121362686157227e-02
7.561725564301013947e-03
-3.572408854961395264e-02
2.061046287417411804e-02
-6.537909619510173798e-03
7.423697970807552338e-03
-5.405097082257270813e-02
-6.107203289866447449e-02
7.254941016435623169e-02
6.038926541805267334e-02
-6.402093172073364258e-02
-4.543396644294261932e-03
-9.689685702323913574e-02
-7.038859277963638306e-02
3.072068095207214355e-02
-5.558039620518684387e-02
4.453770443797111511e-02
4.937472287565469742e-03
-4.791404306888580322e-02
-1.404408086091279984e-02
5.448259040713310242e-02
6.574010848999023438e-02
5.385970580391585827e-04
2.338355407118797302e-03
-3.232617303729057312e-02
8.879403769969940186e-02
-1.184914167970418930e-02
-3.166448324918746948e-02
4.691462591290473938e-02
1.420801132917404175e-02
-4.788000136613845825e-02
6.019015610218048096e-02
8.983608335256576538e-03
-2.005095034837722778e-02
8.053984493017196655e-02
-4.788341745734214783e-02
1.503009535372257233e-02
6.134249269962310791e-02
-1.013690233230590820e-01
-2.046792767941951752e-02
-3.238297253847122192e-02
4.311187192797660828e-02
-9.089977480471134186e-03
3.324763104319572449e-02
7.046284736134111881e-05
-2.486958540976047516e-02
-7.495054602622985840e-02
4.854701925069093704e-03
-1.166254002600908279e-02
-1.485128421336412430e-02
1.424974948167800903e-02
7.037142664194107056e-02
-2.682351134717464447e-02
-4.308755323290824890e-02
-2.949983254075050354e-02
-1.647093519568443298e-02
1.137736532837152481e-02
-1.204111427068710327e-01
-4.925262555480003357e-02
-7.182563841342926025e-02
4.348821938037872314e-02
-9.489412419497966766e-03
5.673257168382406235e-03
2.037061378359794617e-02
3.540380299091339111e-02
-9.532487951219081879e-03
1.319103874266147614e-02
-2.511218190193176270e-02
7.204648107290267944e-03
-1.181046143174171448e-01
9.177901782095432281e-03
-1.241983938962221146e-02
6.053812429308891296e-02
-2.206884510815143585e-02
-1.525586284697055817e-02
-1.229214072227478027e-01
-6.606692913919687271e-03
4.272577166557312012e-02
-5.369756836444139481e-03
-4.194516688585281372e-02
-6.429289281368255615e-02
1.103189121931791306e-02
2.728918753564357758e-02
-3.214889764785766602e-02
-6.705094128847122192e-02
-6.979163736104965210e-03
-1.898153685033321381e-02
8.823526091873645782e-03
-1.090080477297306061e-03
-6.154886912554502487e-03
-4.584008082747459412e-02
5.117617547512054443e-03
2.849822305142879486e-02
8.807525038719177246e-02
-4.422085359692573547e-02
-3.270892053842544556e-02
3.366379439830780029e-02
5.289739370346069336e-02
-3.895042091608047485e-02
4.386834427714347839e-02
4.682219401001930237e-02
-5.336008593440055847e-02
1.802376657724380493e-02
8.381736278533935547e-02
5.515969917178153992e-02
-2.138140145689249039e-03
7.169317919760942459e-03
3.428113088011741638e-02
-5.432290211319923401e-02
4.487629979848861694e-02
-5.491333454847335815e-02
1.184355989098548889e-01
-1.091215480118989944e-02
-1.954788458533585072e-04
-1.102016540244221687e-03
-7.076713442802429199e-02
9.535216726362705231e-03
1.104991137981414795e-02
-1.234674639999866486e-02
-1.868477463722229004e-02
4.919153172522783279e-03
1.600188016891479492e-02
-1.075768470764160156e-02
-4.453013464808464050e-02
-1.278746128082275391e-02
4.732412099838256836e-02
2.478652261197566986e-02
-4.012880846858024597e-02
-2.113260328769683838e-02
-7.030857354402542114e-02
4.831944406032562256e-02
3.543033078312873840e-02
6.426911801099777222e-02
1.642074622213840485e-02
1.009740605950355530e-01
-2.677638642489910126e-02
-2.627000585198402405e-02
5.445709452033042908e-02
1.704072393476963043e-02
1.859502494335174561e-02
5.617003887891769409e-03
-5.679758731275796890e-03
8.228931576013565063e-02
5.768955126404762268e-02
8.016569539904594421e-03
8.587250486016273499e-03
4.624330624938011169e-02
4.063792526721954346e-02
5.508588999509811401e-02
-1.009134389460086823e-02
-4.053068906068801880e-02
5.764554813504219055e-02
-4.691037908196449280e-02
4.962158203125000000e-02
7.332304120063781738e-02
-4.866990447044372559e-02
-8.190064691007137299e-03
9.907305240631103516e-03
-9.942929260432720184e-03
2.845327556133270264e-02
1.849683001637458801e-02
6.846521049737930298e-03
-7.363595813512802124e-02
7.505024224519729614e-02
6.392457336187362671e-02
4.218099638819694519e-02
-3.749371692538261414e-02
-1.421287562698125839e-02
-5.990917608141899109e-02
3.314436972141265869e-02
7.190962880849838257e-02
-4.070156067609786987e-02
-3.685721021611243486e-04
1.643862947821617126e-02
7.832602597773075104e-03
-8.854116313159465790e-03
-3.516326099634170532e-02
2.208616212010383606e-02
4.260405153036117554e-02
5.392918363213539124e-02
-6.307667493820190430e-02
-6.568233482539653778e-03
-7.312527298927307129e-02
3.110730275511741638e-02
4.374576359987258911e-02
1.030127517879009247e-02
-1.772888749837875366e-02
3.243809193372726440e-02
-3.361513465642929077e-02
-6.533819716423749924e-03
-8.816644549369812012e-04
3.302623704075813293e-02
3.167298063635826111e-02
9.216198697686195374e-03
-4.942974774166941643e-04
4.307235777378082275e-02
2.607342600822448730e-02
-4.636108875274658203e-03
9.876212477684020996e-02
1.433124206960201263e-02
2.274192310869693756e-02
1.029048413038253784e-01
6.361401081085205078e-02
5.344497039914131165e-02
5.830200389027595520e-02
1.863885554485023022e-03
2.064524963498115540e-02
7.964796572923660278e-02
6.331288069486618042e-02
2.905624173581600189e-02
-7.414055522531270981e-03
-1.980449538677930832e-03
4.290509968996047974e-02
-4.047239944338798523e-02
-3.465174511075019836e-02
-7.011694461107254028e-02
-6.194928288459777832e-02
6.785320490598678589e-02
1.508277491666376591e-04
4.370873421430587769e-02
2.573766931891441345e-02
3.301813453435897827e-02
-2.001333236694335938e-02
2.592445234768092632e-04
5.370867252349853516e-02
-3.010459616780281067e-02
-1.695263013243675232e-02
-1.203428115695714951e-02
-8.365117013454437256e-02
3.775281831622123718e-02
-4.585267975926399231e-02
3.421149030327796936e-02
2.357938326895236969e-02
-7.318182848393917084e-03
-4.957474768161773682e-02
-3.364165127277374268e-02
-1.839134725742042065e-03
1.504584588110446930e-02
-3.439376130700111389e-02
-1.032878272235393524e-02
4.037358332425355911e-03
6.690589245408773422e-03
-1.964788883924484253e-02
-8.588713593780994415e-03
-8.458822267130017281e-04
6.410470604896545410e-02
1.158246099948883057e-01
-2.052925154566764832e-02
3.975515253841876984e-03
1.183905173093080521e-03
5.867722630500793457e-02
-1.647761650383472443e-02
7.328560110181570053e-03
-1.715740421786904335e-03
4.242972657084465027e-02
3.586096316576004028e-02
-5.761376768350601196e-02
-5.803973600268363953e-02
-5.555895715951919556e-02
2.110496570821851492e-04
-1.622085273265838623e-02
-2.296997793018817902e-02
1.485204696655273438e-02
-7.416512351483106613e-03
1.144992001354694366e-02
2.523532509803771973e-02
-2.535122819244861603e-02
5.028326064348220825e-03
3.064773231744766235e-02
-8.750629611313343048e-03
-1.225226931273937225e-02
-5.072076991200447083e-02
1.830818876624107361e-02
1.911730505526065826e-02
-6.872648000717163086e-02
6.879042834043502808e-02
-4.230451956391334534e-02
