1.553940027952194214e-02
4.264355078339576721e-02
-9.692128002643585205e-02
-7.530452311038970947e-02
4.787771031260490417e-02
-1.928079128265380859e-02
1.507049798965454102e-02
-6.892710924148559570e-02
-6.505516916513442993e-02
1.202316838316619396e-03
3.127500787377357483e-02
-6.548977643251419067e-02
7.384416460990905762e-02
4.254225641489028931e-02
-2.025549672544002533e-02
1.712714135646820068e-02
-7.953914254903793335e-02
1.168494019657373428e-02
-9.463766217231750488e-02
3.289101645350456238e-02
-4.504428803920745850e-02
-4.443149641156196594e-02
-3.286327049136161804e-02
2.076533995568752289e-02
-2.438022010028362274e-02
-8.219645172357559204e-02
4.354159161448478699e-02
1.024802960455417633e-02
8.415432646870613098e-03
-7.372567895799875259e-03
3.800573199987411499e-02
1.176576944999396801e-03
3.245424851775169373e-02
1.081372145563364029e-02
5.486560240387916565e-02
1.109027490019798279e-02
-8.818755298852920532e-02
-2.414561808109283447e-02
-2.864938601851463318e-02
2.032782137393951416e-02
1.576040126383304596e-02
3.655633330345153809e-02
-4.856369923800230026e-03
-1.007885858416557312e-01
-1.271807961165904999e-02
3.026491776108741760e-02
-2.786486409604549408e-02
-1.051189526915550232e-01
-2.481155470013618469e-02
-4.475638642907142639e-02
-1.006259024143218994e-01
2.489264123141765594e-02
-3.230401128530502319e-02
7.843562960624694824e-02
-1.015902031213045120e-02
-8.877974748611450195e-02
-6.229788437485694885e-02
4.375802725553512573e-02
-5.746546201407909393e-03
2.966922475025057793e-03
-1.728713512420654297e-02
4.626163840293884277e-02
7.490354776382446289e-02
-6.694997102022171021e-02
1.225596386939287186e-02
-5.645979940891265869e-02
2.285284688696265221e-03
-4.253454040735960007e-03
4.829389043152332306e-03
3.213557228446006775e-02
-5.493907257914543152e-03
-3.993969038128852844e-02
-9.882386773824691772e-03
-1.052529318258166313e-03
-1.147956401109695435e-02
5.923787876963615417e-02
3.306546807289123535e-02
3.523988649249076843e-02
2.340617030858993530e-02
3.238943219184875488e-02
-1.141876652836799622e-01
6.647071242332458496e-02
-1.607335358858108521e-02
7.763590663671493530e-03
1.627989485859870911e-02
-8.502706885337829590e-02
1.256567612290382385e-02
3.588987141847610474e-02
-3.912326321005821228e-02
5.803573504090309143e-02
-3.170526027679443359e-02
-3.297212766483426094e-03
-4.834908246994018555e-02
-6.437088549137115479e-02
2.261762041598558426e-03
-5.344886705279350281e-02
-5.466159805655479431e-02
4.348560050129890442e-02
-2.406638115644454956e-02
-1.636792533099651337e-02
4.025445878505706787e-02
7.266184780746698380e-03
3.330086916685104370e-02
5.727434903383255005e-02
2.803959697484970093e-02
-7.660229224711656570e-03
3.786975517868995667e-02
-6.532738357782363892e-02
-2.169846184551715851e-02
-3.819506242871284485e-02
5.135369300842285156e-02
-5.409379303455352783e-02
2.282480895519256592e-02
-4.562127590179443359e-02
3.243038663640618324e-03
1.901529729366302490e-02
2.331831492483615875e-02
7.103180885314941406e-02
8.585865795612335205e-02
4.264037683606147766e-02
-3.384044021368026733e-02
-3.647051379084587097e-02
-3.734620288014411926e-02
-8.088982850313186646e-02
-1.181422267109155655e-02
4.158928245306015015e-02
3.121023252606391907e-02
-5.479639023542404175e-02
6.187943741679191589e-02
5.580252036452293396e-02
-5.707245320081710815e-03
-2.138362638652324677e-02
-4.073782637715339661e-02
1.573775336146354675e-02
2.549027465283870697e-02
-4.794516135007143021e-03
-3.881219401955604553e-02
6.632959842681884766e-02
-2.082408219575881958e-02
9.792829304933547974e-02
-2.731087431311607361e-02
1.832974329590797424e-02
5.642987415194511414e-02
2.104109153151512146e-02
-1.029191315174102783e-01
-2.286267280578613281e-02
4.181095957756042480e-02
-7.298660464584827423e-03
1.788979955017566681e-02
-3.640530630946159363e-02
-4.540838673710823059e-02
-2.193260705098509789e-03
4.735785722732543945e-02
7.448538206517696381e-03
-7.993522286415100098e-02
7.259370386600494385e-02
-5.065738037228584290e-02
6.256526708602905273e-02
-7.043087482452392578e-02
1.140865217894315720e-02
-3.891074284911155701e-02
-1.355261448770761490e-02
4.305647313594818115e-02
2.186410129070281982e-02
6.110751535743474960e-03
4.644965380430221558e-02
-5.061019212007522583e-02
4.471762850880622864e-02
2.808283455669879913e-02
6.564290262758731842e-03
5.345261190086603165e-03
-1.670530624687671661e-02
-5.327495560050010681e-02
4.905380774289369583e-03
3.026641905307769775e-02
-5.787823349237442017e-02
3.234399855136871338e-02
3.535139933228492737e-02
-6.406088173389434814e-02
3.954795747995376587e-02
4.131986573338508606e-02
-7.040736079216003418e-02
2.753158099949359894e-02
5.545440316200256348e-02
2.444290369749069214e-02
1.795095950365066528e-02
7.719899713993072510e-02
-6.288792192935943604e-02
5.403158068656921387e-02
-3.902331367135047913e-02
-1.705404743552207947e-02
-4.876389354467391968e-02
1.525561232119798660e-02
-1.351975952275097370e-03
-2.590077556669712067e-02
-6.750371307134628296e-02
6.110898777842521667e-02
-3.123702108860015869e-02
4.956177622079849243e-02
-4.411992430686950684e-02
-5.664065480232238770e-03
1.116864103823900223e-02
3.391581028699874878e-02
-4.489274322986602783e-02
2.220174856483936310e-02
6.287235766649246216e-03
5.490583926439285278e-02
6.003114581108093262e-02
1.673226058483123779e-02
-4.280882701277732849e-02
4.383758082985877991e-02
1.001103892922401428e-01
-5.629265680909156799e-02
-2.348874462768435478e-03
1.503447070717811584e-02
9.656352922320365906e-03
1.611782982945442200e-02
1.468099653720855713e-02
7.484284788370132446e-02
-4.694068059325218201e-02
-6.722578313201665878e-03
5.637802928686141968e-02
-3.673929348587989807e-02
1.970032975077629089e-02
-1.500983070582151413e-02
3.045528754591941833e-02
-7.140377070754766464e-03
7.865649648010730743e-03
5.698873847723007202e-02
6.402043253183364868e-02
1.033818870782852173e-01
-2.612992189824581146e-03
-5.719428136944770813e-02
-1.754105836153030396e-02
6.672755628824234009e-02
-1.485659647732973099e-02
-3.044732473790645599e-02
5.772631615400314331e-03
6.827186327427625656e-03
6.526133976876735687e-03
6.795431487262248993e-03
2.952688559889793396e-02
4.184547066688537598e-02
-1.215284690260887146e-02
-7.741189002990722656e-02
-7.578416913747787476e-02
-1.002893745899200439e-01
-2.819011732935905457e-02
5.659232847392559052e-04
2.838969975709915161e-02
1.128545962274074554e-02
8.551332354545593262e-02
1.551309041678905487e-02
-8.985084714367985725e-04
1.753300055861473083e-02
-1.783159933984279633e-02
-8.903875015676021576e-03
4.823504388332366943e-02
4.460881650447845459e-02
-4.713316261768341064e-02
-8.403699100017547607e-02
2.104855328798294067e-02
-4.360624775290489197e-02
2.273565344512462616e-02
-2.197012305259704590e-02
1.157240197062492371e-02
-2.416411228477954865e-02
4.422506317496299744e-02
-7.857014983892440796e-02
2.649514190852642059e-02
-3.022848628461360931e-03
4.996262025088071823e-03
6.083299964666366577e-02
-1.152755971997976303e-02
-2.333725988864898682e-02
-3.048361465334892273e-02
1.623984798789024353e-02
2.488907240331172943e-02
-1.402004249393939972e-02
5.617469549179077148e-02
2.533025108277797699e-02
-3.386965766549110413e-02
-3.724936023354530334e-02
-3.528706356883049011e-02
-6.490388512611389160e-02
-8.225589990615844727e-02
-2.866194210946559906e-02
-2.996482886373996735e-02
4.186194017529487610e-02
-1.008894667029380798e-02
-8.827900141477584839e-02
-5.894752964377403259e-02
-1.205848436802625656e-02
-2.212211303412914276e-02
1.182879135012626648e-01
5.397544056177139282e-02
1.742366142570972443e-02
5.616371706128120422e-02
5.582172796130180359e-02
-1.394912227988243103e-02
-3.909721970558166504e-02
-1.183804031461477280e-02
-1.085644029080867767e-02
-4.831541702151298523e-02
-1.621953211724758148e-02
3.166898712515830994e-02
-2.490378916263580322e-02
1.040933560580015182e-02
-1.050024479627609253e-02
-5.912008881568908691e-02
-7.614714652299880981e-02
-2.679932117462158203e-02
-2.757619880139827728e-02
2.479707077145576477e-02
4.396958276629447937e-02
4.339205473661422729e-02
1.050426140427589417e-01
-4.523061215877532959e-03
4.608914628624916077e-02
-6.555438041687011719e-02
2.861978672444820404e-02
-3.984010964632034302e-02
2.261132933199405670e-02
4.455792903900146484e-02
1.644365489482879639e-02
-9.068547934293746948e-02
5.855701863765716553e-02
-9.815996885299682617e-02
1.606817916035652161e-02
5.785235017538070679e-02
2.856804430484771729e-02
-9.356574737466871738e-04
-5.738498643040657043e-03
-3.798902407288551331e-02
-1.257016416639089584e-02
-6.817009299993515015e-02
-6.840702146291732788e-02
8.403664827346801758e-02
2.964150160551071167e-02
8.585206232964992523e-03
2.286542952060699463e-02
-4.308795928955078125e-02
7.695680111646652222e-02
-3.536595404148101807e-02
-6.216335296630859375e-02
1.538312807679176331e-02
4.375525191426277161e-02
8.917926251888275146e-02
4.069131985306739807e-02
1.057621790096163750e-03
-2.686866000294685364e-02
-1.696805097162723541e-02
2.360262908041477203e-03
-8.204876631498336792e-02
2.536048181354999542e-02
-6.648217141628265381e-02
-5.676338449120521545e-02
-5.778124555945396423e-02
8.599182590842247009e-03
-8.975029923021793365e-03
-1.690460555255413055e-02
9.643886238336563110e-02
3.388096811249852180e-03
-2.782951109111309052e-02
6.098113954067230225e-02
-4.909488186240196228e-02
-1.930409669876098633e-02
4.454834014177322388e-02
4.841887950897216797e-02
9.586435556411743164e-02
2.554462850093841553e-02
-4.651995375752449036e-02
-5.775841325521469116e-02
-2.108726091682910919e-02
3.174605220556259155e-02
9.674276411533355713e-02
-1.267975848168134689e-02
-2.811328135430812836e-02
3.699090704321861267e-02
7.728881388902664185e-02
4.707679525017738342e-02
-8.556851185858249664e-03
-9.458280983380973339e-04
1.749468222260475159e-02
-1.795922592282295227e-02
-5.446396395564079285e-02
1.966129802167415619e-02
-3.318903595209121704e-02
-3.898473689332604408e-03
-3.532806411385536194e-02
-5.288466811180114746e-02
3.844553232192993164e-02
-4.628520458936691284e-02
-1.210256572812795639e-02
1.588920690119266510e-02
7.294312119483947754e-02
1.845735497772693634e-02
-3.541598469018936157e-02
1.334431488066911697e-02
-2.704013325273990631e-02
1.493345480412244797e-02
5.765601620078086853e-02
2.341560646891593933e-02
-2.370647527277469635e-02
1.392531767487525940e-02
-6.690589338541030884e-02
-1.901127584278583527e-02
-3.790435567498207092e-02
-4.372171312570571899e-02
-3.685832023620605469e-03
2.981006354093551636e-02
9.014984965324401855e-02
1.893185265362262726e-02
-5.292315036058425903e-02
2.155338041484355927e-02
-7.055550813674926758e-02
1.619815826416015625e-02
8.854931592941284180e-02
5.210486054420471191e-02
8.697120100259780884e-02
-2.026174776256084442e-02
2.943455427885055542e-02
-2.792929764837026596e-03
-4.535370506346225739e-03
3.756016865372657776e-02
-6.659431755542755127e-02
9.852251969277858734e-03
-5.317456647753715515e-02
7.312621921300888062e-02
5.217573046684265137e-02
-6.111579760909080505e-02
1.050188113003969193e-02
-3.317601606249809265e-02
-2.830372937023639679e-02
4.675598070025444031e-02
-1.199748460203409195e-02
6.959398835897445679e-02
-1.342927012592554092e-02
-9.156035259366035461e-03
-6.239348277449607849e-02
4.574547335505485535e-02
-3.348096087574958801e-02
-6.111951544880867004e-02
-6.462931632995605469e-02
6.372350454330444336e-02
-1.992533542215824127e-02
-4.869358986616134644e-02
1.415696274489164352e-02
2.257068082690238953e-02
-5.213371012359857559e-03
1.600640639662742615e-02
4.179674200713634491e-03
-5.440616980195045471e-02
1.549942698329687119e-02
-6.916462630033493042e-02
-2.326640114188194275e-02
-6.762875244021415710e-03
6.744354963302612305e-02
1.433094125241041183e-02
-6.024830415844917297e-02
1.155422069132328033e-03
4.622467234730720520e-02
-5.519340932369232178e-02
-5.405680090188980103e-02
1.169831771403551102e-02
-3.075586259365081787e-02
1.373408269137144089e-02
8.223030818044207990e-06
4.749654978513717651e-02
1.588068902492523193e-02
4.326578229665756226e-02
2.351958677172660828e-02
6.872092187404632568e-02
-1.186428405344486237e-02
-7.197070866823196411e-03
2.304499410092830658e-02
1.088479254394769669e-02
2.614540606737136841e-02
-3.284672647714614868e-02
1.688948832452297211e-02
3.175759688019752502e-02
2.765598706901073456e-02
-5.719333142042160034e-02
8.180499821901321411e-02
-4.115962609648704529e-02
8.521787822246551514e-02
2.642218396067619324e-02
-1.251809950917959213e-02
2.705804817378520966e-02
2.384917810559272766e-03
2.424841187894344330e-02
-1.695071160793304443e-02
3.167403861880302429e-02
1.293785870075225830e-01
2.490055002272129059e-02
5.481101945042610168e-02
-1.913401484489440918e-02
-6.797081977128982544e-02
-1.603112928569316864e-02
-7.827515900135040283e-02
-2.062141709029674530e-02
9.947068989276885986e-03
2.577349729835987091e-02
1.725026522763073444e-03
6.702246516942977905e-02
4.042839258909225464e-02
8.294975757598876953e-02
4.183303564786911011e-02
3.031959570944309235e-02
-5.278916656970977783e-02
-3.644475340843200684e-02
6.048661842942237854e-02
-5.061036720871925354e-02
-6.370097398757934570e-03
1.232571154832839966e-02
-5.394451320171356201e-02
-5.807509180158376694e-03
4.320094734430313110e-02
-3.133574128150939941e-02
1.406597555615007877e-03
-5.244461353868246078e-03
-1.867635920643806458e-02
-1.511693373322486877e-02
-3.288406133651733398e-02
-1.779750175774097443e-02
3.160824999213218689e-03
-7.577469199895858765e-02
4.007533658295869827e-03
2.936308085918426514e-02
3.353385999798774719e-02
-1.427291519939899445e-02
-3.192542493343353271e-02
-8.388916403055191040e-02
-2.657649107277393341e-02
-2.952245809137821198e-02
-2.170718647539615631e-02
-6.290147453546524048e-02
2.695145644247531891e-02
5.767809227108955383e-03
-6.486117839813232422e-02
6.277408450841903687e-02
4.667723178863525391e-02
4.535502288490533829e-03
-2.726313285529613495e-02
3.662615490611642599e-04
3.327342495322227478e-02
4.378878325223922729e-02
5.918803066015243530e-02
3.765595331788063049e-02
3.149371221661567688e-02
-3.000586479902267456e-02
1.272778678685426712e-02
-3.832126781344413757e-02
1.994864083826541901e-02
3.771126270294189453e-02
-2.799849584698677063e-02
1.273371558636426926e-02
-2.422544918954372406e-02
-5.033076182007789612e-02
-4.118109494447708130e-02
-2.884219959378242493e-02
1.493500266224145889e-02
4.778874665498733521e-02
4.731562361121177673e-02
3.116468526422977448e-02
7.163270562887191772e-02
-3.397301211953163147e-02
5.103188566863536835e-03
1.638318784534931183e-02
6.373395770788192749e-02
-7.347670942544937134e-02
3.636303544044494629e-02
-1.549531985074281693e-02
-1.160086225718259811e-02
-3.577331313863396645e-03
-8.520112186670303345e-02
4.262947291135787964e-02
2.496022358536720276e-02
-5.511868372559547424e-02
5.564022064208984375e-02
-9.408523887395858765e-02
-3.393881395459175110e-02
-4.025969281792640686e-02
-4.792240262031555176e-02
6.892658025026321411e-02
-2.248635143041610718e-02
2.643065899610519409e-02
-9.466324001550674438e-03
-7.952609099447727203e-03
1.914757676422595978e-02
-3.315223008394241333e-02
-3.583177551627159119e-02
-1.750297285616397858e-02
2.523244172334671021e-02
-7.726552337408065796e-02
-3.428805619478225708e-02
-2.953132800757884979e-02
-3.748420393094420433e-03
-3.457839787006378174e-02
1.933852396905422211e-02
-1.868350431323051453e-02
-4.079255461692810059e-02
-4.791470617055892944e-02
6.288827955722808838e-02
-5.481437593698501587e-02
9.449218958616256714e-02
2.811454609036445618e-02
-2.375986799597740173e-02
1.128722354769706726e-02
1.102537140250205994e-01
-3.551052883267402649e-03
5.606792867183685303e-02
2.649143803864717484e-03
8.873877674341201782e-02
4.999876767396926880e-02
4.899198561906814575e-02
6.395760178565979004e-02
4.627306759357452393e-02
-1.420825719833374023e-02
4.262871667742729187e-02
2.480039745569229126e-02
-1.523811649531126022e-02
1.189697999507188797e-02
3.146049380302429199e-02
6.862682849168777466e-02
-4.210837930440902710e-02
-1.779594458639621735e-02
-5.748651921749114990e-02
2.709361538290977478e-02
9.127499535679817200e-03
-6.694310158491134644e-02
5.079017137177288532e-04
7.268461585044860840e-02
-3.397435694932937622e-02
-4.513004794716835022e-03
1.460312772542238235e-02
-4.048343747854232788e-02
5.856082960963249207e-02
5.369856953620910645e-02
-8.873605169355869293e-03
1.116667389869689941e-01
-1.005726866424083710e-02
1.164173148572444916e-02
-9.308328852057456970e-03
-1.176791079342365265e-02
-1.489060372114181519e-02
1.844027824699878693e-02
-7.085492368787527084e-03
-9.746505320072174072e-02
-4.432615637779235840e-02
-2.101860940456390381e-02
-1.198651362210512161e-02
3.023131750524044037e-03
2.239625900983810425e-02
-5.784177407622337341e-02
-4.334859922528266907e-02
-1.655517891049385071e-02
-1.129923295229673386e-02
-1.839113049209117889e-02
3.796289861202239990e-02
-7.064598798751831055e-02
-3.618754073977470398e-02
-1.889722608029842377e-02
4.539635777473449707e-02
6.685352418571710587e-03
-3.568883985280990601e-02
1.313429176807403564e-01
-6.765456497669219971e-02
-3.545567765831947327e-02
-5.771422386169433594e-02
8.514912799000740051e-03
-4.130611941218376160e-02
2.687027910724282265e-03
5.396148189902305603e-02
1.881666108965873718e-02
3.726214542984962463e-02
-1.306208521127700806e-01
6.454488635063171387e-02
-3.985549882054328918e-02
-6.957257539033889771e-02
-4.012634977698326111e-03
-1.159983035176992416e-02
-3.904083743691444397e-02
-3.119429014623165131e-02
1.636984758079051971e-02
1.270594447851181030e-02
-2.799964882433414459e-02
-1.843684539198875427e-02
-1.128725241869688034e-02
-5.875576287508010864e-02
-1.498285494744777679e-02
5.989407747983932495e-02
4.977412149310112000e-02
1.055014878511428833e-02
-9.256233274936676025e-02
-7.715941965579986572e-02
-2.000777423381805420e-02
2.437443006783723831e-03
1.528390496969223022e-02
7.421487569808959961e-02
-3.492896677926182747e-03
6.432488560676574707e-02
-2.510334737598896027e-02
-1.852394267916679382e-02
-3.584799170494079590e-02
-6.919165607541799545e-03
-9.122011810541152954e-02
-8.184763789176940918e-02
-2.981200627982616425e-02
-2.774192765355110168e-02
7.736090570688247681e-03
-6.840181350708007812e-02
-3.629806637763977051e-02
2.214630506932735443e-02
3.010601177811622620e-02
-1.837407611310482025e-02
-2.443152666091918945e-02
-2.833457663655281067e-03
6.219984591007232666e-02
-2.490876428782939911e-02
3.496935358271002769e-03
8.837347477674484253e-02
6.323546171188354492e-02
-9.378148242831230164e-03
4.069868475198745728e-02
4.653863236308097839e-02
-6.808649003505706787e-02
3.795331344008445740e-02
-7.001122925430536270e-03
-3.806547820568084717e-02
1.031429786235094070e-02
-1.430257875472307205e-02
-1.045548357069492340e-02
-8.488697558641433716e-02
3.029435127973556519e-02
3.843297436833381653e-02
6.119075417518615723e-02
-3.486163541674613953e-02
5.799972917884588242e-03
-4.858498647809028625e-02
5.815184861421585083e-02
-2.699286490678787231e-02
3.724349290132522583e-02
4.535391926765441895e-02
-3.318848088383674622e-03
8.867162466049194336e-02
8.440174907445907593e-02
-2.206882275640964508e-02
-2.262661978602409363e-02
2.744622062891721725e-03
-6.375931669026613235e-03
-8.300859481096267700e-02
-4.273656383156776428e-02
-9.912005066871643066e-02
6.903806235641241074e-03
-7.427942007780075073e-02
3.953018039464950562e-02
-9.406437724828720093e-02
-4.150379076600074768e-02
2.201313525438308716e-02
6.244781892746686935e-03
5.937628448009490967e-03
6.946187466382980347e-02
2.527396753430366516e-02
2.113661542534828186e-02
7.262872159481048584e-02
-3.563341498374938965e-02
-3.686098149046301842e-03
8.231407403945922852e-02
3.503210097551345825e-02
-1.332388911396265030e-02
3.607686981558799744e-02
-9.582709521055221558e-02
5.454293638467788696e-02
4.819677211344242096e-03
2.356465207412838936e-03
-5.352855473756790161e-02
7.555313874036073685e-03
4.348471760749816895e-02
3.003215044736862183e-02
-3.610769659280776978e-02
9.273485839366912842e-02
-7.949715852737426758e-02
1.911474764347076416e-02
3.079017065465450287e-02
-5.024025216698646545e-02
6.366745382547378540e-02
-2.013541385531425476e-02
-6.931561231613159180e-02
2.474043332040309906e-02
5.128536373376846313e-02
1.586541067808866501e-03
2.149962447583675385e-02
3.755831345915794373e-02
1.553340256214141846e-01
-1.739817904308438301e-03
3.183943405747413635e-02
2.927698753774166107e-02
9.349476546049118042e-02
-5.872286856174468994e-03
2.426640689373016357e-02
2.351340808672830462e-04
-5.231952294707298279e-02
-4.446049407124519348e-02
4.059514403343200684e-02
2.246128395199775696e-02
-6.491362303495407104e-02
1.123276911675930023e-02
-1.780573092401027679e-02
-6.480230018496513367e-03
2.533804066479206085e-02
7.893304526805877686e-02
-1.064440514892339706e-02
7.432001829147338867e-02
-1.216092798858880997e-02
-2.711205929517745972e-02
-4.792471975088119507e-02
5.217181146144866943e-02
3.754380345344543457e-02
-3.225741535425186157e-02
-7.128085941076278687e-02
-2.294590137898921967e-02
-5.419461801648139954e-02
-7.379859685897827148e-02
-1.407095696777105331e-02
1.230565905570983887e-01
4.580810666084289551e-03
7.531344890594482422e-04
-6.786890327930450439e-02
4.966836422681808472e-02
4.237776249647140503e-02
-1.710564270615577698e-02
5.011614412069320679e-02
-2.331685274839401245e-02
-1.994694024324417114e-02
3.893388807773590088e-02
-2.183892391622066498e-02
-2.987642772495746613e-02
3.692211955785751343e-02
7.473310106433928013e-04
-2.211768925189971924e-02
-3.849526122212409973e-02
2.673772536218166351e-02
1.905953325331211090e-02
3.709439560770988464e-02
-4.867335082963109016e-04
-2.315542474389076233e-02
-1.448347326368093491e-02
-2.209359407424926758e-02
-3.091106005012989044e-02
5.252379924058914185e-02
-5.172017845325171947e-04
6.414635572582483292e-03
-6.619888544082641602e-02
1.458716392517089844e-02
-4.966596141457557678e-02
-1.285714097321033478e-02
2.653911337256431580e-02
3.574791178107261658e-02
-3.852913388982415199e-03
7.939400523900985718e-02
-8.141534402966499329e-03
1.776822842657566071e-02
-8.475877344608306885e-03
-6.419108062982559204e-02
2.585210278630256653e-02
-1.058638542890548706e-01
1.955284178256988525e-02
-3.988133743405342102e-03
2.994772745296359062e-03
-6.099935993552207947e-02
-6.830316781997680664e-02
-8.733362890779972076e-03
1.638775505125522614e-02
2.415843121707439423e-02
-4.183756560087203979e-02
6.728425621986389160e-02
-7.317217998206615448e-03
-2.592513896524906158e-02
3.286296129226684570e-02
3.567761927843093872e-02
1.877033710479736328e-02
-2.990784309804439545e-02
1.529613323509693146e-02
-4.236696660518646240e-02
2.410816773772239685e-02
4.696474969387054443e-02
-2.360591199249029160e-03
-1.498343143612146378e-02
-3.577411919832229614e-02
2.942627668380737305e-02
-3.697384893894195557e-02
7.674732711166143417e-03
4.840845242142677307e-02
-1.101248804479837418e-02
-3.127340599894523621e-02
2.064036391675472260e-02
1.518097706139087677e-02
-5.205758661031723022e-02
7.969433814287185669e-02
2.289449423551559448e-02
3.508042544126510620e-02
3.149671107530593872e-02
-2.064074203372001648e-02
-2.586189657449722290e-02
-1.114722192287445068e-01
-5.960750579833984375e-02
-3.978084772825241089e-02
3.407929837703704834e-02
7.350482046604156494e-02
-8.894964307546615601e-02
6.313021294772624969e-04
-2.010129205882549286e-02
7.797348313033580780e-03
-3.903187066316604614e-02
-3.519771993160247803e-02
2.261854894459247589e-02
-7.894588261842727661e-02
6.425855215638875961e-03
1.987391151487827301e-02
-1.628972962498664856e-02
-4.087018966674804688e-02
4.973360523581504822e-02
1.022256612777709961e-01
6.625759601593017578e-02
-5.780277773737907410e-02
8.519414067268371582e-02
-1.009357199072837830e-01
5.086184665560722351e-02
-1.176367793232202530e-02
-5.757062509655952454e-02
-1.380428113043308258e-02
-3.443375974893569946e-02
3.736095502972602844e-03
-5.740736797451972961e-02
-1.134175807237625122e-02
7.471878547221422195e-03
-1.527665648609399796e-02
-9.523777291178703308e-03
2.194067277014255524e-02
-1.573913730680942535e-02
6.576591730117797852e-02
5.617152899503707886e-03
-1.187838707119226456e-02
-2.825640141963958740e-02
-6.403794139623641968e-02
9.326591342687606812e-02
4.670080542564392090e-02
1.220727805048227310e-02
3.052441589534282684e-02
1.337291859090328217e-02
5.680100992321968079e-03
-1.116064140660455450e-05
2.078698016703128815e-02
6.338409334421157837e-02
-3.513872157782316208e-03
-2.021516300737857819e-02
8.334581740200519562e-03
4.549372941255569458e-02
4.038875177502632141e-02
1.094076875597238541e-02
6.962373107671737671e-02
-4.834006540477275848e-03
7.613641023635864258e-02
-2.144066430628299713e-02
-2.917727269232273102e-02
2.596146427094936371e-02
-1.479816623032093048e-02
-8.158359560184180737e-04
-2.276163175702095032e-02
-1.793549396097660065e-02
7.117789983749389648e-02
1.122168917208909988e-02
-6.064775865525007248e-03
-2.545624226331710815e-02
1.913229376077651978e-02
2.320768125355243683e-02
4.010862857103347778e-02
3.363167494535446167e-02
-1.880750618875026703e-02
-4.179789870977401733e-02
-2.643533796072006226e-02
-1.058263406157493591e-01
6.058803573250770569e-02
2.941870689392089844e-02
-2.429332770407199860e-02
-1.797370798885822296e-02
3.071643412113189697e-02
1.600489951670169830e-02
-5.170237645506858826e-02
2.690629661083221436e-02
-1.009855698794126511e-02
-3.882589936256408691e-02
3.568420186638832092e-02
1.642341539263725281e-02
5.955012165941298008e-04
3.316099941730499268e-02
2.261912450194358826e-02
-1.278905756771564484e-02
6.210852414369583130e-02
-4.790884628891944885e-02
3.297827672213315964e-03
-2.610505744814872742e-02
-8.035919815301895142e-02
-5.066543072462081909e-02
4.451851919293403625e-02
5.822115764021873474e-02
6.432606279850006104e-02
9.454874321818351746e-03
2.302184700965881348e-02
-6.168862804770469666e-02
4.584928229451179504e-02
5.986239016056060791e-02
-2.988164126873016357e-02
-7.287019491195678711e-02
-9.206792339682579041e-03
-3.503915667533874512e-02
-6.668943166732788086e-02
-4.238134622573852539e-02
4.754281789064407349e-02
5.135552957653999329e-02
-8.404274284839630127e-02
1.300830692052841187e-01
3.674296662211418152e-03
