-9.131052345037460327e-02
2.254670858383178711e-02
-2.051661908626556396e-02
5.867699161171913147e-02
2.349795028567314148e-02
-8.234831690788269043e-02
-4.309833049774169922e-03
2.919683419167995453e-02
5.914936959743499756e-02
-2.739345654845237732e-03
-9.883549064397811890e-03
-2.322648093104362488e-02
4.947688430547714233e-03
6.273244321346282959e-02
-5.992355570197105408e-02
-1.308233942836523056e-02
-4.191110283136367798e-02
-2.562306448817253113e-02
1.663953065872192383e-02
-1.198112498968839645e-02
3.650019317865371704e-02
-7.137646898627281189e-04
-4.497570917010307312e-02
-4.991136863827705383e-02
-3.159461542963981628e-02
1.864321157336235046e-02
-2.247702330350875854e-03
2.862177789211273193e-02
-1.705150119960308075e-02
-1.807793788611888885e-02
-3.003603406250476837e-02
-2.663431502878665924e-02
3.405071049928665161e-02
-6.520833075046539307e-02
3.507070615887641907e-02
-5.993033200502395630e-02
-2.849450893700122833e-02
1.735952123999595642e-02
-8.075796067714691162e-03
1.113979369401931763e-01
-7.867740094661712646e-02
8.536361157894134521e-02
-5.675036460161209106e-02
5.191202461719512939e-02
-5.220661684870719910e-02
-5.844594538211822510e-02
6.663180887699127197e-03
-5.322046577930450439e-02
-7.198786363005638123e-03
-8.387062698602676392e-04
-2.766701206564903259e-02
-3.254988044500350952e-02
5.438464879989624023e-02
-3.953284025192260742e-02
7.232458889484405518e-02
2.728794328868389130e-02
-4.295803606510162354e-03
-6.314256787300109863e-02
8.263285271823406219e-03
1.765521615743637085e-02
-7.819817401468753815e-04
3.654620796442031860e-02
-6.031388416886329651e-03
-1.829712465405464172e-02
2.493789978325366974e-02
2.684791013598442078e-02
-1.105893310159444809e-02
9.548632800579071045e-02
-6.218586862087249756e-02
-1.088847406208515167e-02
5.602145195007324219e-02
5.028173327445983887e-04
6.431654840707778931e-02
1.105780899524688721e-01
-2.407194301486015320e-02
3.327782824635505676e-02
-1.526332367211580276e-02
3.555609285831451416e-02
-2.314284071326255798e-02
-9.360924363136291504e-02
9.310892783105373383e-03
4.554172232747077942e-02
1.275365799665451050e-02
3.754894807934761047e-02
-1.262352801859378815e-03
-6.795589625835418701e-02
-3.734871000051498413e-02
-1.040468737483024597e-02
1.127937715500593185e-02
1.577056758105754852e-02
-5.975575745105743408e-02
-5.310327745974063873e-03
7.192695885896682739e-02
-1.783551461994647980e-02
1.501636579632759094e-04
-4.049667716026306152e-02
-3.731160983443260193e-02
-1.747997291386127472e-02
-5.971614271402359009e-02
3.672442398965358734e-03
-5.913458019495010376e-02
1.163755450397729874e-02
-8.260661736130714417e-03
-1.043934971094131470e-01
8.681608736515045166e-02
-4.173798486590385437e-02
-4.566626995801925659e-02
1.013988722115755081e-02
8.876991458237171173e-03
8.983857929706573486e-02
-7.883941754698753357e-03
4.653209447860717773e-02
1.474459003657102585e-02
-3.402035683393478394e-02
-5.899774283170700073e-02
1.330246590077877045e-02
-5.226591974496841431e-02
7.282254099845886230e-02
-1.134488545358181000e-02
-3.248270973563194275e-02
3.981783520430326462e-03
1.052235513925552368e-01
-3.827942162752151489e-02
1.610852964222431183e-02
-1.487621292471885681e-02
6.861123442649841309e-02
-1.394383609294891357e-03
1.064986269921064377e-02
-2.491777762770652771e-02
9.594823233783245087e-03
-3.048713132739067078e-02
6.967913359403610229e-02
-6.988649815320968628e-02
-4.426389001309871674e-03
2.483654581010341644e-02
3.722678124904632568e-02
1.251636445522308350e-02
-4.665904119610786438e-02
-1.861229166388511658e-02
2.173975110054016113e-02
-5.208537727594375610e-02
5.367831140756607056e-02
-2.038254402577877045e-02
-4.183084145188331604e-02
1.816901750862598419e-02
-5.558840185403823853e-02
-1.731337793171405792e-02
-9.844999015331268311e-02
7.230189442634582520e-02
-2.100890502333641052e-02
-5.010892823338508606e-02
3.358326107263565063e-02
1.266964152455329895e-02
1.047595888376235962e-01
-4.298926889896392822e-02
7.354525849223136902e-03
-2.392216585576534271e-02
-3.515511751174926758e-03
8.309428393840789795e-02
-1.783525571227073669e-02
-8.200826123356819153e-03
5.514892190694808960e-02
3.729346394538879395e-02
-4.968268424272537231e-02
4.098824039101600647e-02
6.544159725308418274e-03
4.071816802024841309e-02
4.330604523420333862e-02
-3.488453105092048645e-02
-4.592425376176834106e-02
1.515472866594791412e-02
4.130756482481956482e-02
-4.326946660876274109e-02
-1.254708692431449890e-02
-3.023671172559261322e-02
7.048099488019943237e-02
-4.426265507936477661e-02
3.204621747136116028e-02
5.846633017063140869e-02
-1.920708455145359039e-03
2.615635842084884644e-02
3.198502585291862488e-03
-1.177860051393508911e-02
2.702847588807344437e-03
4.186599049717187881e-03
2.877528220415115356e-02
-4.549002647399902344e-02
-1.685766130685806274e-02
1.479036826640367508e-02
-5.682916194200515747e-02
2.211237326264381409e-02
-1.793724671006202698e-02
-3.716902807354927063e-02
5.197047442197799683e-02
1.600828021764755249e-02
-3.058326244354248047e-02
-9.639872238039970398e-03
-6.252524442970752716e-03
3.909943997859954834e-02
5.015907436609268188e-02
-4.056737944483757019e-02
8.356359601020812988e-02
1.302923448383808136e-02
5.359398201107978821e-03
-1.510366890579462051e-02
-2.080591861158609390e-03
4.363435134291648865e-02
3.898607194423675537e-02
-3.238107264041900635e-02
7.359087467193603516e-02
-2.658109739422798157e-02
-1.802466809749603271e-02
-9.404106065630912781e-03
-3.101147152483463287e-02
-1.376229338347911835e-02
-1.620060577988624573e-02
3.687746077775955200e-02
-5.743124522268772125e-03
9.975099004805088043e-03
1.655208505690097809e-02
-4.548972100019454956e-02
-6.700444966554641724e-03
1.654857769608497620e-02
1.730563491582870483e-02
-3.073522634804248810e-02
-9.123255312442779541e-02
-4.362211003899574280e-02
5.182686448097229004e-02
-3.918973356485366821e-02
4.441309720277786255e-03
1.225933991372585297e-02
-4.037428647279739380e-02
1.829930767416954041e-02
-4.634878039360046387e-02
-3.675375133752822876e-02
-9.021642804145812988e-02
2.056900784373283386e-02
2.021098136901855469e-02
-1.060185208916664124e-02
1.191373821347951889e-02
1.220020558685064316e-02
6.829293072223663330e-02
1.217610388994216919e-02
-8.314040303230285645e-02
-2.655184268951416016e-02
-1.760001666843891144e-02
1.225133426487445831e-03
8.285027928650379181e-03
3.926299884915351868e-02
-4.772026091814041138e-02
-3.452377393841743469e-02
3.029530495405197144e-02
-2.086819708347320557e-02
-3.966943919658660889e-02
3.442021086812019348e-02
2.195173874497413635e-03
6.753915548324584961e-02
5.548996850848197937e-02
4.984316229820251465e-02
-2.201197482645511627e-02
3.175496682524681091e-02
-2.711914293467998505e-02
-6.346391141414642334e-02
2.048454247415065765e-03
9.874724783003330231e-03
1.896363124251365662e-02
6.318392604589462280e-02
1.517126709222793579e-02
-7.098846137523651123e-02
2.204287424683570862e-02
-3.696923842653632164e-03
-6.645830720663070679e-02
7.089465856552124023e-02
3.766205161809921265e-03
-8.704429864883422852e-02
4.975783079862594604e-02
2.084772102534770966e-02
1.304677687585353851e-02
-3.815365210175514221e-02
-9.550522267818450928e-02
-3.794502466917037964e-02
-9.340183809399604797e-03
2.498442120850086212e-02
8.130730688571929932e-02
-6.324231624603271484e-02
-1.186947803944349289e-02
2.208923920989036560e-03
6.154976412653923035e-02
-6.206978857517242432e-02
-4.218184947967529297e-02
-8.770289830863475800e-03
2.292812243103981018e-02
-3.755770251154899597e-02
6.161577254533767700e-02
-2.081833779811859131e-02
3.317926451563835144e-02
-1.400505844503641129e-02
-6.125277839601039886e-03
3.354417532682418823e-02
2.729916013777256012e-04
3.994852304458618164e-04
6.871945410966873169e-02
-1.898524351418018341e-02
-3.133704885840415955e-03
-7.810154557228088379e-02
-2.317776530981063843e-02
5.694755166769027710e-02
2.847541496157646179e-02
-3.533697873353958130e-02
-9.037179499864578247e-02
2.143513783812522888e-02
-5.372440069913864136e-02
2.885144203901290894e-02
-1.789580285549163818e-02
-7.770158350467681885e-02
2.969490922987461090e-02
-9.126739203929901123e-02
-6.973100453615188599e-02
7.604179903864860535e-03
-1.133278012275695801e-02
-3.965497389435768127e-02
-1.872514188289642334e-02
1.008960045874118805e-02
-4.884207621216773987e-02
-3.034756332635879517e-02
7.225564680993556976e-03
-1.432173550128936768e-01
-2.377487719058990479e-03
5.229083448648452759e-02
4.003091156482696533e-02
1.195531524717807770e-02
3.018894977867603302e-02
6.204321980476379395e-02
2.410218864679336548e-02
4.053276032209396362e-02
5.490725859999656677e-02
-6.123513728380203247e-02
-3.009836561977863312e-02
-1.879884675145149231e-02
3.520788252353668213e-02
-1.167551148682832718e-02
-3.317047283053398132e-02
6.430750340223312378e-02
3.692787885665893555e-02
-3.868091851472854614e-02
1.991972327232360840e-02
4.192484915256500244e-02
-4.605266079306602478e-02
-4.929200559854507446e-02
-2.085875906050205231e-02
-4.283083975315093994e-02
4.257132858037948608e-02
7.161727547645568848e-02
-1.818415708839893341e-02
5.370640009641647339e-02
1.137600746005773544e-02
-2.948094159364700317e-02
-2.987330406904220581e-02
-3.631874546408653259e-02
2.245912328362464905e-03
-2.509564161300659180e-02
6.972748041152954102e-02
6.115302816033363342e-02
-2.820730209350585938e-03
8.285479992628097534e-02
3.357329592108726501e-02
-3.316434845328330994e-02
2.278281189501285553e-02
-4.604122042655944824e-02
-6.844799220561981201e-02
-1.575194299221038818e-02
5.020947009325027466e-02
-6.118119508028030396e-02
3.769446164369583130e-02
9.540438652038574219e-02
-3.233392722904682159e-03
5.290728807449340820e-02
8.866611123085021973e-02
3.028048947453498840e-02
6.023729220032691956e-03
-2.987864613533020020e-02
7.640559971332550049e-02
-7.326377183198928833e-02
9.769317694008350372e-04
1.995552890002727509e-02
7.484696805477142334e-02
3.388324752449989319e-02
6.546515971422195435e-03
5.067596957087516785e-02
-1.454691495746374130e-02
-2.233609743416309357e-02
-2.755025401711463928e-02
3.760119900107383728e-02
2.494027279317378998e-02
-6.245810538530349731e-02
-3.054338693618774414e-02
-4.008489847183227539e-02
4.882314801216125488e-02
-4.852142557501792908e-02
1.186935137957334518e-02
7.687376439571380615e-02
6.984188221395015717e-03
4.252033308148384094e-03
2.660671621561050415e-02
3.720607608556747437e-02
5.227253772318363190e-03
1.598699763417243958e-02
-1.758087426424026489e-02
-3.709582611918449402e-02
-9.055465459823608398e-03
5.496831983327865601e-02
7.519925944507122040e-03
-2.924962155520915985e-02
1.370803080499172211e-02
-3.222551196813583374e-03
-4.676145687699317932e-02
-1.392684411257505417e-02
-3.321569412946701050e-02
6.630042195320129395e-02
3.354249149560928345e-02
-4.056606441736221313e-02
5.182193592190742493e-03
-1.778356917202472687e-02
4.572065547108650208e-03
-3.801085799932479858e-02
1.653011888265609741e-02
2.821774408221244812e-02
-2.623289823532104492e-02
-3.114363923668861389e-02
-3.182538971304893494e-02
-4.669876024127006531e-02
-4.656936973333358765e-02
-1.341649796813726425e-02
-1.167536154389381409e-02
2.002082765102386475e-04
4.595848172903060913e-02
3.021441772580146790e-02
-7.760646753013134003e-03
-3.998281434178352356e-02
-5.930249113589525223e-03
-1.113370805978775024e-02
6.129185855388641357e-02
-8.074617385864257812e-02
-5.726963281631469727e-03
3.437776118516921997e-02
1.399144530296325684e-02
3.311751410365104675e-02
2.814508788287639618e-02
-4.524624347686767578e-02
2.384598925709724426e-02
3.466004878282546997e-02
4.577811062335968018e-02
-2.558990567922592163e-02
-4.023829847574234009e-02
1.973388344049453735e-02
-2.203835174441337585e-02
-3.159013390541076660e-02
-5.302299745380878448e-03
3.357726708054542542e-02
1.476822234690189362e-02
7.966430485248565674e-02
-3.537291660904884338e-03
-7.574517279863357544e-03
3.282614424824714661e-02
6.210071593523025513e-02
1.317132823169231415e-02
2.475077845156192780e-02
-3.940385580062866211e-02
6.555587053298950195e-02
2.775210887193679810e-03
-3.220935165882110596e-02
6.039349734783172607e-02
-7.685407996177673340e-02
-1.124166604131460190e-02
3.360869735479354858e-02
-2.161370962858200073e-02
-7.616678625345230103e-02
-3.356316126883029938e-03
1.518995035439729691e-02
5.259187892079353333e-03
7.973683997988700867e-03
-4.591554030776023865e-02
-8.473577909171581268e-03
-1.091566588729619980e-02
1.756531372666358948e-02
-3.182781115174293518e-02
-7.368680089712142944e-03
2.710829116404056549e-02
2.242923155426979065e-02
4.688158631324768066e-03
-3.127352520823478699e-02
-1.886133849620819092e-02
-8.453894406557083130e-03
-1.027042511850595474e-02
8.121805638074874878e-02
3.679549321532249451e-03
-1.593198254704475403e-02
-3.719918057322502136e-02
2.384146675467491150e-02
-1.359214074909687042e-04
-4.337925463914871216e-02
6.771051883697509766e-02
4.939265549182891846e-03
6.453992426395416260e-02
3.898435086011886597e-02
-5.431666225194931030e-02
1.290897279977798462e-02
-6.889137625694274902e-02
-2.220883965492248535e-02
3.733925521373748779e-02
-1.176141947507858276e-02
1.032777037471532822e-02
-3.218264877796173096e-02
-2.590676769614219666e-03
7.725076749920845032e-03
9.075673297047615051e-03
-1.915339007973670959e-02
4.686363041400909424e-02
1.429528556764125824e-02
8.110772073268890381e-02
-4.789054021239280701e-02
-1.110672205686569214e-02
3.781409934163093567e-02
4.536487162113189697e-02
4.461816325783729553e-02
-3.641970455646514893e-02
5.589258670806884766e-02
4.499699175357818604e-02
1.732037402689456940e-02
3.624406829476356506e-02
-7.688762620091438293e-03
4.361105710268020630e-02
5.333483219146728516e-02
2.327415533363819122e-02
-1.979101076722145081e-02
1.727056689560413361e-02
-3.961227089166641235e-02
-6.806866824626922607e-02
-8.904859423637390137e-04
5.172336101531982422e-02
1.250575762242078781e-02
-5.047926306724548340e-02
-1.108179241418838501e-02
-4.672736674547195435e-02
-3.984649479389190674e-02
-3.712240606546401978e-02
2.741640247404575348e-02
8.165790699422359467e-03
3.401244059205055237e-02
-4.019815102219581604e-02
5.458232015371322632e-02
-4.257059469819068909e-02
-5.071512609720230103e-02
3.429754078388214111e-02
-3.608523681759834290e-02
4.161864891648292542e-02
-1.358985900878906250e-03
8.457198739051818848e-03
-3.586261719465255737e-02
1.034785714000463486e-02
-6.495303474366664886e-03
3.291099518537521362e-02
-1.693033054471015930e-02
2.529763989150524139e-02
4.789810627698898315e-03
-1.847402751445770264e-02
7.884019054472446442e-03
-2.864215523004531860e-03
2.998641505837440491e-02
1.093658246099948883e-02
-1.227786391973495483e-02
-8.201186358928680420e-02
-1.887799426913261414e-02
1.943450421094894409e-03
-2.002763003110885620e-02
3.825464844703674316e-02
-1.867701113224029541e-02
3.049361146986484528e-02
-5.337136983871459961e-02
3.503571450710296631e-02
-5.639646202325820923e-03
2.878755331039428711e-03
1.691338047385215759e-02
5.693460255861282349e-02
-6.604047119617462158e-02
1.278107613325119019e-02
-8.540481328964233398e-02
-8.774887770414352417e-03
-4.319793730974197388e-02
-7.462847046554088593e-03
-4.685690253973007202e-02
-9.575882554054260254e-02
3.114613890647888184e-02
-2.659394405782222748e-02
-2.045070938766002655e-02
-3.071822039783000946e-02
2.247199602425098419e-02
-8.799180388450622559e-02
7.113960385322570801e-02
1.045363210141658783e-02
-3.909280523657798767e-02
7.798462361097335815e-02
-1.593060605227947235e-02
7.779705338180065155e-03
6.113895773887634277e-02
7.937142252922058105e-02
-3.957048803567886353e-02
-2.802828699350357056e-02
-2.683458477258682251e-02
-8.639565110206604004e-02
3.413778916001319885e-02
1.958755403757095337e-02
-5.851163528859615326e-03
-1.005099434405565262e-02
5.663520097732543945e-02
1.734256744384765625e-02
-3.802860155701637268e-02
-4.744902253150939941e-03
1.797300763428211212e-02
1.082843393087387085e-01
-3.271613642573356628e-02
-7.638370990753173828e-02
9.696894884109497070e-02
-5.310334265232086182e-02
8.777379989624023438e-02
5.165095254778862000e-02
2.909867092967033386e-02
3.748281672596931458e-02
-2.067911624908447266e-02
7.443854212760925293e-02
-3.289151936769485474e-02
2.546838857233524323e-02
1.530103944242000580e-02
-2.716901712119579315e-03
-5.184745416045188904e-02
7.644698023796081543e-03
5.328866094350814819e-02
-2.241493761539459229e-02
-3.153269365429878235e-02
1.750506833195686340e-02
-1.435875892639160156e-02
-4.029484465718269348e-02
-5.014391243457794189e-02
4.227262921631336212e-03
-1.902917400002479553e-03
1.011594682931900024e-01
-1.173779554665088654e-02
1.741668954491615295e-02
9.666671976447105408e-03
-5.102150514721870422e-02
-5.552982911467552185e-03
-1.006509363651275635e-01
-3.587015718221664429e-02
5.811593681573867798e-02
-6.251498311758041382e-02
-7.284099236130714417e-03
6.884333491325378418e-02
-2.780903503298759460e-02
8.885819464921951294e-03
-1.189216505736112595e-02
-3.887269645929336548e-02
-1.807517930865287781e-02
-9.930801391601562500e-02
5.378507077693939209e-02
5.459658801555633545e-03
-2.741116285324096680e-02
1.666747033596038818e-02
-1.737694628536701202e-02
-6.185221672058105469e-02
-5.799105018377304077e-02
-9.807428345084190369e-03
-2.691608108580112457e-02
-4.054593667387962341e-02
-1.151904650032520294e-02
-2.855259366333484650e-02
5.073655396699905396e-02
-5.806399136781692505e-02
-2.490787766873836517e-02
5.383560806512832642e-02
5.192311853170394897e-02
-4.350136965513229370e-03
7.044642418622970581e-02
3.079875744879245758e-02
5.416340008378028870e-02
-2.148406021296977997e-02
2.792568877339363098e-03
-4.176595807075500488e-02
-3.214275464415550232e-02
1.264548748731613159e-01
-5.240079760551452637e-02
1.981128240004181862e-03
8.737616240978240967e-02
-1.227182298898696899e-01
6.972778588533401489e-02
-7.357686012983322144e-02
-1.487762294709682465e-02
7.956807501614093781e-03
-5.716522410511970520e-02
-1.632832549512386322e-02
4.353709518909454346e-03
2.952763810753822327e-02
-1.506904885172843933e-02
-2.074808813631534576e-02
4.270495474338531494e-02
2.192104049026966095e-02
1.593717746436595917e-02
-7.032752782106399536e-02
2.825481817126274109e-02
-2.430242486298084259e-02
-1.965094730257987976e-02
5.819583684206008911e-02
4.584248363971710205e-02
1.569944806396961212e-02
2.436915598809719086e-02
1.057987101376056671e-02
-4.805781319737434387e-02
-2.231590077280998230e-02
4.134364426136016846e-02
-6.206512451171875000e-03
-1.174221374094486237e-02
7.320970296859741211e-03
3.551521897315979004e-02
-9.556616656482219696e-03
-4.940439760684967041e-02
6.621412932872772217e-02
3.203458338975906372e-02
-1.661053113639354706e-02
-2.630363963544368744e-02
6.011481210589408875e-02
-1.457392796874046326e-02
8.230039477348327637e-02
-2.268051914870738983e-02
-6.600469350814819336e-02
6.151646375656127930e-02
7.926458492875099182e-04
-8.422641456127166748e-02
4.518618434667587280e-02
2.087837085127830505e-02
8.344826102256774902e-02
4.129384830594062805e-02
3.732616454362869263e-02
-8.182652294635772705e-02
1.836922019720077515e-03
-4.835175350308418274e-02
1.653722114861011505e-02
-4.696283489465713501e-03
-1.228164415806531906e-02
4.417527094483375549e-02
-7.816420495510101318e-02
-4.055630043148994446e-02
2.786392346024513245e-02
-5.973269045352935791e-02
8.061995357275009155e-02
4.259747266769409180e-02
6.200806051492691040e-02
6.124714389443397522e-02
-7.298256456851959229e-02
-3.542756661772727966e-02
-2.392491512000560760e-02
-4.680031444877386093e-03
-9.247915446758270264e-02
5.163602530956268311e-02
2.425401285290718079e-02
-1.438292907550930977e-03
-7.061062753200531006e-02
2.930991351604461670e-02
-7.378612458705902100e-02
1.305382046848535538e-02
-5.230141803622245789e-02
-3.589404746890068054e-03
1.635681092739105225e-02
3.564922511577606201e-02
-7.521038874983787537e-03
-2.025273814797401428e-02
-1.654462888836860657e-02
4.963234812021255493e-02
4.170846194028854370e-02
-1.807951182126998901e-02
-7.113742828369140625e-02
-3.033122047781944275e-02
-7.634787261486053467e-02
6.730222702026367188e-02
8.941512554883956909e-03
-2.497494593262672424e-02
7.177880406379699707e-02
6.664212793111801147e-02
-4.328663460910320282e-03
1.193525269627571106e-03
-4.080856218934059143e-02
3.322180733084678650e-02
-2.861731685698032379e-03
-5.740603804588317871e-02
3.505828604102134705e-02
-4.227251559495925903e-02
4.478103294968605042e-02
-4.055944457650184631e-02
-5.417884513735771179e-02
-2.681268751621246338e-02
-4.430817067623138428e-02
-5.764466896653175354e-02
2.771921828389167786e-02
-4.649477079510688782e-02
3.240907192230224609e-02
6.280428916215896606e-02
-4.038692452013492584e-03
-5.202783271670341492e-02
4.021756350994110107e-03
-3.871720284223556519e-02
-2.943081781268119812e-02
6.234847754240036011e-02
6.703406572341918945e-02
2.928177453577518463e-02
4.283710569143295288e-02
4.045988619327545166e-02
-4.914032295346260071e-02
-6.816680729389190674e-02
-4.758861288428306580e-02
-4.761716723442077637e-02
6.383590400218963623e-03
5.089555680751800537e-02
3.395286574959754944e-02
-5.985850840806961060e-02
-3.200969099998474121e-02
-1.648887991905212402e-02
-1.010464131832122803e-02
-8.263681083917617798e-02
-2.399250306189060211e-02
-1.239273138344287872e-02
-3.053205832839012146e-02
2.995596081018447876e-02
-5.394149944186210632e-02
-5.603725463151931763e-02
3.939182311296463013e-02
-1.095762290060520172e-02
-5.493733286857604980e-02
-3.589230775833129883e-02
7.427501678466796875e-02
9.865776449441909790e-02
-3.636531531810760498e-03
1.030926555395126343e-01
1.137879304587841034e-02
-8.873473852872848511e-04
-5.782989412546157837e-02
-7.067639380693435669e-04
4.907906427979469299e-02
1.660372875630855560e-02
8.039380609989166260e-02
-2.086834423243999481e-02
-4.111961275339126587e-02
1.593526825308799744e-02
4.572778567671775818e-02
3.954727202653884888e-02
8.661049418151378632e-03
1.886190287768840790e-02
-5.194342881441116333e-02
1.873433589935302734e-02
2.677984908223152161e-02
-1.634971424937248230e-02
-1.882223412394523621e-02
3.773778676986694336e-02
-6.289944797754287720e-02
-5.228931456804275513e-02
7.582095265388488770e-02
-1.061856746673583984e-03
-1.571868173778057098e-02
-9.337802417576313019e-03
-2.455756068229675293e-03
3.637771680951118469e-02
-2.594683319330215454e-02
-2.328540757298469543e-02
4.362878389656543732e-03
4.600401967763900757e-02
-7.211007177829742432e-02
4.119002446532249451e-02
9.913867339491844177e-03
3.833967447280883789e-02
-5.723049864172935486e-02
-2.261959202587604523e-02
9.211960248649120331e-03
6.212862581014633179e-02
-2.460804581642150879e-02
-5.637713149189949036e-02
-3.143809735774993896e-04
3.378020599484443665e-02
-8.162178099155426025e-02
3.363279253244400024e-02
2.516096457839012146e-02
1.039904206991195679e-01
-9.921094402670860291e-03
4.120627418160438538e-03
-1.097723841667175293e-02
-2.455360814929008484e-02
-1.136174332350492477e-02
2.829011157155036926e-02
-4.229477606713771820e-03
4.410652443766593933e-03
-7.496488839387893677e-02
-1.353737665340304375e-03
8.902210742235183716e-03
2.676958590745925903e-02
-4.816711694002151489e-02
4.662877693772315979e-02
5.843717232346534729e-02
2.403352409601211548e-04
4.004890471696853638e-02
-6.293222308158874512e-02
2.981776930391788483e-02
5.827476084232330322e-02
5.192634463310241699e-02
-2.135283499956130981e-02
-2.622995525598526001e-03
2.208168618381023407e-02
1.583730988204479218e-02
-1.127071119844913483e-02
6.288398057222366333e-03
-1.529758796095848083e-03
2.237811684608459473e-02
-4.145104438066482544e-03
-4.928365349769592285e-02
2.225294522941112518e-02
2.526640519499778748e-02
3.013055399060249329e-02
3.059729933738708496e-04
2.452165633440017700e-02
9.128402173519134521e-02
6.400048732757568359e-03
-3.673149645328521729e-02
4.282515496015548706e-02
3.960926085710525513e-02
-6.773559376597404480e-03
-2.549923211336135864e-02
1.322516519576311111e-02
-1.563196070492267609e-02
1.090835034847259521e-02
3.384449705481529236e-02
1.007292568683624268e-01
2.889966405928134918e-02
-8.863425999879837036e-02
1.800332404673099518e-02
7.909823209047317505e-03
-2.674164809286594391e-02
1.506688725203275681e-02
-9.796190261840820312e-02
-1.479816250503063202e-02
1.436902210116386414e-02
5.441343784332275391e-02
1.756211370229721069e-02
-1.180603168904781342e-02
-4.815366864204406738e-02
-1.656223461031913757e-02
1.600131578743457794e-02
2.483108267188072205e-02
1.087723076343536377e-01
8.873759210109710693e-02
6.424873322248458862e-02
6.108688935637474060e-02
4.759319592267274857e-03
-4.932662844657897949e-02
2.237394079566001892e-02
-9.554888308048248291e-02
1.222771033644676208e-02
-2.155483700335025787e-02
6.010845303535461426e-03
3.889299556612968445e-02
4.771983250975608826e-02
-6.819681078195571899e-02
7.637465000152587891e-02
1.620009168982505798e-02
2.597825229167938232e-02
1.539522595703601837e-02
1.360279321670532227e-02
-2.897172234952449799e-02
-7.544887065887451172e-02
-4.355747997760772705e-02
3.024801611900329590e-03
-4.407327249646186829e-02
-2.933815307915210724e-02
1.201474815607070923e-01
7.719968259334564209e-02
2.713098749518394470e-02
2.036743611097335815e-02
3.295375406742095947e-02
8.982295170426368713e-03
1.393528096377849579e-02
-9.223125874996185303e-03
-5.042646080255508423e-02
-2.204344607889652252e-02
-1.930221682414412498e-03
-7.744880765676498413e-02
9.662080556154251099e-04
5.493588000535964966e-02
-7.725368440151214600e-02
-1.525667868554592133e-02
-3.471918404102325439e-02
1.249188557267189026e-03
-3.113545291125774384e-02
8.833840489387512207e-03
6.536383926868438721e-02
1.120760664343833923e-02
-1.330393552780151367e-02
-7.733069360256195068e-03
4.392888396978378296e-02
-5.664243362843990326e-03
2.590525150299072266e-02
2.495458722114562988e-02
-6.770271807909011841e-03
-5.965136736631393433e-02
2.007348649203777313e-02
-1.630553975701332092e-02
-2.240524999797344208e-02
-1.009322609752416611e-02
9.712425991892814636e-03
1.812560856342315674e-02
-8.627355098724365234e-02
6.789393723011016846e-02
-1.232492830604314804e-02
-2.114300057291984558e-02
3.187702596187591553e-02
2.529871091246604919e-02
-1.919766888022422791e-03
3.057154268026351929e-02
3.908817470073699951e-02
-4.210255295038223267e-02
2.498823590576648712e-02
