-9.208805114030838013e-02
-4.368700552731752396e-03
5.006851628422737122e-02
1.354412827640771866e-02
-2.960652112960815430e-02
-3.507032245397567749e-02
-2.280176058411598206e-02
-5.187905859202146530e-03
4.139623045921325684e-02
-3.235627338290214539e-02
-3.296664357185363770e-02
-8.505363017320632935e-02
-4.074990376830101013e-02
-1.621063053607940674e-02
2.942982502281665802e-02
2.225501462817192078e-03
-6.421522796154022217e-02
-3.809609264135360718e-02
-5.779962614178657532e-02
-2.783033810555934906e-02
5.090728402137756348e-02
-4.266381729394197464e-03
-4.600438475608825684e-02
2.835200540721416473e-02
1.139019243419170380e-02
1.402970869094133377e-02
-3.909123316407203674e-02
-4.098176211118698120e-02
2.601221762597560883e-02
-1.669898070394992828e-02
4.898853600025177002e-03
4.959804937243461609e-02
-4.402822256088256836e-02
7.280217856168746948e-02
-3.952975943684577942e-02
2.050067670643329620e-02
-6.159408017992973328e-02
3.081101737916469574e-02
-9.248130768537521362e-02
4.116510227322578430e-02
4.336499143391847610e-03
5.087871477007865906e-02
-1.724928431212902069e-02
4.796820878982543945e-02
-7.503528147935867310e-02
2.861232869327068329e-02
-1.394635904580354691e-02
2.041603066027164459e-02
-5.710359662771224976e-03
3.756010904908180237e-02
-1.377897989004850388e-02
-6.909295916557312012e-02
1.464543282054364681e-03
3.822762146592140198e-02
-3.299209102988243103e-02
3.610000386834144592e-02
6.193451583385467529e-02
1.003220304846763611e-01
-7.803443074226379395e-02
-3.248410671949386597e-02
-3.694028407335281372e-02
7.327396422624588013e-02
2.457073517143726349e-02
3.224031627178192139e-02
-5.446504801511764526e-02
3.313214518129825592e-03
-8.691266924142837524e-02
5.324366502463817596e-03
4.686965048313140869e-02
-1.017934232950210571e-01
-1.178529113531112671e-01
6.441258639097213745e-02
2.957028336822986603e-02
3.496670350432395935e-02
-2.757643721997737885e-02
-3.688202798366546631e-02
-2.429315121844410896e-03
3.322702366858720779e-03
4.977773502469062805e-02
6.426187604665756226e-02
4.178075492382049561e-02
4.886180534958839417e-02
2.352630719542503357e-02
-2.558661997318267822e-02
-3.558189049363136292e-02
-4.286556970328092575e-03
5.163191352039575577e-03
-3.715535625815391541e-02
-3.366492316126823425e-02
7.507729530334472656e-02
-3.869827836751937866e-02
-2.391108870506286621e-02
-2.123746648430824280e-02
-1.209164261817932129e-01
-3.683631867170333862e-02
8.840625733137130737e-02
-6.885576993227005005e-02
-3.289889544248580933e-02
-5.724301189184188843e-02
-2.618539147078990936e-03
1.890004239976406097e-02
-1.478477753698825836e-02
-4.729676991701126099e-02
-3.091991320252418518e-02
1.987020112574100494e-02
-4.096746444702148438e-03
8.016061969101428986e-03
1.488624233752489090e-02
1.420210581272840500e-02
9.376171976327896118e-02
-2.676811814308166504e-02
2.484119310975074768e-02
4.958355426788330078e-02
-2.702625095844268799e-02
-2.217236533761024475e-02
6.765556335449218750e-02
-4.622975829988718033e-03
-1.791792805306613445e-03
6.262958794832229614e-02
-4.928851127624511719e-02
3.081511333584785461e-02
3.623389929998666048e-04
-6.587836891412734985e-02
-1.915740966796875000e-02
-1.587293483316898346e-02
-1.253214012831449509e-02
-5.949284532107412815e-04
-8.732053451240062714e-03
1.501917745918035507e-02
7.586804777383804321e-02
5.788771668449044228e-04
6.471566855907440186e-02
6.278418749570846558e-02
-2.945865876972675323e-02
-8.275890350341796875e-02
-3.956062719225883484e-02
1.525070238858461380e-02
8.828102797269821167e-02
-8.497809059917926788e-03
-5.029074475169181824e-02
8.318814635276794434e-02
-2.073221141472458839e-03
-3.120626509189605713e-02
5.709709227085113525e-02
-1.544342935085296631e-02
1.193105988204479218e-02
-5.701074004173278809e-02
6.210758537054061890e-02
-1.263762125745415688e-03
-3.189652413129806519e-02
-5.265573039650917053e-02
5.039057508111000061e-02
-3.160003200173377991e-02
3.533132001757621765e-02
4.661578312516212463e-02
-2.931258082389831543e-02
2.733172662556171417e-02
-6.188239529728889465e-02
-7.600061595439910889e-03
2.330601587891578674e-02
-3.335782513022422791e-02
-4.077527672052383423e-02
4.460090398788452148e-02
-5.128392949700355530e-02
-7.998597621917724609e-02
-2.895914576947689056e-02
-3.465788066387176514e-02
-4.444802924990653992e-02
-3.778366371989250183e-02
-6.988973170518875122e-02
-6.604211032390594482e-02
-2.508297748863697052e-02
1.323979534208774567e-02
2.102798037230968475e-02
-2.715672925114631653e-02
-5.592713132500648499e-03
-3.829811513423919678e-02
1.231947261840105057e-02
-1.321166194975376129e-02
-5.816099792718887329e-02
1.974879391491413116e-02
-6.372514367103576660e-02
3.623928129673004150e-02
1.071584131568670273e-02
4.377636685967445374e-02
-2.561482228338718414e-02
6.112392619252204895e-02
4.321331158280372620e-02
1.225930452346801758e-02
-4.649699479341506958e-02
-6.567803211510181427e-03
3.564397990703582764e-02
-7.559217512607574463e-02
5.741587281227111816e-02
7.948328554630279541e-02
-6.836368143558502197e-02
7.123502902686595917e-03
1.477653719484806061e-02
-5.886402353644371033e-02
4.489073157310485840e-02
-8.082348853349685669e-03
4.305014014244079590e-02
-1.573256030678749084e-02
-2.025342732667922974e-02
-2.491089515388011932e-02
-6.090454757213592529e-03
-2.095357701182365417e-02
-4.881155863404273987e-02
2.722907438874244690e-02
-1.876510120928287506e-02
-7.604586426168680191e-03
-6.279812008142471313e-02
6.918956525623798370e-03
5.178355798125267029e-02
1.738693390507251024e-04
-5.881681665778160095e-02
1.456862222403287888e-02
-2.496111765503883362e-02
5.263166129589080811e-02
4.464058578014373779e-02
-1.102956850081682205e-02
-1.524781249463558197e-02
-1.213605236262083054e-02
-4.721553530544042587e-03
1.633287966251373291e-02
9.563765488564968109e-03
2.511530928313732147e-02
-1.344765070825815201e-02
5.099041014909744263e-02
-7.958194613456726074e-02
6.707055028527975082e-03
-4.057458415627479553e-02
7.157483696937561035e-02
-2.608601376414299011e-02
-2.651496231555938721e-02
2.211533254012465477e-03
5.462040379643440247e-02
5.450412631034851074e-03
-2.105860039591789246e-02
6.179672852158546448e-02
8.833859115839004517e-03
-2.849531918764114380e-02
5.052882432937622070e-02
1.610837876796722412e-02
5.264077708125114441e-02
-2.363417297601699829e-02
5.551033536903560162e-04
-8.080422133207321167e-02
-7.239220291376113892e-02
-4.659811034798622131e-02
9.445165842771530151e-02
-1.388226915150880814e-02
-1.173500716686248779e-02
-1.508004125207662582e-02
4.191034659743309021e-02
7.726593408733606339e-03
5.980473011732101440e-02
2.615245431661605835e-02
-7.652676105499267578e-02
-6.266309320926666260e-02
-6.378846010193228722e-04
1.549742836505174637e-02
-1.576088927686214447e-02
-8.721294999122619629e-02
-2.585202641785144806e-02
-4.079127311706542969e-02
-1.116869784891605377e-02
-5.504758656024932861e-02
-7.950797677040100098e-02
4.274354502558708191e-02
-9.235772490501403809e-02
-4.720016196370124817e-02
4.315282404422760010e-02
2.070751413702964783e-02
3.689968585968017578e-02
-4.136969894170761108e-02
-3.400558233261108398e-02
-1.615776121616363525e-02
4.249537363648414612e-03
-3.279961645603179932e-03
-1.104973815381526947e-02
4.047901183366775513e-02
3.514912724494934082e-02
-2.306316047906875610e-03
-1.094978302717208862e-02
1.468093506991863251e-02
-3.832410788163542747e-03
-1.156964078545570374e-01
1.416450180113315582e-02
-7.083844393491744995e-02
6.292533129453659058e-03
-8.579626679420471191e-03
-5.135283246636390686e-02
-5.144918709993362427e-02
3.097171895205974579e-02
6.146529316902160645e-02
5.694558471441268921e-02
6.632648408412933350e-03
2.518406137824058533e-02
-9.968450292944908142e-03
2.873855642974376678e-03
-7.965994626283645630e-02
1.878076465800404549e-03
-7.310814224183559418e-03
4.624905809760093689e-02
-6.012960895895957947e-02
1.876363158226013184e-02
3.396181389689445496e-02
-5.458647385239601135e-02
5.081778392195701599e-02
4.021323099732398987e-02
-1.072575524449348450e-01
5.304502323269844055e-02
-1.004155501723289490e-01
2.388384193181991577e-02
-4.159099981188774109e-02
2.031004428863525391e-02
-1.025404687970876694e-02
-2.786375954747200012e-02
-8.013362437486648560e-02
-2.445421740412712097e-02
-2.280827052891254425e-02
-3.016989119350910187e-02
-1.971412450075149536e-02
-5.458518862724304199e-02
-1.333506777882575989e-02
6.127723958343267441e-03
-5.474379658699035645e-02
-2.537419646978378296e-02
-1.162727456539869308e-02
3.034678660333156586e-02
-7.203220576047897339e-02
6.964857131242752075e-02
-6.427624821662902832e-02
2.530539594590663910e-02
-1.975830830633640289e-02
6.546350568532943726e-02
-4.189978353679180145e-03
-4.553498327732086182e-02
-5.027331784367561340e-02
-2.450375177431851625e-04
-2.722773514688014984e-02
9.335854090750217438e-03
-2.629685401916503906e-02
3.292301297187805176e-02
-5.958381574600934982e-03
4.031416028738021851e-03
-7.186249643564224243e-02
-3.917048219591379166e-03
2.255678921937942505e-02
7.175841927528381348e-02
-2.259348891675472260e-02
2.799277193844318390e-02
-1.425067335367202759e-02
3.045182861387729645e-02
-6.721256673336029053e-02
4.598749428987503052e-02
1.102585159242153168e-02
-3.867260366678237915e-02
-2.022041939198970795e-03
-6.767123937606811523e-02
8.181935548782348633e-02
3.969547525048255920e-02
6.769732385873794556e-02
3.712305054068565369e-02
-3.222678974270820618e-02
2.676456049084663391e-02
2.900659805163741112e-03
4.164631478488445282e-03
6.570968031883239746e-02
3.255693614482879639e-02
-1.936080120503902435e-02
3.280831500887870789e-02
-6.056334823369979858e-02
2.652291208505630493e-02
7.890430837869644165e-02
-3.122814930975437164e-02
4.782192409038543701e-02
2.376526780426502228e-02
1.299811410717666149e-03
1.512133982032537460e-02
-5.141838267445564270e-02
6.865641567856073380e-03
2.639796026051044464e-02
5.774966999888420105e-02
1.727574318647384644e-02
4.395680129528045654e-02
1.183854043483734131e-02
-2.508349157869815826e-02
2.415441162884235382e-02
5.203541833907365799e-03
2.954764105379581451e-02
4.003411531448364258e-02
1.697800308465957642e-02
-3.327644988894462585e-02
-3.716116026043891907e-02
1.963220164179801941e-02
2.961436845362186432e-02
-1.870162412524223328e-02
4.003778472542762756e-02
1.147376559674739838e-02
-2.034070715308189392e-02
-1.423635240644216537e-02
-4.442316293716430664e-02
1.437066029757261276e-02
-6.859441101551055908e-02
1.015227437019348145e-01
2.986008115112781525e-02
-1.225989661179482937e-03
5.670098587870597839e-02
1.039651688188314438e-02
-2.244404144585132599e-02
-6.767109781503677368e-02
-3.900443762540817261e-02
7.398437242954969406e-03
2.973464131355285645e-02
-8.564618765376508236e-04
-1.966589316725730896e-02
6.183614209294319153e-02
-2.112781512551009655e-04
-5.425855517387390137e-02
2.360932761803269386e-03
-3.191244229674339294e-02
1.891293749213218689e-02
-4.241923242807388306e-02
-2.134920330718159676e-03
3.579305484890937805e-03
4.514519870281219482e-02
1.156434342265129089e-01
-7.952111773192882538e-03
-2.232716791331768036e-02
4.783502966165542603e-02
-2.268953062593936920e-02
4.241391271352767944e-02
8.028289675712585449e-02
-2.855510264635086060e-02
-2.525886334478855133e-02
6.490789353847503662e-02
6.059661135077476501e-02
3.922236710786819458e-02
-6.697213742882013321e-03
-6.198672205209732056e-02
5.292505025863647461e-02
2.045150613412261009e-03
7.485504448413848877e-02
3.701660037040710449e-02
-1.089508924633264542e-02
3.822090849280357361e-02
3.310304507613182068e-02
8.262819796800613403e-02
-3.493611142039299011e-02
6.238742172718048096e-02
-3.528294712305068970e-02
3.123656474053859711e-02
1.580266468226909637e-02
3.329625353217124939e-02
-3.743337839841842651e-02
2.329203672707080841e-02
3.222950035706162453e-03
2.202256210148334503e-02
2.847545780241489410e-02
1.212147157639265060e-02
-6.460038572549819946e-02
-4.087509587407112122e-02
1.962089911103248596e-02
-1.913514547049999237e-02
-6.818694621324539185e-02
-2.687900327146053314e-02
4.021326079964637756e-03
6.289105117321014404e-02
-3.401787951588630676e-02
2.439665794372558594e-02
-5.737321916967630386e-03
1.980602368712425232e-02
-4.023555666208267212e-02
-7.921148836612701416e-02
6.849405169486999512e-02
-1.297963690012693405e-02
-2.678209170699119568e-02
3.589187189936637878e-02
4.670915380120277405e-02
-4.835986346006393433e-02
-2.489323541522026062e-02
-1.059118881821632385e-01
-5.154553428292274475e-02
-3.635252267122268677e-02
2.202031947672367096e-02
-4.527314007282257080e-02
-2.773063443601131439e-02
1.360952388495206833e-02
-3.785848617553710938e-02
3.013909794390201569e-02
7.036928087472915649e-02
4.240364953875541687e-02
-4.045188054442405701e-02
4.194708913564682007e-02
-2.502326294779777527e-02
-1.651664613746106625e-03
-8.408102206885814667e-03
6.096667610108852386e-03
-3.482872247695922852e-02
3.388616070151329041e-02
-6.979887932538986206e-02
2.505044452846050262e-02
2.445362694561481476e-02
1.773445867002010345e-02
-4.898455739021301270e-02
-4.547835886478424072e-02
-2.794286981225013733e-02
2.382377348840236664e-02
5.522370338439941406e-02
-8.393003605306148529e-03
-1.634841598570346832e-02
-3.713216632604598999e-02
-9.344025515019893646e-03
1.461272686719894409e-02
6.680127233266830444e-03
3.555475920438766479e-02
3.246226115152239799e-03
-2.109945006668567657e-02
8.052047342061996460e-03
3.539562970399856567e-02
1.031400077044963837e-02
-6.165581196546554565e-02
5.073326453566551208e-02
2.100409753620624542e-02
4.532518610358238220e-02
2.759153209626674652e-02
3.153165057301521301e-02
-9.336846880614757538e-03
3.094084374606609344e-02
-7.750257849693298340e-02
1.721426099538803101e-02
2.089387550950050354e-02
2.363005280494689941e-02
1.489283237606287003e-02
-6.165703758597373962e-02
4.220244660973548889e-02
-2.593228593468666077e-02
2.496190182864665985e-02
-8.251622319221496582e-03
-4.837708547711372375e-02
4.420226812362670898e-02
-4.915549885481595993e-03
9.255442768335342407e-02
-6.675075739622116089e-02
-7.566370069980621338e-03
-6.183135136961936951e-02
4.030943661928176880e-02
5.004717409610748291e-02
-5.889627709984779358e-02
2.009147591888904572e-02
-3.739736229181289673e-02
-4.084602929651737213e-03
-1.083957403898239136e-02
-9.675892652012407780e-04
4.238414019346237183e-02
-4.832666367292404175e-02
1.439808309078216553e-02
2.363066747784614563e-02
-6.005571782588958740e-02
2.961012162268161774e-02
-3.049066662788391113e-02
-5.277861654758453369e-02
-7.150114327669143677e-02
7.033670693635940552e-02
-8.494767546653747559e-02
1.217970997095108032e-01
5.705279484391212463e-02
1.762158423662185669e-02
2.866499498486518860e-02
4.965433105826377869e-02
-3.195027261972427368e-02
-6.735266745090484619e-02
-2.590218372642993927e-02
1.239713653922080994e-02
8.264918625354766846e-02
1.269876398146152496e-02
-3.473292291164398193e-02
3.850215673446655273e-02
2.257576584815979004e-02
2.488545887172222137e-02
4.956253990530967712e-02
1.910676248371601105e-02
-4.213316366076469421e-02
-2.985322102904319763e-02
-4.382127150893211365e-02
-3.283372893929481506e-02
-5.861201509833335876e-02
1.449033617973327637e-03
-2.820410020649433136e-02
1.014601439237594604e-02
9.210583753883838654e-03
-5.258576944470405579e-03
1.917474158108234406e-02
-3.872007876634597778e-02
-4.692696779966354370e-02
5.470815300941467285e-02
2.769674174487590790e-04
1.032628566026687622e-01
8.188971132040023804e-02
-3.090209793299436569e-03
5.621882155537605286e-03
-6.749595981091260910e-03
1.526453439146280289e-02
4.900671914219856262e-02
-2.217843942344188690e-02
-3.067573346197605133e-02
5.151632055640220642e-02
1.590787246823310852e-02
1.532998401671648026e-02
-6.216299906373023987e-02
6.008550524711608887e-02
1.318131852895021439e-02
7.787831127643585205e-03
2.283961948705837131e-04
-6.764592975378036499e-02
9.499755688011646271e-03
-5.176644772291183472e-02
-2.477277815341949463e-02
-3.911203518509864807e-02
-3.221740946173667908e-02
2.907509915530681610e-02
-9.195228107273578644e-03
-4.532657191157341003e-02
5.654205381870269775e-02
5.125779286026954651e-02
6.694280542433261871e-03
-9.228222072124481201e-02
2.663052454590797424e-02
-1.210251897573471069e-01
2.145951241254806519e-02
2.501010894775390625e-02
9.520521014928817749e-02
-8.236783742904663086e-02
5.621293932199478149e-02
1.895759254693984985e-02
-8.598189800977706909e-02
3.944674506783485413e-02
1.396518084220588207e-03
3.325226157903671265e-02
-4.036622494459152222e-02
1.300649531185626984e-02
-5.554653704166412354e-02
-3.929723426699638367e-02
-1.008439585566520691e-01
2.656598947942256927e-02
2.381714992225170135e-03
6.012875959277153015e-02
1.417710166424512863e-02
1.031450089067220688e-02
-1.941088773310184479e-02
3.858786821365356445e-02
1.289488933980464935e-02
-1.674751006066799164e-02
1.466280315071344376e-02
3.632992878556251526e-02
-2.116179466247558594e-02
-3.893361240625381470e-02
9.677232243120670319e-03
2.476816065609455109e-02
6.137444823980331421e-02
-2.950784750282764435e-02
3.124249726533889771e-02
-2.038654498755931854e-02
3.160852938890457153e-02
6.298407912254333496e-02
-1.506057847291231155e-02
-4.939574748277664185e-02
-3.699192544445395470e-03
1.758937723934650421e-02
-5.450461804866790771e-02
1.534666866064071655e-03
1.526459958404302597e-02
1.107005178928375244e-01
2.472701482474803925e-02
-4.465391859412193298e-02
6.951323896646499634e-02
1.684769988059997559e-02
5.598353594541549683e-02
7.021792232990264893e-02
-2.354970388114452362e-02
2.614607475697994232e-02
-5.604765564203262329e-02
1.912325061857700348e-02
2.106945402920246124e-02
5.133974552154541016e-02
-1.711017917841672897e-03
-2.145266532897949219e-02
-5.537193641066551208e-02
1.499964855611324310e-03
-2.586583606898784637e-02
1.992792077362537384e-02
-2.212209440767765045e-02
4.734595865011215210e-02
-1.360919047147035599e-02
-4.636224731802940369e-02
-8.724988438189029694e-03
-2.983596548438072205e-02
-1.506682019680738449e-02
-6.337156891822814941e-02
3.856924921274185181e-02
7.485215365886688232e-02
-8.092228323221206665e-02
-2.213893830776214600e-02
-8.774401247501373291e-02
-6.688011437654495239e-02
-2.731528505682945251e-02
2.527839504182338715e-02
-2.162631042301654816e-02
-9.211231023073196411e-03
-4.730783402919769287e-02
6.668768078088760376e-02
1.222368553280830383e-01
-3.475312888622283936e-02
7.758636772632598877e-02
-7.104604691267013550e-02
5.474694538861513138e-03
-1.527671515941619873e-02
2.335646376013755798e-02
-7.752371579408645630e-02
3.626040741801261902e-02
-6.821054965257644653e-02
6.312716007232666016e-02
-1.379697304219007492e-02
-2.550637349486351013e-02
-7.873114198446273804e-03
5.222002044320106506e-02
9.048747271299362183e-02
-3.100960142910480499e-02
-1.320983935147523880e-02
3.581485152244567871e-02
-1.417229138314723969e-02
-2.297816798090934753e-02
-1.111266389489173889e-01
-6.091813743114471436e-02
-9.943118691444396973e-02
5.011572036892175674e-03
-6.509561091661453247e-02
6.804144009947776794e-03
-8.944517001509666443e-03
4.145461320877075195e-02
-4.734277352690696716e-02
4.567319899797439575e-02
-4.037941992282867432e-02
-5.801789462566375732e-02
2.171836607158184052e-02
-2.692310512065887451e-02
-4.623946733772754669e-03
-6.111799553036689758e-02
-1.813558489084243774e-02
-2.027941867709159851e-02
-1.037011761218309402e-02
4.519701004028320312e-02
1.281913486309349537e-03
-3.804233297705650330e-02
1.964728115126490593e-03
3.287089616060256958e-02
-2.423226833343505859e-04
-1.077794237062335014e-03
4.838330205529928207e-04
-5.700958147644996643e-02
-7.093179225921630859e-02
-3.946708515286445618e-02
3.141207620501518250e-03
-8.013000711798667908e-03
5.928787961602210999e-02
-2.135377610102295876e-03
-2.091986499726772308e-02
2.523252042010426521e-04
-3.638856112957000732e-02
-7.902950793504714966e-02
-2.438645251095294952e-02
-2.972573600709438324e-02
5.936137959361076355e-02
5.803531035780906677e-02
-6.560909748077392578e-02
3.313319385051727295e-02
4.058420192450284958e-03
1.887472905218601227e-02
-4.282819107174873352e-02
-2.332704700529575348e-02
-4.972225800156593323e-02
-4.841659590601921082e-02
6.891961395740509033e-02
4.322009161114692688e-02
-2.446488849818706512e-02
1.409231033176183701e-02
1.949849724769592285e-02
-3.204744681715965271e-02
-3.082293458282947540e-02
-1.079150848090648651e-02
-1.933226920664310455e-02
-9.831911325454711914e-02
1.947217248380184174e-02
-2.644782513380050659e-02
1.307868119329214096e-02
-4.324154928326606750e-02
-2.540250867605209351e-02
6.495859473943710327e-02
8.010085672140121460e-02
3.206114843487739563e-02
-9.836032986640930176e-02
2.102065831422805786e-02
-8.177366852760314941e-02
2.780757844448089600e-02
4.617537371814250946e-03
3.187837079167366028e-02
-1.203749049454927444e-02
1.041391305625438690e-02
1.868886686861515045e-02
-2.223278133897110820e-04
-1.630752347409725189e-02
-5.863706395030021667e-02
1.092811953276395798e-02
-1.952178962528705597e-02
8.233116008341312408e-03
-7.182383444160223007e-03
-7.905493490397930145e-03
8.177525550127029419e-02
5.386680364608764648e-02
6.251895800232887268e-03
1.284523122012615204e-02
-1.302851643413305283e-02
1.505236257798969746e-03
2.698769606649875641e-02
-7.733035832643508911e-02
6.806726567447185516e-03
7.802173495292663574e-02
-2.515631914138793945e-02
-1.028388179838657379e-02
-7.483516633510589600e-02
2.896055765450000763e-02
-5.610293522477149963e-02
4.796577617526054382e-02
-3.038794966414570808e-03
4.643220454454421997e-02
6.717502139508724213e-03
-4.494594875723123550e-03
-1.594280637800693512e-02
5.321754515171051025e-02
2.395826019346714020e-02
1.577874831855297089e-02
1.152879279106855392e-02
3.228447958827018738e-02
-2.753153257071971893e-02
-1.355285383760929108e-02
-1.064804103225469589e-02
5.216839257627725601e-03
2.027703449130058289e-02
-3.206648677587509155e-02
-5.058000609278678894e-02
3.616033867001533508e-02
-1.092659123241901398e-02
-2.792055159807205200e-02
5.238438770174980164e-02
1.439467165619134903e-02
-3.054630383849143982e-02
-1.018228661268949509e-02
-1.714901998639106750e-02
-1.650455989874899387e-03
8.110938966274261475e-02
1.381396502256393433e-02
1.569815911352634430e-02
-8.014396578073501587e-02
-1.554725412279367447e-02
7.065004110336303711e-02
-2.519312873482704163e-02
1.970205269753932953e-02
5.034013092517852783e-02
1.813638373278081417e-04
7.043188810348510742e-02
-7.276219874620437622e-02
-6.195912137627601624e-02
-2.849519625306129456e-02
-3.922264091670513153e-03
-1.640404015779495239e-02
-1.738036423921585083e-02
7.783026248216629028e-02
-4.747130908071994781e-03
1.878255605697631836e-02
2.339910715818405151e-02
6.752560380846261978e-03
-2.075270283967256546e-03
-8.026780933141708374e-02
-2.403566380962729454e-03
-1.970908977091312408e-02
5.773162096738815308e-02
-1.972190663218498230e-02
4.678540676832199097e-02
-1.122403889894485474e-01
4.349863529205322266e-02
-3.633267059922218323e-02
-4.313069954514503479e-02
-1.984121650457382202e-02
3.769782930612564087e-02
-8.743197540752589703e-04
1.030880212783813477e-01
-5.409805849194526672e-02
-5.468254163861274719e-02
-3.492613509297370911e-02
1.634838804602622986e-02
4.855442792177200317e-02
6.581446528434753418e-02
5.662388727068901062e-02
-7.903198152780532837e-02
-1.493428051471710205e-01
3.076008148491382599e-02
-1.301287952810525894e-02
2.267835289239883423e-02
-2.215103991329669952e-02
5.582981929183006287e-02
-4.351849108934402466e-02
1.017166487872600555e-02
7.860593497753143311e-03
8.265719562768936157e-02
3.264421224594116211e-02
4.152033850550651550e-02
-2.796039916574954987e-02
-6.350155174732208252e-02
6.608413066715002060e-03
-1.000709831714630127e-02
-3.206756338477134705e-02
2.654736163094639778e-03
-2.833242155611515045e-02
5.747760646045207977e-03
-4.707400500774383545e-02
-2.237734198570251465e-02
4.329252615571022034e-02
6.546676158905029297e-02
-5.748641490936279297e-02
1.624063216149806976e-02
-1.129029970616102219e-02
8.692137897014617920e-02
1.306844409555196762e-02
2.985972352325916290e-02
-3.183441236615180969e-03
2.536405995488166809e-02
3.034723177552223206e-02
-8.132025599479675293e-03
4.222297668457031250e-02
-3.093205764889717102e-02
6.245955452322959900e-02
3.700285404920578003e-02
1.340614166110754013e-02
-3.166435286402702332e-03
1.319514866918325424e-02
1.545104663819074631e-02
3.878981620073318481e-02
-2.883368171751499176e-02
3.504563122987747192e-02
1.769992709159851074e-02
-6.108148768544197083e-02
-3.017095476388931274e-02
8.415696024894714355e-02
-6.054094992578029633e-03
3.316927701234817505e-02
2.171148918569087982e-02
5.706080421805381775e-02
-5.079060792922973633e-05
7.160429656505584717e-02
5.994417890906333923e-02
-4.490456730127334595e-02
5.318188341334462166e-04
-5.484646558761596680e-02
-9.880779311060905457e-03
4.956115409731864929e-02
6.748929619789123535e-02
-1.234387513250112534e-02
-5.310654640197753906e-02
4.577660467475652695e-03
-1.333653274923563004e-02
5.092710629105567932e-02
-2.249982208013534546e-02
1.108734030276536942e-02
-4.856549203395843506e-02
5.221782624721527100e-02
-1.543934457004070282e-02
2.206278406083583832e-02
-7.159440964460372925e-02
-4.258761927485466003e-02
4.829519987106323242e-02
1.901207957416772842e-03
-1.645861938595771790e-02
4.611077718436717987e-03
-3.876108303666114807e-02
-1.368181407451629639e-02
2.041027322411537170e-02
-4.575228691101074219e-02
1.149628590792417526e-02
-9.279020130634307861e-02
9.897840023040771484e-02
-1.752351410686969757e-02
4.914599657058715820e-02
-4.960333928465843201e-03
1.816088706254959106e-02
-3.825609758496284485e-02
2.306342497467994690e-02
-1.017235144972801208e-01
1.079697467503137887e-04
5.211423337459564209e-02
4.004113376140594482e-03
-3.009337931871414185e-02
6.060884892940521240e-02
-4.692646861076354980e-02
-7.216303050518035889e-02
4.197613522410392761e-02
4.150009900331497192e-02
2.117861807346343994e-02
2.209417149424552917e-02
1.887456886470317841e-02
5.727263912558555603e-02
1.366425585001707077e-02
3.983948752284049988e-02
-4.937595501542091370e-02
-6.005085539072751999e-03
-8.144714869558811188e-03
-4.828803241252899170e-02
-3.717641159892082214e-02
-2.961968630552291870e-02
2.200516127049922943e-02
-1.301163993775844574e-02
-2.083713002502918243e-02
1.607133448123931885e-02
