-9.748052805662155151e-02
-4.971911013126373291e-02
4.571684822440147400e-02
-1.839257217943668365e-02
3.949818387627601624e-02
-2.521482110023498535e-02
3.199147433042526245e-02
3.024272620677947998e-02
-1.038755197077989578e-02
3.023960394784808159e-03
-1.251581218093633652e-02
3.245307505130767822e-02
6.386581808328628540e-02
-4.621322453022003174e-02
-4.075475409626960754e-02
3.738763509318232536e-03
9.151871316134929657e-03
-6.963727623224258423e-02
1.080704629421234131e-01
2.097371965646743774e-02
9.459816850721836090e-03
-1.378247234970331192e-02
-7.102459669113159180e-03
-4.340094700455665588e-02
-5.485159158706665039e-02
-2.059069462120532990e-02
2.297233976423740387e-02
4.290367010980844498e-03
-6.263910327106714249e-03
2.000204287469387054e-02
7.553472369909286499e-02
-2.915705181658267975e-02
-8.204557001590728760e-02
-1.738278381526470184e-02
-3.060502931475639343e-04
5.928654968738555908e-02
-3.559383377432823181e-02
-2.781933732330799103e-02
-6.282966118305921555e-03
6.876011844724416733e-03
-4.816089197993278503e-02
2.284584939479827881e-02
-4.574884474277496338e-02
-2.206142991781234741e-03
7.407379453070461750e-04
-8.430401235818862915e-02
-2.286108024418354034e-02
-5.179589614272117615e-03
6.597723811864852905e-02
7.203679531812667847e-02
-2.889769710600376129e-02
-4.294520989060401917e-02
-1.000377535820007324e-01
-1.305296272039413452e-02
3.466898575425148010e-02
-4.687036201357841492e-02
4.366296902298927307e-02
3.168742731213569641e-02
-1.384439039975404739e-02
-7.407341897487640381e-02
4.783010855317115784e-02
-5.705162417143583298e-03
1.207393314689397812e-02
9.595100767910480499e-03
-3.384516015648841858e-02
1.840966194868087769e-02
9.527099132537841797e-02
-5.581305921077728271e-02
8.999698911793529987e-04
1.416937634348869324e-02
6.235324218869209290e-02
4.377296566963195801e-02
-3.618453815579414368e-02
-4.407200962305068970e-03
-6.560859829187393188e-02
-3.400168567895889282e-02
-6.618241220712661743e-02
4.012295976281166077e-02
3.507021069526672363e-02
1.425583660602569580e-02
4.091490432620048523e-02
4.154255613684654236e-03
6.898254621773958206e-03
4.737289622426033020e-02
2.957399934530258179e-02
-3.561686351895332336e-02
-5.666671320796012878e-02
-1.100727021694183350e-01
3.163500456139445305e-03
-7.306388020515441895e-02
1.200118381530046463e-02
-1.476053427904844284e-02
7.595501095056533813e-02
7.081005722284317017e-02
-5.665310099720954895e-02
-7.093261927366256714e-02
6.720043718814849854e-03
-2.753560990095138550e-02
2.797992527484893799e-02
-9.230501204729080200e-02
8.065018802881240845e-02
-2.804937399923801422e-02
1.572172343730926514e-02
6.722112651914358139e-03
-1.345466729253530502e-02
-4.276111349463462830e-02
6.959544867277145386e-02
-8.065572381019592285e-02
-1.937498687766492367e-03
-5.978089570999145508e-02
4.220425710082054138e-02
7.349652796983718872e-02
-3.177036717534065247e-02
4.629157856106758118e-02
2.527467347681522369e-02
3.208954259753227234e-02
5.690803006291389465e-02
-5.636349320411682129e-02
-3.738903626799583435e-02
3.921542689204216003e-02
4.179358854889869690e-02
-1.722022332251071930e-02
2.632520161569118500e-02
3.467008844017982483e-02
-1.072337199002504349e-02
-3.696931526064872742e-02
1.298426557332277298e-02
-7.940958440303802490e-02
1.836494356393814087e-02
-1.595942862331867218e-02
1.611494086682796478e-02
8.563701063394546509e-02
-4.270230606198310852e-02
1.815265417098999023e-02
-3.671477735042572021e-02
9.976782649755477905e-02
3.483672440052032471e-02
-2.191506512463092804e-02
5.965550243854522705e-02
4.660208895802497864e-02
-6.066045537590980530e-02
-3.331563994288444519e-02
6.404850166290998459e-03
2.400154620409011841e-02
4.454940184950828552e-02
-6.047298014163970947e-02
8.914628066122531891e-03
1.158666610717773438e-02
4.458915814757347107e-02
-1.041933801025152206e-02
-4.152018949389457703e-02
-3.198425844311714172e-02
-2.208465710282325745e-03
-5.597528442740440369e-02
2.094483375549316406e-02
-9.255505166947841644e-03
2.652375958859920502e-02
3.076919354498386383e-02
-1.125412583351135254e-01
7.195889949798583984e-03
-3.266322985291481018e-02
3.424433991312980652e-02
2.887137979269027710e-02
3.129776194691658020e-02
-8.159030228853225708e-02
4.612342454493045807e-03
-1.997783966362476349e-02
1.717824861407279968e-02
-9.101840108633041382e-02
-8.894399739801883698e-03
3.935946524143218994e-02
1.554591488093137741e-02
-2.248167060315608978e-02
6.203384324908256531e-02
6.558996159583330154e-03
-1.141602173447608948e-02
-1.873945258557796478e-02
8.078482002019882202e-02
-1.529784779995679855e-02
-3.746937215328216553e-02
1.062871050089597702e-02
-3.183589503169059753e-02
-6.813959032297134399e-02
-1.699928753077983856e-02
8.033271878957748413e-02
-1.050327252596616745e-02
-6.140161678194999695e-02
3.945822641253471375e-02
4.418567940592765808e-02
-2.404917590320110321e-02
1.907608844339847565e-02
4.178407788276672363e-02
1.210381370037794113e-02
-9.068173170089721680e-02
-8.277922868728637695e-02
-6.052367016673088074e-02
1.595311984419822693e-02
3.257361799478530884e-02
-2.048647962510585785e-02
4.932610690593719482e-02
3.232710063457489014e-03
5.417220667004585266e-02
-5.814452096819877625e-02
1.653410680592060089e-02
9.760443121194839478e-02
2.045545168220996857e-02
-3.737036883831024170e-02
-2.582383574917912483e-03
4.523268342018127441e-02
3.645881637930870056e-02
2.768237888813018799e-02
9.339916519820690155e-03
-1.800951897166669369e-03
-3.585877642035484314e-02
2.670831046998500824e-02
6.441438570618629456e-03
-4.970487579703330994e-02
-2.799143828451633453e-02
1.737024821341037750e-02
5.854015424847602844e-02
-3.612802550196647644e-02
3.345267474651336670e-02
-5.599797889590263367e-02
9.194411337375640869e-03
4.189787805080413818e-02
-5.207011103630065918e-02
3.879266977310180664e-02
4.232122004032135010e-02
4.382700845599174500e-02
2.272855490446090698e-02
2.018605358898639679e-02
5.193733144551515579e-03
-5.916018411517143250e-02
3.681934624910354614e-02
-5.092490091919898987e-02
3.581992164254188538e-02
2.506250701844692230e-02
-2.999413758516311646e-02
5.520790815353393555e-02
7.123443763703107834e-03
2.481126785278320312e-02
-1.285125017166137695e-01
3.477580845355987549e-03
-8.772413129918277264e-04
-1.242813002318143845e-02
-2.616743184626102448e-02
-1.071176142431795597e-03
-1.547326799482107162e-02
5.262187123298645020e-02
3.654501959681510925e-02
-6.071601435542106628e-02
-4.956496134400367737e-02
1.721800118684768677e-02
-5.434923246502876282e-02
1.630215160548686981e-02
5.632853135466575623e-02
3.948605060577392578e-02
-1.101864967495203018e-02
9.806408733129501343e-02
-1.800808869302272797e-02
-6.602182984352111816e-04
-2.358967065811157227e-02
-3.495538234710693359e-02
5.052917823195457458e-02
7.786893099546432495e-02
3.058195672929286957e-02
5.052682012319564819e-03
5.930389463901519775e-02
3.675658255815505981e-02
-1.047115102410316467e-01
6.260397285223007202e-02
-7.079394999891519547e-03
-9.170333296060562134e-02
-7.749336212873458862e-02
-1.008502617478370667e-01
1.592622883617877960e-02
-2.463817596435546875e-02
2.111536450684070587e-02
-2.925480343401432037e-02
5.994167923927307129e-02
-1.940498501062393188e-02
-8.127158880233764648e-02
-1.989079825580120087e-02
6.321143824607133865e-03
1.584355533123016357e-02
-7.480482012033462524e-02
-6.415618699975311756e-04
-2.310716174542903900e-02
-1.720393658615648746e-03
3.296060487627983093e-02
-1.182136218994855881e-02
-8.932420052587985992e-03
-4.527899995446205139e-02
-6.998895108699798584e-02
-3.466552821919322014e-03
4.449369851499795914e-03
-9.638585895299911499e-02
2.956554107367992401e-02
1.088620647788047791e-01
8.636472374200820923e-02
2.445609681308269501e-02
-4.783375933766365051e-02
9.181111305952072144e-02
2.291190624237060547e-02
7.166130002588033676e-03
2.540654130280017853e-02
6.840082257986068726e-02
1.437894534319639206e-02
2.721086703240871429e-02
5.609782412648200989e-02
5.676246061921119690e-02
1.669376529753208160e-02
4.420459736138582230e-03
7.412320468574762344e-03
1.764036901295185089e-02
-1.572696678340435028e-02
3.494075499475002289e-04
7.582063321024179459e-03
7.199907209724187851e-03
2.320855855941772461e-04
5.832661315798759460e-02
5.526074767112731934e-02
3.501398488879203796e-02
-2.584548853337764740e-02
2.800755202770233154e-02
2.290711738169193268e-02
6.018412113189697266e-02
5.540957674384117126e-03
-6.992552429437637329e-02
1.185545604676008224e-02
-2.118737669661641121e-03
7.311803102493286133e-02
5.609996616840362549e-03
6.176732853055000305e-02
7.262416929006576538e-02
-3.963193390518426895e-03
6.093874573707580566e-02
2.843130193650722504e-02
3.710420802235603333e-02
1.553789433091878891e-02
8.334697037935256958e-02
2.372644841670989990e-03
-6.356903910636901855e-02
-5.831347033381462097e-02
-3.686412796378135681e-02
-9.073072113096714020e-03
-2.597782574594020844e-02
-9.668474085628986359e-03
5.348631367087364197e-02
3.674107044935226440e-02
-5.550031363964080811e-02
2.026458457112312317e-02
-1.942256465554237366e-03
1.340199261903762817e-02
1.923885382711887360e-02
-9.090095758438110352e-03
-5.162038281559944153e-02
-5.787548795342445374e-02
-4.652240872383117676e-02
-3.746313229203224182e-02
-4.888672754168510437e-02
2.163738757371902466e-02
2.980650961399078369e-02
-3.279067948460578918e-02
-8.026951923966407776e-03
-3.886828199028968811e-02
4.082291200757026672e-02
2.298581413924694061e-02
-2.068056352436542511e-02
1.377973426133394241e-02
5.972260236740112305e-02
1.718654297292232513e-02
-3.813821077346801758e-02
2.721959166228771210e-02
5.126236006617546082e-02
-3.897292539477348328e-03
-5.343535542488098145e-02
4.195240791887044907e-03
-8.268201351165771484e-02
-4.938313737511634827e-02
3.364867297932505608e-03
8.810459636151790619e-03
5.345812067389488220e-03
-6.361510604619979858e-02
2.340390346944332123e-02
-6.187016610056161880e-03
5.885865911841392517e-02
7.474480569362640381e-02
3.192717907950282097e-03
-2.017221041023731232e-02
2.301779389381408691e-02
7.550362497568130493e-02
1.092046499252319336e-02
-3.366594389081001282e-02
3.902348456904292107e-03
-6.760174781084060669e-02
6.960947066545486450e-03
-4.236799478530883789e-02
2.076627127826213837e-02
3.542240336537361145e-02
6.553856283426284790e-02
-3.362320363521575928e-02
-2.325522340834140778e-02
-6.594816595315933228e-02
7.952056080102920532e-02
2.369433082640171051e-02
-3.954156860709190369e-02
2.458001254126429558e-03
1.591525785624980927e-02
2.607226371765136719e-02
-9.952015429735183716e-02
7.501216605305671692e-03
-7.114998251199722290e-02
-3.001552075147628784e-03
1.150111015886068344e-02
-3.750192001461982727e-02
1.701190322637557983e-02
3.867238759994506836e-02
-2.124796621501445770e-02
1.377192139625549316e-02
-9.312035515904426575e-03
9.055245667695999146e-02
-3.167456761002540588e-02
-8.843555115163326263e-03
-5.230826139450073242e-02
-2.478741668164730072e-02
-3.095716238021850586e-05
-3.672984614968299866e-02
5.812991783022880554e-02
-4.073243960738182068e-02
3.390094265341758728e-02
-1.788176596164703369e-02
-6.998985260725021362e-02
-4.142817482352256775e-02
-2.232279814779758453e-02
-5.769464373588562012e-02
-3.459523990750312805e-02
-1.835757307708263397e-02
-7.258037477731704712e-02
-9.081008285284042358e-02
-2.392406313447281718e-04
1.841821707785129547e-02
-1.283764746040105820e-02
-2.991662733256816864e-02
-1.081727910786867142e-02
1.101572513580322266e-01
6.534308195114135742e-04
-2.151737548410892487e-02
1.602655462920665741e-02
-4.493972659111022949e-02
3.047330491244792938e-02
-4.242267459630966187e-03
7.008883357048034668e-02
2.457207068800926208e-03
-1.443972066044807434e-02
3.377576917409896851e-02
9.689678996801376343e-02
-3.936563804745674133e-02
3.057756694033741951e-03
-6.381943076848983765e-02
-7.015067618340253830e-03
4.276436567306518555e-02
4.343365726526826620e-04
1.300531905144453049e-02
-2.790683507919311523e-02
3.256278811022639275e-03
-8.254706859588623047e-03
5.561776086688041687e-02
5.143943126313388348e-04
8.375694596907123923e-05
-5.870005115866661072e-02
8.703099936246871948e-02
7.718637585639953613e-02
-8.479595184326171875e-02
7.884203642606735229e-02
-9.649994783103466034e-03
3.819127008318901062e-02
6.635019090026617050e-03
-6.427428126335144043e-02
1.273981016129255295e-02
-4.113102704286575317e-02
5.873014032840728760e-02
3.829308226704597473e-02
2.795122563838958740e-02
1.919642835855484009e-02
-5.386014282703399658e-02
-2.472691424190998077e-02
1.388816814869642258e-02
-1.170218810439109802e-01
-2.197454124689102173e-02
7.514730840921401978e-02
-4.665419831871986389e-02
7.316780835390090942e-02
7.455872744321823120e-02
4.269340634346008301e-02
7.664137333631515503e-02
-3.410861268639564514e-02
-3.466683998703956604e-02
-3.802840039134025574e-02
-4.325023293495178223e-02
-1.339389942586421967e-03
1.406854856759309769e-02
1.197288930416107178e-02
6.513427477329969406e-03
-5.531448870897293091e-03
5.459756776690483093e-02
-5.343513563275337219e-02
2.548865042626857758e-02
-1.343041006475687027e-02
2.158743701875209808e-02
-3.582992032170295715e-02
-1.019267439842224121e-01
-7.142183184623718262e-02
1.621062494814395905e-02
-6.103059649467468262e-02
-4.746887367218732834e-03
-5.221506115049123764e-03
-3.139781951904296875e-02
2.350368537008762360e-02
8.258491009473800659e-02
-3.131117299199104309e-02
-7.036115974187850952e-02
3.986814990639686584e-02
-2.087404254780267365e-06
2.759399451315402985e-02
-6.955683231353759766e-03
-2.553955651819705963e-02
-5.047017335891723633e-02
-3.524262085556983948e-02
4.586291313171386719e-02
-2.440550923347473145e-02
1.138160377740859985e-02
-5.240999162197113037e-02
9.617181867361068726e-02
-3.187230229377746582e-02
-4.599722847342491150e-02
4.151457548141479492e-02
1.037009581923484802e-01
-1.117016300559043884e-01
-5.016188323497772217e-02
-2.597974799573421478e-02
4.735667631030082703e-02
-2.609314955770969391e-02
-2.234692126512527466e-02
6.545799970626831055e-02
2.602167241275310516e-02
1.192470174282789230e-02
2.299258671700954437e-02
-1.204323396086692810e-01
2.279843948781490326e-02
-5.262389779090881348e-02
1.033097803592681885e-01
-1.999392174184322357e-02
-4.223699867725372314e-02
-1.688198186457157135e-02
-3.804704546928405762e-02
-2.042186260223388672e-02
2.171069197356700897e-02
-4.678228497505187988e-02
6.738388910889625549e-03
-3.698646649718284607e-02
-5.281816795468330383e-02
4.166027996689081192e-03
-7.953651994466781616e-02
7.973732054233551025e-02
-1.249924022704362869e-02
2.667292393743991852e-02
2.614370547235012054e-02
1.643152534961700439e-02
-6.122569367289543152e-02
-4.633918032050132751e-02
-9.365308284759521484e-02
-6.779655814170837402e-05
-1.094152107834815979e-01
1.843509613536298275e-03
3.271902725100517273e-02
4.839147627353668213e-02
1.322094071656465530e-02
9.700807183980941772e-02
5.446124076843261719e-02
5.219383165240287781e-02
6.774506717920303345e-02
-1.699715666472911835e-02
9.561534039676189423e-03
3.313342854380607605e-02
3.136199340224266052e-02
-2.307700179517269135e-02
-7.950127869844436646e-02
-9.462592005729675293e-02
2.521794289350509644e-02
3.737388877198100090e-03
2.722894400358200073e-02
-2.011696062982082367e-02
7.025383412837982178e-02
-2.119750529527664185e-02
-9.500246495008468628e-02
-3.922235965728759766e-02
-5.612234119325876236e-03
1.934271305799484253e-02
-5.465031787753105164e-02
-4.395804926753044128e-02
2.727069519460201263e-02
7.144053280353546143e-02
-6.063161417841911316e-02
-1.021154150366783142e-01
4.719262942671775818e-02
-1.828766614198684692e-02
1.721555180847644806e-02
-1.552971173077821732e-02
3.565372899174690247e-02
6.215475127100944519e-02
4.846246913075447083e-02
-4.619441926479339600e-02
7.799328118562698364e-02
1.744240522384643555e-02
-8.797368407249450684e-02
-6.114527210593223572e-02
9.965709596872329712e-02
-4.928116500377655029e-02
-2.934602461755275726e-02
1.068138107657432556e-01
-5.430559162050485611e-03
4.118684679269790649e-03
3.463937714695930481e-02
4.628732427954673767e-02
-6.287067383527755737e-02
-2.638521604239940643e-02
-1.309067290276288986e-02
5.486783385276794434e-02
-7.788265123963356018e-03
3.226279094815254211e-02
-2.286258339881896973e-02
5.569989606738090515e-02
1.350482343696057796e-03
-3.740038350224494934e-02
3.879458829760551453e-02
2.210811339318752289e-02
1.759673841297626495e-02
5.042166635394096375e-02
-9.200093895196914673e-02
3.684781119227409363e-02
9.069826453924179077e-02
-2.978234924376010895e-02
-3.552907332777976990e-02
8.105706423521041870e-02
3.655389323830604553e-02
6.646868586540222168e-02
2.996108867228031158e-02
5.956764146685600281e-02
4.011297225952148438e-02
3.648221492767333984e-02
-2.850384451448917389e-02
-7.765894290059804916e-03
3.006113134324550629e-02
-2.543426863849163055e-02
7.337656617164611816e-02
5.634742602705955505e-02
3.661657869815826416e-02
7.622513920068740845e-02
1.370871439576148987e-03
-4.503726959228515625e-04
-2.101082168519496918e-02
1.109539251774549484e-02
8.789024315774440765e-03
3.349650651216506958e-02
-1.056525632739067078e-01
-4.475965723395347595e-02
-2.336616814136505127e-02
1.765699125826358795e-02
1.187603473663330078e-01
5.208888649940490723e-02
9.205779992043972015e-03
1.655613631010055542e-02
-3.574996069073677063e-02
-4.533902928233146667e-02
-3.396071493625640869e-02
2.703793346881866455e-03
2.334492467343807220e-02
8.410811424255371094e-02
6.542982906103134155e-02
-3.604643791913986206e-02
2.438674308359622955e-02
-4.856579378247261047e-02
-1.154649630188941956e-02
-6.345436722040176392e-02
-3.762185573577880859e-03
-1.823709346354007721e-02
-1.057973410934209824e-02
-3.796775639057159424e-02
-4.892257973551750183e-02
1.368034910410642624e-02
-4.216710850596427917e-02
-8.334287256002426147e-02
7.320091128349304199e-02
-2.535727061331272125e-02
2.598596177995204926e-02
1.147439330816268921e-02
1.465683802962303162e-02
-2.828491665422916412e-02
-2.334026806056499481e-02
4.422641918063163757e-02
-3.166324272751808167e-02
1.302001904696226120e-02
-8.204918354749679565e-03
-2.589622698724269867e-02
5.000369623303413391e-02
3.419600054621696472e-02
3.024574555456638336e-02
2.114413492381572723e-02
-2.043884247541427612e-02
6.862955540418624878e-02
-3.036273457109928131e-02
-3.406514227390289307e-02
-9.872551076114177704e-03
-1.340269017964601517e-02
-5.766056478023529053e-02
1.131347343325614929e-01
-9.192191064357757568e-03
-1.018918529152870178e-01
-2.937915734946727753e-02
-4.362168535590171814e-02
-4.836557898670434952e-03
-6.362407654523849487e-02
-1.023297477513551712e-02
-9.967193007469177246e-03
2.414288185536861420e-02
-7.065993547439575195e-02
2.708075009286403656e-02
-8.111077360808849335e-03
-2.626437507569789886e-02
-3.172397240996360779e-02
-3.483215346932411194e-02
-5.232973769307136536e-02
-5.601692572236061096e-02
1.891124993562698364e-02
8.479415439069271088e-03
-2.772572822868824005e-02
-3.014243207871913910e-02
-4.226466175168752670e-03
4.881622269749641418e-02
-5.084117129445075989e-02
-5.246688798069953918e-02
-1.211049780249595642e-01
5.412782356142997742e-02
5.243262648582458496e-02
-5.743316188454627991e-02
-1.445469725877046585e-02
4.009749740362167358e-02
-8.051442354917526245e-02
-2.227115444839000702e-02
5.841420590877532959e-02
-1.754048466682434082e-02
6.499759107828140259e-02
-7.479623705148696899e-02
-5.345575138926506042e-02
9.908994287252426147e-02
6.752472370862960815e-02
-3.872978314757347107e-02
3.002706728875637054e-02
2.624222077429294586e-02
4.602098464965820312e-02
-3.990346193313598633e-02
8.897126652300357819e-03
6.962480396032333374e-02
-1.643736474215984344e-02
-9.814251214265823364e-02
-7.642354816198348999e-02
-3.067805618047714233e-02
-7.062018662691116333e-02
-2.418613992631435394e-02
-9.051896631717681885e-03
-6.115471199154853821e-02
4.873164370656013489e-02
2.028108341619372368e-03
1.024395599961280823e-01
8.144053071737289429e-02
-1.601880043745040894e-02
-2.205032622441649437e-03
-2.543517388403415680e-02
-2.830346673727035522e-02
5.002864822745323181e-02
-5.359865352511405945e-02
-2.415789989754557610e-03
8.523825556039810181e-02
5.274762213230133057e-02
4.147298261523246765e-02
9.124844521284103394e-02
1.505534071475267410e-02
-3.269770368933677673e-02
-6.844053417444229126e-02
-5.472202971577644348e-02
-1.236404944211244583e-02
5.247342586517333984e-02
8.405699394643306732e-03
7.454216480255126953e-02
-7.917413860559463501e-02
-3.463913919404149055e-03
3.626207634806632996e-02
5.138399824500083923e-02
-2.090543508529663086e-02
2.066584490239620209e-02
5.300140380859375000e-02
-4.173716064542531967e-03
-1.807340048253536224e-02
4.293084144592285156e-02
4.798107966780662537e-02
-2.468840777873992920e-02
5.275210738182067871e-02
-1.915893866680562496e-03
-1.978973671793937683e-02
7.612266391515731812e-02
-2.017027512192726135e-02
8.420631289482116699e-02
-4.286304116249084473e-02
-4.955626651644706726e-02
3.029598295688629150e-02
-6.197082996368408203e-02
3.200197219848632812e-02
4.248359799385070801e-02
-4.191269353032112122e-02
-1.203740760684013367e-02
-2.737003564834594727e-02
5.107650998979806900e-03
3.052207082509994507e-02
3.115008026361465454e-02
-7.481566816568374634e-02
8.692725747823715210e-02
-5.774657055735588074e-02
1.000283956527709961e-01
-5.320980027318000793e-02
-1.456639915704727173e-02
8.181907236576080322e-02
-4.393975064158439636e-02
-2.494246931746602058e-03
2.669838024303317070e-03
3.554602339863777161e-02
-4.093403741717338562e-02
-2.248619310557842255e-02
-5.971009377390146255e-03
-4.180217906832695007e-02
-5.763170123100280762e-02
-7.861319929361343384e-02
8.257738500833511353e-02
-4.440237767994403839e-03
-1.906289346516132355e-02
-4.202042147517204285e-02
-3.448030725121498108e-02
-1.282110810279846191e-02
-5.072269216179847717e-02
5.493815243244171143e-02
4.613727331161499023e-02
6.073243543505668640e-02
5.124203488230705261e-02
8.619773387908935547e-02
5.210491642355918884e-02
-1.358737517148256302e-02
4.379511997103691101e-02
-1.081208586692810059e-01
-5.457718297839164734e-02
-2.402043156325817108e-02
-2.273958176374435425e-02
-1.029560249298810959e-02
-8.374302834272384644e-02
3.580382838845252991e-02
2.370814979076385498e-02
-2.912474609911441803e-02
1.628626137971878052e-03
8.577088266611099243e-02
7.327260822057723999e-02
4.860387742519378662e-02
9.006471373140811920e-03
-5.844057723879814148e-02
-3.684925613924860954e-03
-6.657791789621114731e-03
-3.296950086951255798e-02
2.278807759284973145e-02
1.761676371097564697e-02
8.762671798467636108e-02
-5.330089107155799866e-02
3.454750403761863708e-02
-3.905715048313140869e-02
-2.374997921288013458e-02
-5.941095575690269470e-02
-5.972645804286003113e-02
-5.604195967316627502e-02
5.165697634220123291e-02
1.351321954280138016e-02
4.238082095980644226e-02
1.048644259572029114e-01
-6.605563219636678696e-03
-1.024575829505920410e-01
4.327243566513061523e-02
7.727222051471471786e-03
-3.279829397797584534e-02
-9.284338913857936859e-03
1.517049595713615417e-02
-1.192274969071149826e-02
-5.441308394074440002e-02
9.371245652437210083e-02
-1.885752193629741669e-02
7.401064783334732056e-02
7.871487736701965332e-02
3.980780765414237976e-02
5.055382847785949707e-02
-2.593442611396312714e-02
-1.633352600038051605e-02
2.126331627368927002e-02
3.473478928208351135e-02
-5.526923015713691711e-02
1.515703275799751282e-02
-4.287405312061309814e-02
-2.063535153865814209e-02
8.080777525901794434e-02
1.129851341247558594e-01
-7.102902978658676147e-02
1.486637350171804428e-02
-6.953407078981399536e-02
-1.899213343858718872e-02
2.447701804339885712e-02
-8.981739170849323273e-03
4.255400225520133972e-02
-4.192602634429931641e-02
-1.091003697365522385e-02
-1.816187798976898193e-02
-8.410152047872543335e-02
6.169083062559366226e-03
2.217467874288558960e-02
-9.434512816369533539e-03
-4.679305851459503174e-02
8.573475480079650879e-02
-2.700080536305904388e-02
1.480645220726728439e-02
-6.522263586521148682e-02
1.701905019581317902e-02
-7.110982388257980347e-02
-4.667342826724052429e-02
2.008518902584910393e-03
3.406033292412757874e-02
-9.838889352977275848e-03
3.605060651898384094e-02
-8.630844950675964355e-02
1.336237508803606033e-02
-2.054386027157306671e-02
-3.922012820839881897e-02
3.704741597175598145e-02
7.350517902523279190e-03
-2.397193014621734619e-02
-4.410844668745994568e-02
-3.389935195446014404e-02
-7.522847969084978104e-03
9.706771373748779297e-02
3.782097250223159790e-03
-4.839504882693290710e-02
-9.137301705777645111e-03
-7.722493261098861694e-02
4.363459348678588867e-02
-1.131947338581085205e-02
1.428035181015729904e-02
1.439833361655473709e-02
-3.630788996815681458e-02
2.111032791435718536e-02
1.237728912383317947e-02
-5.873416666872799397e-04
-3.256796300411224365e-02
-7.338683586567640305e-03
-7.125068455934524536e-02
2.145666629076004028e-03
2.838451601564884186e-02
1.188196241855621338e-03
6.638329476118087769e-02
-1.048645973205566406e-01
4.998895898461341858e-02
2.690009772777557373e-02
7.384306937456130981e-02
4.210290685296058655e-02
3.528458625078201294e-02
4.465562105178833008e-02
-5.914329085499048233e-03
-1.118156965821981430e-02
-9.286618232727050781e-02
2.459232695400714874e-02
-3.646440105512738228e-03
-3.612530976533889771e-02
2.202097326517105103e-03
-2.937982417643070221e-02
-2.344731800258159637e-02
-1.370659098029136658e-02
-6.715104728937149048e-02
2.187315188348293304e-02
-2.594743669033050537e-02
-4.847264382988214493e-03
-2.560115419328212738e-02
-2.873387187719345093e-02
-1.935178041458129883e-02
-9.396730922162532806e-03
-1.095620915293693542e-02
-4.384308680891990662e-02
6.715258210897445679e-02
1.735456287860870361e-03
-1.721145212650299072e-02
-3.491050377488136292e-02
2.317562885582447052e-02
1.351042836904525757e-02
-2.876390330493450165e-02
3.621660172939300537e-02
-3.984000533819198608e-02
-1.755218580365180969e-02
-4.652896430343389511e-03
-5.743252113461494446e-03
-4.274522361811250448e-04
-2.938367240130901337e-02
1.009324658662080765e-02
1.449696626514196396e-02
-1.637568883597850800e-02
2.333552204072475433e-02
-4.401155188679695129e-02
-1.342263352125883102e-02
6.801431626081466675e-02
3.501874580979347229e-02
-8.465105295181274414e-02
-1.868804544210433960e-02
7.199429720640182495e-02
-4.483463987708091736e-02
1.626172475516796112e-02
