-3.822430968284606934e-02
4.994338005781173706e-02
-9.462364763021469116e-02
2.177062258124351501e-02
4.542757943272590637e-02
3.388799726963043213e-02
7.540640234947204590e-02
6.200210191309452057e-04
-9.007950872182846069e-02
5.479443073272705078e-02
9.092357754707336426e-02
-2.401955984532833099e-02
4.580745100975036621e-02
-3.105020523071289062e-02
4.589034244418144226e-02
-2.761243842542171478e-02
2.511933259665966034e-02
1.262044627219438553e-02
-5.585606768727302551e-02
1.121108699589967728e-02
-5.477471649646759033e-02
-2.282075025141239166e-02
-1.532405167818069458e-01
-3.193675726652145386e-02
-5.807727202773094177e-02
7.263444364070892334e-02
-1.717161200940608978e-02
3.364969044923782349e-02
3.324690833687782288e-02
-1.110268309712409973e-01
-7.567411661148071289e-02
5.280501395463943481e-02
5.994518473744392395e-02
-6.838797125965356827e-03
-1.790416426956653595e-02
-5.020153243094682693e-03
-1.287848781794309616e-02
7.791900634765625000e-02
7.009497284889221191e-02
-1.402759831398725510e-02
1.551918499171733856e-02
7.216314319521188736e-03
-8.334029465913772583e-02
2.213223278522491455e-02
-4.143369942903518677e-02
-4.173332080245018005e-02
8.603101968765258789e-02
1.397575624287128448e-02
-5.406263843178749084e-02
1.604085601866245270e-02
-3.507724404335021973e-02
6.504604965448379517e-02
8.486094325780868530e-02
2.456536144018173218e-02
-3.697923570871353149e-02
4.845076706260442734e-03
2.564373239874839783e-02
4.068855196237564087e-02
7.836710661649703979e-03
-2.300488948822021484e-02
-4.949163272976875305e-02
4.171706363558769226e-02
5.919104442000389099e-03
-6.099333241581916809e-02
3.564712032675743103e-02
1.624856516718864441e-02
4.282497614622116089e-02
9.613433480262756348e-02
-8.813132299110293388e-04
-5.643747001886367798e-02
-7.280386984348297119e-02
-1.748625747859477997e-02
-3.486247733235359192e-02
1.930087804794311523e-03
-1.468896120786666870e-02
2.626980468630790710e-02
3.274261206388473511e-02
-3.060170635581016541e-02
-8.754417300224304199e-02
9.539096802473068237e-02
9.494707919657230377e-03
1.341017335653305054e-02
1.751696132123470306e-02
1.259517157450318336e-04
7.233352959156036377e-02
-5.289750918745994568e-02
-5.850398913025856018e-03
5.265150591731071472e-02
-8.286669850349426270e-03
1.946470141410827637e-02
-7.752940990030765533e-03
6.023231521248817444e-02
-3.268972411751747131e-02
-4.397694021463394165e-02
-1.482929196208715439e-02
-2.854678779840469360e-02
-3.852364420890808105e-02
2.493636915460228920e-03
8.620376139879226685e-02
-5.538166314363479614e-02
-1.176512148231267929e-02
-1.018932238221168518e-01
1.719106361269950867e-02
2.404165267944335938e-02
6.733468919992446899e-02
-3.237514197826385498e-02
-9.976286441087722778e-03
-1.179167255759239197e-02
9.775020927190780640e-02
2.529380656778812408e-02
-3.040821291506290436e-02
-2.285479940474033356e-02
8.069381862878799438e-02
6.343936175107955933e-02
7.104961667209863663e-03
6.081914901733398438e-02
1.992529630661010742e-02
1.710898824967443943e-03
3.132770955562591553e-02
-1.431510597467422485e-02
-1.272271573543548584e-01
1.357577275484800339e-02
-1.269303914159536362e-02
-4.646455124020576477e-02
8.291235566139221191e-02
-7.230923511087894440e-04
4.271616414189338684e-02
-9.482396417297422886e-04
-2.221026271581649780e-02
-7.599755376577377319e-02
4.737409949302673340e-02
9.668568521738052368e-02
1.777730882167816162e-02
3.788788616657257080e-02
1.526929117972031236e-04
-6.817875802516937256e-02
-8.756359107792377472e-03
-5.931680090725421906e-03
1.792526617646217346e-02
-4.377008602023124695e-02
-2.834859676659107208e-02
-3.657115995883941650e-02
-1.512416754849255085e-03
-9.071408957242965698e-02
-1.478221546858549118e-02
-7.021376490592956543e-02
1.222159191966056824e-01
3.354806918650865555e-03
7.117020338773727417e-02
3.034148924052715302e-02
1.209562062285840511e-03
-3.844057768583297729e-02
-4.502473399043083191e-02
-2.432063408195972443e-02
1.832083612680435181e-02
-8.138515800237655640e-02
-6.504204124212265015e-02
1.553744915872812271e-02
1.068472489714622498e-01
-3.919816762208938599e-02
6.064446060918271542e-04
2.062989212572574615e-02
6.820055842399597168e-02
-8.255043998360633850e-03
-6.436308473348617554e-02
8.281489461660385132e-02
-3.671219572424888611e-03
5.479138344526290894e-02
-7.708580046892166138e-02
7.101369090378284454e-03
-2.443797886371612549e-02
-5.276600643992424011e-02
1.098581925034523010e-01
1.202056556940078735e-02
-6.554000824689865112e-02
-2.073675021529197693e-02
-1.696195825934410095e-02
-2.042269706726074219e-02
1.780343241989612579e-02
-4.213827475905418396e-02
-2.515795081853866577e-02
-5.706467665731906891e-03
3.073514625430107117e-02
-3.309497609734535217e-02
8.483570814132690430e-02
-6.040499545633792877e-03
-4.850451648235321045e-02
1.686079613864421844e-02
-8.688843995332717896e-02
-5.424981936812400818e-02
-7.409190759062767029e-03
1.455022208392620087e-02
2.762360498309135437e-02
-7.290180772542953491e-02
3.630390018224716187e-02
2.257575280964374542e-02
1.131815314292907715e-01
1.133982762694358826e-01
-7.678429130464792252e-03
-2.881505899131298065e-02
1.042820885777473450e-02
1.327952463179826736e-02
8.930326253175735474e-02
5.772081017494201660e-02
-5.884419754147529602e-02
2.170362882316112518e-02
6.859692279249429703e-03
-3.790636733174324036e-02
-2.259036898612976074e-02
3.131955862045288086e-02
-3.250726312398910522e-02
-1.484488323330879211e-02
3.815593570470809937e-02
2.818816341459751129e-02
-2.621480636298656464e-02
7.487410306930541992e-02
2.607752569019794464e-02
4.705890640616416931e-02
8.462752448394894600e-04
-8.094120770692825317e-03
-1.944755017757415771e-02
6.173568218946456909e-02
-7.250712066888809204e-02
7.543565332889556885e-02
-3.256240487098693848e-02
6.822747644037008286e-03
-1.877292245626449585e-02
-1.003039255738258362e-01
4.475178197026252747e-02
3.392206877470016479e-02
7.815902121365070343e-03
-1.219882536679506302e-02
-3.015274414792656898e-03
-5.668335407972335815e-02
4.723401740193367004e-02
7.380641996860504150e-02
-3.076531179249286652e-02
-2.325592376291751862e-02
-1.042858734726905823e-01
-2.004035923164337873e-04
-1.331676449626684189e-02
2.186522446572780609e-02
-9.326736442744731903e-03
-3.660012036561965942e-02
4.944318160414695740e-02
-7.792023569345474243e-02
-9.902743995189666748e-02
-6.674151867628097534e-02
4.909715801477432251e-02
-7.506352663040161133e-02
9.110945975407958031e-04
2.422127313911914825e-02
-8.776074391789734364e-04
-1.842398010194301605e-02
-8.155359886586666107e-03
5.994695052504539490e-02
-1.044083982706069946e-01
7.775393873453140259e-02
6.506680697202682495e-02
1.478071417659521103e-02
-6.688166409730911255e-03
1.082734297960996628e-02
-3.250078484416007996e-02
-4.375677928328514099e-02
-1.812855154275894165e-02
2.582517452538013458e-02
-5.606787651777267456e-02
3.504099324345588684e-02
-7.358694076538085938e-02
1.233130842447280884e-01
3.585993871092796326e-02
-6.132896244525909424e-02
1.701424643397331238e-02
-2.305189892649650574e-02
6.602866202592849731e-02
-5.170878395438194275e-02
-6.779136508703231812e-02
-4.595222324132919312e-02
-1.634521526284515858e-03
1.829153006838168949e-05
-8.083543181419372559e-02
9.949325025081634521e-02
-1.186956837773323059e-02
-4.526670556515455246e-03
-1.248858124017715454e-02
6.591545045375823975e-02
2.876085927709937096e-03
4.086867347359657288e-02
-1.761797815561294556e-02
2.783842384815216064e-02
-7.369973510503768921e-02
-3.472295589745044708e-03
-2.341949380934238434e-02
6.171248108148574829e-02
1.078930404037237167e-02
-6.193989887833595276e-02
-2.877635136246681213e-02
1.525556482374668121e-02
-5.774722248315811157e-02
5.169314797967672348e-03
4.967650771141052246e-02
-3.044406324625015259e-02
-8.184520155191421509e-02
1.209009159356355667e-02
3.418715903535485268e-03
-4.316393751651048660e-03
4.129879921674728394e-02
7.968185842037200928e-02
1.432906463742256165e-02
-7.711064815521240234e-02
-9.309466928243637085e-02
-6.692699342966079712e-02
7.791183888912200928e-02
1.087553650140762329e-01
-1.040532160550355911e-02
-1.655960828065872192e-02
1.715798676013946533e-02
-1.019746661186218262e-01
-6.909884512424468994e-02
2.455747500061988831e-02
-2.815715409815311432e-02
5.186992511153221130e-02
-5.334590747952461243e-02
-5.375982448458671570e-02
-5.072370171546936035e-02
1.014569867402315140e-02
3.774863854050636292e-02
1.552059501409530640e-02
4.151928424835205078e-02
-6.469820439815521240e-02
4.348032921552658081e-02
-5.389961227774620056e-02
9.839934296905994415e-03
3.741658851504325867e-02
-5.170748382806777954e-02
-2.388490363955497742e-02
-6.271375715732574463e-02
1.878191530704498291e-02
-1.676217652857303619e-02
-1.487859617918729782e-02
-4.119963850826025009e-03
8.043512701988220215e-02
-2.547870017588138580e-02
-2.041226252913475037e-02
-2.889842353761196136e-02
3.855223953723907471e-02
-6.098168343305587769e-02
-2.227029949426651001e-02
5.535114556550979614e-02
6.401178985834121704e-02
-3.556240350008010864e-02
1.346617471426725388e-02
4.213213920593261719e-03
-9.617227315902709961e-02
2.197206951677799225e-02
-3.585238009691238403e-02
4.192108171992003918e-04
5.392272025346755981e-02
-5.525751784443855286e-02
-4.666307941079139709e-02
-8.715499937534332275e-02
-6.557696312665939331e-02
2.215359732508659363e-02
6.808101385831832886e-02
-4.206198826432228088e-02
-7.850085385143756866e-03
-5.451406911015510559e-02
-5.421258881688117981e-02
-1.179094687104225159e-01
-1.566589027643203735e-01
-1.346044149249792099e-02
4.090251773595809937e-02
2.222255803644657135e-02
-4.982892796397209167e-02
6.853388156741857529e-03
2.367994748055934906e-02
1.561730541288852692e-02
-8.462329208850860596e-02
-2.142938226461410522e-02
-5.658629536628723145e-02
5.001452937722206116e-02
-1.252032965421676636e-01
6.848119944334030151e-02
2.837821841239929199e-03
-3.123175585642457008e-03
2.490000426769256592e-02
2.726101875305175781e-02
3.541257977485656738e-02
6.251231580972671509e-02
-1.397735718637704849e-02
1.584024168550968170e-02
-7.620131224393844604e-02
2.895275503396987915e-02
1.278912182897329330e-02
2.153319492936134338e-02
1.446650829166173935e-02
-1.810984499752521515e-02
5.795199424028396606e-02
2.774644456803798676e-02
-1.161414291709661484e-02
-1.190739870071411133e-02
1.116312816739082336e-01
-2.452592924237251282e-02
-5.573923885822296143e-02
5.501263588666915894e-02
6.036214996129274368e-03
-4.622778296470642090e-02
-3.893561195582151413e-03
-9.743313491344451904e-02
5.128642544150352478e-02
-5.600281059741973877e-02
-3.489081189036369324e-02
-3.508204594254493713e-02
-3.781503438949584961e-02
-3.910846263170242310e-02
-3.010621294379234314e-02
7.949067279696464539e-03
6.136162951588630676e-02
-6.251305341720581055e-02
-5.294647067785263062e-02
3.376012295484542847e-02
2.327003888785839081e-02
-9.803611040115356445e-02
-4.225520417094230652e-02
1.097401976585388184e-02
-7.574532926082611084e-02
-3.611353039741516113e-02
5.474298447370529175e-02
2.264283783733844757e-02
2.499170042574405670e-02
2.780559286475181580e-02
-3.787884116172790527e-02
1.049779281020164490e-01
1.025556921958923340e-01
-7.215691357851028442e-02
-5.188311263918876648e-02
9.781249798834323883e-03
7.428244501352310181e-02
-2.694160677492618561e-02
2.413726225495338440e-02
-4.550750553607940674e-02
7.190255820751190186e-02
-5.776383727788925171e-02
6.432554870843887329e-02
5.370355769991874695e-02
3.519140649586915970e-03
-7.549382280558347702e-03
3.282959014177322388e-02
-9.543603658676147461e-02
4.160616546869277954e-03
-1.757010631263256073e-02
4.789905995130538940e-02
3.485675528645515442e-02
4.625461623072624207e-02
2.124823164194822311e-03
2.117208577692508698e-02
-1.108560338616371155e-02
8.308617025613784790e-02
1.922721788287162781e-02
-1.777060143649578094e-02
6.659111380577087402e-02
7.857500016689300537e-02
3.630355745553970337e-02
1.039561070501804352e-02
-7.986744493246078491e-02
-4.269916564226150513e-02
-6.431610882282257080e-02
-7.066339254379272461e-02
-4.873418807983398438e-02
-1.265702545642852783e-01
6.014156341552734375e-02
5.066714808344841003e-02
2.893328294157981873e-02
-3.580100834369659424e-02
-7.631804794073104858e-02
1.991024985909461975e-02
-1.600553654134273529e-02
-3.892175108194351196e-02
8.209048211574554443e-02
-5.122500006109476089e-03
-7.855952531099319458e-02
-9.249404817819595337e-02
-1.693878322839736938e-02
1.692185737192630768e-02
1.881425641477108002e-02
5.111760273575782776e-02
8.579308167099952698e-03
-3.795375302433967590e-02
6.441237777471542358e-02
-7.657231390476226807e-02
7.854138500988483429e-03
-8.941970765590667725e-02
3.140009194612503052e-02
1.016131564974784851e-01
-3.010620363056659698e-02
-5.423499736934900284e-03
-2.395418658852577209e-02
1.406951714307069778e-02
7.140018045902252197e-02
4.750410839915275574e-02
9.654064662754535675e-03
-1.698060706257820129e-02
-7.554633915424346924e-02
1.967185549437999725e-02
-1.542089134454727173e-02
-4.901598021388053894e-02
2.114946022629737854e-02
-5.015289038419723511e-02
-1.515226159244775772e-02
1.000374555587768555e-03
-1.934796012938022614e-02
-1.065642479807138443e-02
-8.069238625466823578e-03
-4.300644155591726303e-03
-2.761771343648433685e-02
-9.063404053449630737e-03
-2.433020435273647308e-02
4.994163755327463150e-03
-2.553540980443358421e-04
-2.452283725142478943e-02
-2.220216207206249237e-02
-1.169186010956764221e-01
-1.154848490841686726e-03
-6.823298335075378418e-02
-3.862204030156135559e-02
2.027099952101707458e-03
-1.508306115865707397e-01
5.516260862350463867e-03
-2.919287979602813721e-02
5.968516319990158081e-02
-1.472314447164535522e-02
-1.328042149543762207e-02
1.288133263587951660e-01
1.678818720392882824e-03
9.962322562932968140e-02
-6.791463494300842285e-02
2.285720407962799072e-02
9.620708227157592773e-02
2.384462580084800720e-02
-6.707974523305892944e-02
-7.290746271610260010e-02
4.102038685232400894e-03
-2.029022946953773499e-02
-4.055587947368621826e-02
-1.498264633119106293e-02
6.680334359407424927e-02
9.549330919981002808e-03
5.330160260200500488e-02
6.167407333850860596e-02
-6.023584678769111633e-02
1.618299260735511780e-02
5.259253829717636108e-02
-5.615474656224250793e-02
5.428296700119972229e-02
-1.137222349643707275e-01
-7.468614727258682251e-02
-2.576026692986488342e-02
1.801590248942375183e-02
-2.390858158469200134e-02
1.661656051874160767e-02
1.093162894248962402e-01
3.266450483351945877e-03
-4.648528620600700378e-02
-6.083874404430389404e-02
-1.047081220895051956e-02
9.136568754911422729e-03
-2.286267653107643127e-02
-1.641739532351493835e-02
-1.428809016942977905e-02
1.956386305391788483e-02
-1.628758572041988373e-02
1.046189367771148682e-01
9.945007041096687317e-03
-1.824581995606422424e-02
2.671534940600395203e-02
-8.378027938306331635e-03
-1.496633607894182205e-02
-1.025319937616586685e-02
-2.941536530852317810e-02
3.232287615537643433e-02
2.508567087352275848e-02
-3.317227587103843689e-02
3.071882016956806183e-02
7.638160139322280884e-02
-1.246689185500144958e-01
-3.857337683439254761e-02
7.343205809593200684e-02
4.805676639080047607e-02
3.644505515694618225e-02
5.494787544012069702e-02
-9.462179988622665405e-02
1.544143073260784149e-03
5.530617386102676392e-02
6.010996177792549133e-02
-6.311247497797012329e-02
8.254642039537429810e-02
8.122534304857254028e-02
-5.052262172102928162e-02
-3.090878948569297791e-02
4.990326240658760071e-02
-4.961609095335006714e-02
-2.415034547448158264e-02
7.969963550567626953e-02
5.351006984710693359e-03
-4.970162361860275269e-02
4.789444804191589355e-02
3.698484227061271667e-02
5.616629961878061295e-03
-4.150045290589332581e-02
9.822902083396911621e-02
9.764177375473082066e-04
8.954302221536636353e-02
4.875949397683143616e-02
3.721300885081291199e-02
-3.312569344416260719e-03
8.455284684896469116e-02
-4.029678180813789368e-02
-1.268106552743120119e-05
-3.525504097342491150e-02
3.180756000801920891e-03
4.087892547249794006e-02
9.200515598058700562e-02
3.962605446577072144e-02
-8.889859169721603394e-02
-1.578311249613761902e-02
1.168911308050155640e-01
-5.618375912308692932e-02
-4.589781165122985840e-02
-2.052768692374229431e-02
3.304995223879814148e-02
3.312630951404571533e-02
-5.034516006708145142e-02
-4.145855456590652466e-02
-9.339503943920135498e-02
1.812517829239368439e-02
1.256294175982475281e-02
7.474474608898162842e-02
-5.886680912226438522e-03
8.409829437732696533e-02
3.084844909608364105e-02
8.358334191143512726e-03
-3.858311846852302551e-02
-1.090802252292633057e-02
-4.473052546381950378e-02
3.930081054568290710e-02
1.224954961799085140e-03
2.113091573119163513e-02
-8.264037966728210449e-02
-8.557052351534366608e-03
-5.803832784295082092e-03
-3.960325941443443298e-02
1.792906410992145538e-02
-4.187121242284774780e-02
-3.959801688324660063e-04
-6.789074093103408813e-02
-2.881055511534214020e-02
2.813972998410463333e-03
5.631359759718179703e-03
-9.119803085923194885e-03
6.986615806818008423e-02
8.686114847660064697e-02
7.323196157813072205e-03
-1.368842553347349167e-02
5.251304432749748230e-02
7.004900276660919189e-02
-4.323118180036544800e-02
-6.164682656526565552e-02
-4.592281952500343323e-02
-3.611693903803825378e-02
1.880233362317085266e-02
-5.391097813844680786e-02
7.418059743940830231e-03
-9.599518030881881714e-03
1.312808785587549210e-02
8.075260370969772339e-02
-1.483037229627370834e-02
2.699950709939002991e-02
2.823895309120416641e-03
1.010549664497375488e-01
5.008320510387420654e-02
1.081420257687568665e-01
7.366310060024261475e-02
3.761240513995289803e-03
-7.610163092613220215e-02
7.786526344716548920e-03
1.984363794326782227e-02
-6.447876244783401489e-02
9.652151167392730713e-02
8.144841343164443970e-02
1.147842849604785442e-03
-2.186172269284725189e-02
-1.592790335416793823e-02
-3.933792933821678162e-02
1.682841219007968903e-03
-7.608107353007653728e-06
-7.744081784039735794e-03
7.119384827092289925e-04
1.068576425313949585e-02
1.685936190187931061e-02
4.217480868101119995e-02
6.425707042217254639e-02
7.711166143417358398e-02
-8.802179247140884399e-02
-1.978157460689544678e-02
-1.310108229517936707e-02
3.492763265967369080e-02
-1.497285254299640656e-02
-7.102972269058227539e-02
3.510912135243415833e-02
1.274160388857126236e-02
-1.143916603177785873e-02
-5.501407012343406677e-02
7.751511037349700928e-02
-2.013306878507137299e-02
8.215297758579254150e-02
4.988980479538440704e-03
-5.165860801935195923e-02
5.373444035649299622e-02
-4.641152173280715942e-02
1.294502802193164825e-02
2.489764988422393799e-02
-1.251229643821716309e-02
1.614028587937355042e-02
1.245286092162132263e-01
-2.542686183005571365e-03
6.637016683816909790e-02
-2.272539713885635138e-04
1.039554923772811890e-01
4.506015777587890625e-02
-3.483061119914054871e-02
3.374310582876205444e-02
-3.223427757620811462e-02
-1.263162046670913696e-01
2.823708206415176392e-02
7.040663808584213257e-02
-4.065983742475509644e-02
-8.341335691511631012e-03
-2.287655137479305267e-02
-5.911215022206306458e-02
3.324211761355400085e-02
3.976128250360488892e-02
2.020538225769996643e-02
2.684290334582328796e-02
2.407395467162132263e-02
1.608457975089550018e-02
-3.401670977473258972e-02
-7.101936638355255127e-02
-1.782933063805103302e-02
-4.426162689924240112e-02
5.951896682381629944e-02
7.899562828242778778e-03
-2.221079776063561440e-03
1.298388093709945679e-02
5.572103336453437805e-02
-8.459261804819107056e-02
-6.270948797464370728e-02
-7.355865091085433960e-02
-1.675837114453315735e-02
-5.917575210332870483e-02
-1.298988424241542816e-02
-8.987619727849960327e-02
2.503851801156997681e-02
8.279848098754882812e-02
2.343202009797096252e-02
-1.011329330503940582e-02
-5.856313556432723999e-02
2.515124902129173279e-02
-2.363403560593724251e-03
1.028111577033996582e-01
-7.834289968013763428e-02
5.988136306405067444e-02
-5.169299617409706116e-02
-6.546118110418319702e-02
-2.004380337893962860e-02
5.191244557499885559e-02
-2.016930468380451202e-02
3.523665294051170349e-02
-8.401878178119659424e-03
-2.779456228017807007e-02
1.373873837292194366e-02
-3.753426671028137207e-02
-1.435098610818386078e-02
-6.671260297298431396e-02
5.964321270585060120e-02
-5.323885008692741394e-02
5.355010181665420532e-02
-4.096089303493499756e-02
-3.239462897181510925e-02
2.843893133103847504e-02
-5.298820510506629944e-02
-1.898870617151260376e-02
-6.129851192235946655e-02
-1.195155978202819824e-01
-2.235851623117923737e-02
7.165099959820508957e-03
5.228774994611740112e-02
3.428957657888531685e-03
6.112516671419143677e-02
-8.332794904708862305e-02
3.286511451005935669e-02
5.941423121839761734e-03
1.179416850209236145e-02
1.097478158771991730e-02
-5.113123729825019836e-02
-3.463204577565193176e-02
-6.886710226535797119e-02
-5.874380469322204590e-02
-4.665429145097732544e-02
9.217123687267303467e-02
1.885280199348926544e-02
1.057908684015274048e-02
-3.518350794911384583e-02
-4.653122276067733765e-02
1.197062525898218155e-02
1.627773977816104889e-02
-4.227042943239212036e-02
-7.442350685596466064e-02
4.338769242167472839e-02
-5.375979933887720108e-03
7.251537870615720749e-03
-1.170486491173505783e-02
1.010166574269533157e-02
-1.465680170804262161e-02
1.062567085027694702e-01
8.763209730386734009e-02
-6.013921275734901428e-02
6.660460680723190308e-02
-6.057918071746826172e-02
7.104221731424331665e-03
4.545719921588897705e-02
1.691142679192125797e-03
1.341360621154308319e-02
2.437092550098896027e-02
-6.862503290176391602e-02
-7.123491168022155762e-02
-4.788918793201446533e-02
-2.907585585489869118e-03
-4.597065970301628113e-03
2.687386423349380493e-02
1.238009892404079437e-02
1.268636714667081833e-02
-1.042400766164064407e-02
-4.523982852697372437e-02
-1.667305268347263336e-02
-2.274294942617416382e-02
4.416188970208168030e-02
4.020668938755989075e-02
-4.508706927299499512e-02
2.300306456163525581e-03
-5.500202625989913940e-02
-5.996690131723880768e-03
2.387985400855541229e-02
-4.601469635963439941e-02
3.451915085315704346e-02
-7.222080975770950317e-02
2.393394708633422852e-02
-9.156459569931030273e-02
-7.345201075077056885e-02
6.683503836393356323e-02
-2.190763130784034729e-02
3.695492073893547058e-02
-1.384798437356948853e-02
-5.000304430723190308e-02
9.339345991611480713e-02
-1.407963633537292480e-01
8.136047422885894775e-02
-3.923969715833663940e-02
-3.612473979592323303e-02
6.514059007167816162e-02
4.672120139002799988e-02
-5.312871932983398438e-02
-1.211320087313652039e-01
8.625883609056472778e-02
-4.588390141725540161e-02
-6.418010592460632324e-02
-1.270521879196166992e-01
8.697035163640975952e-02
3.576062619686126709e-02
8.125044405460357666e-02
-3.712897747755050659e-02
-2.959175035357475281e-02
7.699810713529586792e-02
-3.378086909651756287e-02
3.113192692399024963e-02
-7.184351980686187744e-02
-1.884099096059799194e-02
4.266282916069030762e-02
1.318308245390653610e-02
9.365840256214141846e-02
6.274608429521322250e-03
5.019617825746536255e-02
5.583472549915313721e-02
5.571226775646209717e-02
1.103453710675239563e-02
3.456062451004981995e-02
6.703066825866699219e-02
2.546149492263793945e-02
4.730295017361640930e-02
-3.334725974127650261e-03
-5.491990596055984497e-02
4.773957282304763794e-02
2.535252086818218231e-02
-3.460470214486122131e-02
-3.242987766861915588e-02
4.696045536547899246e-03
-4.056157544255256653e-02
3.209139779210090637e-02
-3.810118511319160461e-02
1.722122170031070709e-02
-2.237975038588047028e-02
4.445077478885650635e-02
1.273740381002426147e-01
-9.389273822307586670e-03
-2.808323688805103302e-02
-3.097216226160526276e-02
6.007904186844825745e-02
-3.116851486265659332e-02
-1.677635498344898224e-02
2.779167518019676208e-02
1.477531716227531433e-02
7.272637635469436646e-02
3.443622589111328125e-02
-3.204198926687240601e-02
5.467449873685836792e-02
6.028474122285842896e-02
1.488621067255735397e-02
-4.072106629610061646e-02
-1.975312270224094391e-02
-6.271265447139739990e-02
-6.460660137236118317e-03
3.377453889697790146e-03
5.931841582059860229e-02
1.350625511258840561e-02
6.253429502248764038e-02
2.801556885242462158e-02
6.105371937155723572e-02
4.758330807089805603e-02
-4.211191833019256592e-02
-6.978743523359298706e-02
-3.800804913043975830e-02
-2.474214881658554077e-02
-1.195793226361274719e-02
-3.142463043332099915e-02
-1.205611228942871094e-02
-3.559900075197219849e-02
-5.816187337040901184e-02
-8.641754090785980225e-02
-2.684966661036014557e-02
-1.246917806565761566e-02
4.590440541505813599e-02
2.552503719925880432e-02
1.322522293776273727e-02
2.575521543622016907e-02
4.224637150764465332e-02
-2.318938449025154114e-02
2.731441333889961243e-02
-3.480101749300956726e-02
-3.629167377948760986e-02
-4.313380923122167587e-03
6.907790899276733398e-02
-3.714632242918014526e-02
1.046112254261970520e-01
-5.444660782814025879e-02
2.392848394811153412e-02
3.435738757252693176e-02
6.029009073972702026e-02
-3.812996670603752136e-02
1.992439851164817810e-02
1.655025221407413483e-02
4.860294517129659653e-03
-1.991814933717250824e-02
-6.903866678476333618e-02
6.073901802301406860e-02
-4.342142865061759949e-02
7.916710525751113892e-02
6.058542057871818542e-02
-8.638513833284378052e-02
-1.181828603148460388e-01
-5.110185965895652771e-02
-5.586618557572364807e-02
-8.260194212198257446e-02
-2.274921163916587830e-02
-3.994979336857795715e-02
6.150359287858009338e-02
-8.766412734985351562e-02
1.231363974511623383e-02
1.301256660372018814e-02
-5.174919590353965759e-02
4.385752230882644653e-02
3.647308796644210815e-02
-4.659568425267934799e-03
1.937787048518657684e-03
-5.395695567131042480e-02
-1.138504501432180405e-02
-7.322269678115844727e-02
6.013187579810619354e-03
-1.631367579102516174e-02
6.685863435268402100e-02
5.369326099753379822e-02
5.621902644634246826e-02
-6.609749048948287964e-02
-7.631740998476743698e-03
5.481407791376113892e-02
7.224085181951522827e-02
4.631179198622703552e-02
6.198826432228088379e-02
6.743254605680704117e-03
-7.075745612382888794e-02
-8.006616681814193726e-02
7.889905944466590881e-03
-6.257949769496917725e-02
-8.120499551296234131e-02
2.148000895977020264e-02
-4.206062853336334229e-02
3.711781650781631470e-02
1.661375863477587700e-03
3.101901710033416748e-02
-1.012370688840746880e-03
-3.821303695440292358e-02
8.201704919338226318e-02
-1.910471729934215546e-02
1.113935410976409912e-01
6.274696439504623413e-02
-3.276715800166130066e-02
