-1.321526616811752319e-02
1.492920145392417908e-02
-4.943864420056343079e-03
4.934765398502349854e-02
6.715442240238189697e-02
3.498052246868610382e-04
-3.685095161199569702e-02
-2.594575472176074982e-02
-7.819843292236328125e-02
-4.097375646233558655e-02
-8.102986961603164673e-02
9.685924276709556580e-03
-5.868583917617797852e-02
8.059670217335224152e-03
-6.447624415159225464e-02
4.430107027292251587e-02
-5.756908655166625977e-02
-1.287620700895786285e-02
2.957021817564964294e-02
7.039619982242584229e-02
5.672493204474449158e-02
-1.305677369236946106e-02
-6.991413980722427368e-02
8.833577856421470642e-03
9.053401648998260498e-03
7.281247526407241821e-04
2.779029123485088348e-02
3.438807278871536255e-02
1.807675883173942566e-02
-5.211098864674568176e-02
-1.681063324213027954e-02
6.553941220045089722e-02
-5.211824178695678711e-02
2.944126166403293610e-02
-2.261256612837314606e-02
-8.964191377162933350e-02
-1.403469964861869812e-02
-6.981296837329864502e-02
5.133025348186492920e-03
1.002071425318717957e-03
1.094286516308784485e-01
-2.658739686012268066e-03
-4.773802310228347778e-02
-6.209755688905715942e-02
1.664699055254459381e-02
4.751788824796676636e-02
1.341567933559417725e-02
-8.919727802276611328e-02
-3.733668476343154907e-03
2.890853397548198700e-02
4.090941697359085083e-02
7.739466615021228790e-03
-2.185411751270294189e-03
-4.059940576553344727e-02
5.432088673114776611e-02
-3.829858452081680298e-02
-5.330523848533630371e-02
-6.649354472756385803e-03
-5.882128328084945679e-02
1.088860537856817245e-02
6.377736479043960571e-02
-2.978521957993507385e-02
-4.946995899081230164e-02
7.339574396610260010e-03
-1.402157545089721680e-02
-5.502351373434066772e-02
6.187105178833007812e-02
6.782883405685424805e-02
5.817567557096481323e-02
5.285648256540298462e-02
1.666821911931037903e-02
-1.140630058944225311e-02
5.152039974927902222e-02
-1.273190136998891830e-02
9.160699322819709778e-03
1.629009656608104706e-02
-3.866622596979141235e-02
2.786435931921005249e-02
-5.335475504398345947e-02
-1.857384853065013885e-02
7.203366607427597046e-03
5.162238329648971558e-02
-1.445449795573949814e-02
7.889749109745025635e-02
8.429226279258728027e-02
6.698278710246086121e-03
-8.408229798078536987e-03
7.702708989381790161e-02
-4.049066081643104553e-02
8.980184793472290039e-04
-8.401639759540557861e-03
5.395037680864334106e-02
4.936990141868591309e-02
-4.777762666344642639e-02
1.059494167566299438e-01
-3.271922469139099121e-02
-1.264250651001930237e-02
8.470316976308822632e-02
-4.190073907375335693e-02
9.508848190307617188e-03
-8.812409825623035431e-03
4.029093310236930847e-03
-9.268840774893760681e-03
1.950604841113090515e-03
1.746634580194950104e-02
7.510365545749664307e-02
-7.192763686180114746e-02
4.176186397671699524e-03
-2.108929120004177094e-02
9.092353284358978271e-03
-4.583896137773990631e-03
-9.319297969341278076e-03
1.376377940177917480e-01
1.325506716966629028e-03
1.365248113870620728e-02
-5.864082276821136475e-02
4.805478826165199280e-02
3.255109302699565887e-03
-6.603655219078063965e-02
-2.105084620416164398e-02
-1.399243623018264771e-02
-2.607237547636032104e-02
2.427514269948005676e-02
9.291697293519973755e-03
1.484898198395967484e-02
3.530905023217201233e-02
4.693837836384773254e-02
-6.442405283451080322e-02
5.104994866997003555e-03
1.633707433938980103e-02
-1.555091887712478638e-02
-5.878981202840805054e-02
4.956458508968353271e-02
2.670842967927455902e-02
-6.115368753671646118e-02
1.270072162151336670e-02
-3.681518137454986572e-02
-1.018517091870307922e-02
4.306701943278312683e-02
-2.351420931518077850e-03
-4.240939393639564514e-02
-1.337990164756774902e-02
-5.739964917302131653e-02
-5.412662401795387268e-03
-6.280403584241867065e-02
3.392662480473518372e-02
-4.933610185980796814e-02
7.107312232255935669e-02
1.801104098558425903e-02
6.873594224452972412e-02
4.399143904447555542e-02
1.148162782192230225e-02
2.930408343672752380e-02
1.111979968845844269e-02
-2.314263768494129181e-02
2.496851794421672821e-02
3.840643912553787231e-02
2.317990362644195557e-02
1.149449963122606277e-02
9.213346987962722778e-03
-2.605715394020080566e-02
3.824613615870475769e-02
4.279466718435287476e-02
1.226063445210456848e-02
4.678227007389068604e-02
-5.431506782770156860e-02
2.542746253311634064e-03
7.118113338947296143e-02
-3.171242028474807739e-02
-3.739791363477706909e-02
-7.308109104633331299e-02
4.809146001935005188e-02
-4.513303562998771667e-02
1.590230688452720642e-02
-2.865949273109436035e-02
-3.812082484364509583e-02
-2.530808933079242706e-02
4.703705012798309326e-02
1.037332415580749512e-02
2.816390804946422577e-02
1.706278882920742035e-02
-6.401836872100830078e-02
-6.365146487951278687e-03
9.664306417107582092e-04
-7.296989858150482178e-02
-2.888029813766479492e-02
5.030461400747299194e-02
5.172485858201980591e-02
3.342371061444282532e-02
-1.125824265182018280e-02
7.052469998598098755e-02
-2.857721410691738129e-02
-4.563371650874614716e-03
-4.053036123514175415e-02
-2.626876533031463623e-02
5.886550992727279663e-02
-2.369083464145660400e-02
-1.848708465695381165e-02
-1.742714270949363708e-02
2.880984917283058167e-02
4.329689592123031616e-02
-2.374302037060260773e-02
2.825521305203437805e-02
-6.838104128837585449e-02
7.788750529289245605e-02
2.275420725345611572e-02
-5.612669512629508972e-02
-3.566411510109901428e-02
3.698570281267166138e-02
-5.361516028642654419e-03
6.236117798835039139e-03
-1.517878286540508270e-02
-1.058235857635736465e-02
7.616533339023590088e-02
4.832439497113227844e-02
-7.938726246356964111e-02
-1.289154589176177979e-02
-1.444423198699951172e-02
-6.823547184467315674e-03
-1.351496949791908264e-02
-1.591203734278678894e-03
6.304973363876342773e-02
-4.409401863813400269e-02
-2.279242500662803650e-02
2.152086235582828522e-03
9.369440376758575439e-02
-1.609842851758003235e-02
4.966071248054504395e-02
-3.132559359073638916e-03
4.095022566616535187e-03
7.212375104427337646e-02
-7.627251744270324707e-02
9.969399124383926392e-02
-6.942861527204513550e-02
-3.587066009640693665e-02
-8.425256609916687012e-02
1.982025243341922760e-02
-5.411418154835700989e-03
-1.674912869930267334e-02
-1.025468204170465469e-02
-1.795667223632335663e-03
-6.803125143051147461e-02
2.560295723378658295e-02
-1.182494685053825378e-03
-2.316123992204666138e-02
-1.626416668295860291e-02
-3.517731279134750366e-02
6.843878328800201416e-02
5.979880690574645996e-03
1.118017919361591339e-02
-5.869191884994506836e-02
-3.766831010580062866e-02
5.040463060140609741e-03
-3.188769519329071045e-02
-2.185526862740516663e-02
-9.839814156293869019e-03
-6.158664822578430176e-03
-1.352291926741600037e-02
-8.499076589941978455e-03
1.415249612182378769e-02
-4.527687653899192810e-02
1.597201265394687653e-02
5.480070039629936218e-02
-2.845868654549121857e-02
-7.514153420925140381e-02
-2.425860613584518433e-02
-7.984837517142295837e-03
3.308413177728652954e-02
-5.221732892096042633e-03
2.079634740948677063e-02
-6.202609837055206299e-02
5.675113759934902191e-03
1.805773749947547913e-02
3.869435191154479980e-02
3.470590710639953613e-02
2.355490624904632568e-02
4.541810229420661926e-02
1.651582121849060059e-02
-5.817447602748870850e-02
4.873562231659889221e-02
5.216430872678756714e-02
2.093861624598503113e-02
2.403537184000015259e-02
1.873937249183654785e-02
-3.202588111162185669e-02
4.186721891164779663e-02
-2.764815092086791992e-02
2.632857300341129303e-02
-5.058474838733673096e-03
3.497748449444770813e-02
-2.948238700628280640e-02
9.177036583423614502e-03
-4.763133451342582703e-02
-5.851421505212783813e-02
-3.516511246562004089e-02
4.666750878095626831e-02
5.736102163791656494e-02
-5.932874605059623718e-02
5.361038446426391602e-02
-2.703567221760749817e-02
-4.343390837311744690e-02
-7.575452327728271484e-02
3.826586157083511353e-02
1.399125903844833374e-04
1.200071722269058228e-02
-5.296131223440170288e-02
1.627225894480943680e-03
-1.009584870189428329e-02
-1.697216928005218506e-02
2.935900166630744934e-02
4.531502723693847656e-02
-9.190965443849563599e-03
-1.013817638158798218e-02
2.118704281747341156e-02
-1.119641214609146118e-02
-3.459696099162101746e-02
-2.492816373705863953e-02
-5.392797291278839111e-02
5.216475203633308411e-02
2.152749337255954742e-02
-4.267919808626174927e-02
-6.795659661293029785e-03
1.414524950087070465e-02
6.206676736474037170e-02
6.660113483667373657e-02
2.094757184386253357e-02
3.776361793279647827e-02
-4.061451181769371033e-02
1.214137300848960876e-01
-5.018230527639389038e-02
9.699068963527679443e-02
1.222981140017509460e-03
-2.566655352711677551e-02
3.435401618480682373e-02
6.278784573078155518e-02
5.327580496668815613e-03
-5.211186036467552185e-02
4.996009916067123413e-02
-6.748378276824951172e-02
7.211789488792419434e-02
-7.936418056488037109e-03
7.539375219494104385e-03
-1.603234931826591492e-02
2.818865701556205750e-03
-5.517857149243354797e-02
-4.104645922780036926e-02
-8.201404474675655365e-03
-4.118213802576065063e-02
2.257737144827842712e-02
8.140133693814277649e-03
-1.610002852976322174e-02
3.995897248387336731e-03
1.237976923584938049e-02
1.138374907895922661e-03
5.228068213909864426e-03
5.609036982059478760e-02
-1.360866893082857132e-02
-6.358989514410495758e-03
-4.669795930385589600e-02
2.940292283892631531e-02
7.071924209594726562e-02
3.885983675718307495e-02
8.111089468002319336e-02
2.508610486984252930e-02
1.418887823820114136e-02
-1.131986826658248901e-01
-7.060331106185913086e-02
-3.603773564100265503e-02
-5.835182219743728638e-02
-1.892144605517387390e-02
3.152202814817428589e-02
4.191877692937850952e-02
1.070429384708404541e-02
3.737037628889083862e-02
-3.334247693419456482e-02
-2.796096354722976685e-02
-7.818701118230819702e-02
4.280082881450653076e-02
4.895633552223443985e-03
1.420128159224987030e-03
-1.835843548178672791e-02
-2.490145899355411530e-02
-6.223816424608230591e-02
-4.190859943628311157e-02
9.996527805924415588e-03
4.411504790186882019e-02
1.333409920334815979e-02
-4.735021851956844330e-03
-1.133789494633674622e-02
-3.312717378139495850e-02
3.884927928447723389e-02
-2.981028333306312561e-02
-2.367580682039260864e-02
9.356831014156341553e-02
2.805337496101856232e-02
-5.887351930141448975e-02
8.816141635179519653e-03
-8.163682371377944946e-02
1.185497082769870758e-02
-6.482659839093685150e-03
5.394009873270988464e-02
-2.430931478738784790e-02
1.678916811943054199e-02
-6.840367335826158524e-03
1.676140353083610535e-02
9.085901081562042236e-02
-6.518797576427459717e-02
5.716196075081825256e-02
-3.414051607251167297e-02
7.842071354389190674e-03
1.287317648530006409e-02
7.812964171171188354e-02
-4.566286131739616394e-02
-6.643704138696193695e-03
-7.170748710632324219e-02
3.240782022476196289e-02
-5.987165961414575577e-03
-4.439655691385269165e-02
3.504724800586700439e-02
-2.312956377863883972e-03
8.233373612165451050e-02
-1.104099899530410767e-01
-7.755547761917114258e-02
4.256180301308631897e-02
-8.806716650724411011e-03
-7.912980020046234131e-02
-1.926828548312187195e-02
-6.103876978158950806e-02
-2.326897718012332916e-02
-4.753827676177024841e-02
-1.714481785893440247e-02
3.516964614391326904e-02
-3.692933171987533569e-02
6.568598560988903046e-03
4.682922270148992538e-03
-1.113177835941314697e-02
-4.783455748111009598e-03
-6.020735949277877808e-02
-2.577854506671428680e-02
-1.239904388785362244e-02
-9.069507941603660583e-04
9.000882506370544434e-03
-4.516157507896423340e-02
5.541161820292472839e-02
-1.414745859801769257e-02
6.221415102481842041e-02
-2.562899142503738403e-02
7.852977514266967773e-02
2.425774931907653809e-02
-6.635320186614990234e-02
-2.046592161059379578e-02
-5.859676003456115723e-02
-2.727142907679080963e-02
3.713718801736831665e-02
1.087196916341781616e-01
3.856991231441497803e-02
-5.454728752374649048e-02
1.705881766974925995e-02
3.655799105763435364e-02
1.871332712471485138e-02
4.376421496272087097e-02
-5.840040743350982666e-02
1.775344461202621460e-02
-2.336027845740318298e-02
7.676903903484344482e-02
4.467880353331565857e-02
5.193332582712173462e-02
2.078165672719478607e-02
-4.052932932972908020e-02
6.616444140672683716e-02
-2.390385046601295471e-02
-1.301931031048297882e-02
-9.278270602226257324e-02
5.139594897627830505e-02
1.361162588000297546e-02
5.919162184000015259e-03
-7.140097767114639282e-02
-4.852107539772987366e-02
7.358415424823760986e-02
-1.164644211530685425e-02
-3.011492080986499786e-02
3.018975257873535156e-04
-4.417383670806884766e-02
4.983189702033996582e-02
5.742678046226501465e-02
-6.204878538846969604e-02
3.275198861956596375e-02
-3.261237591505050659e-02
-5.836519971489906311e-02
4.470879212021827698e-03
-3.524449095129966736e-02
8.210722357034683228e-02
-6.608702987432479858e-02
3.218139708042144775e-02
-4.107678681612014771e-02
-6.108563393354415894e-02
-3.564242273569107056e-02
-4.731931164860725403e-02
2.015818096697330475e-02
1.395342685282230377e-02
4.274198040366172791e-02
-6.515063345432281494e-03
-2.352903597056865692e-02
1.895912736654281616e-02
4.568025469779968262e-02
1.955993846058845520e-02
3.970733657479286194e-02
-2.849060669541358948e-02
2.241004258394241333e-02
4.097522795200347900e-02
-9.952716529369354248e-02
-2.027586475014686584e-02
-7.437416352331638336e-04
-7.949501276016235352e-02
-7.128369808197021484e-02
-3.437868505716323853e-02
5.639952421188354492e-02
-1.885784417390823364e-02
-1.950118318200111389e-02
-8.840311318635940552e-03
3.667702525854110718e-02
-5.666976049542427063e-02
-4.252602532505989075e-02
-3.454458713531494141e-02
5.895281676203012466e-03
-5.102212727069854736e-02
-7.692727446556091309e-02
6.875469535589218140e-02
-1.567823626101016998e-02
-5.876906588673591614e-02
3.728974610567092896e-02
-2.530051209032535553e-02
-3.029655478894710541e-02
2.149172127246856689e-02
3.485725075006484985e-02
-7.938620448112487793e-02
-4.449187219142913818e-02
2.685765363276004791e-02
-7.093776017427444458e-02
-3.256877139210700989e-02
-3.365341946482658386e-02
-2.732688188552856445e-02
2.765203826129436493e-02
3.123194351792335510e-02
-1.222608424723148346e-02
3.486319631338119507e-02
4.173003882169723511e-02
-6.149785965681076050e-02
-1.104614511132240295e-02
6.293384730815887451e-02
3.785832226276397705e-02
-6.233827769756317139e-02
-1.727227866649627686e-02
-5.964540690183639526e-02
-3.530832007527351379e-02
4.140164330601692200e-02
4.907231032848358154e-02
-2.881389670073986053e-02
-2.025994844734668732e-02
-2.781693264842033386e-02
1.745679229497909546e-02
-3.283571451902389526e-02
-1.041799318045377731e-02
1.055520959198474884e-03
4.841132834553718567e-02
-3.841688483953475952e-02
-4.244803264737129211e-02
2.730246633291244507e-04
-8.269743621349334717e-02
8.026810735464096069e-02
-5.627943947911262512e-02
3.843618184328079224e-02
-5.090647935867309570e-02
-4.684833809733390808e-02
5.367998406291007996e-02
8.079866319894790649e-02
5.862901359796524048e-02
-5.584293231368064880e-02
-7.465476170182228088e-03
-5.641192942857742310e-02
9.503377601504325867e-03
-3.553301095962524414e-02
-3.028721548616886139e-02
2.812403626739978790e-02
4.573024064302444458e-02
-3.545688092708587646e-02
-2.336696162819862366e-02
-4.866769537329673767e-02
3.057962283492088318e-03
4.096673801541328430e-02
-1.000886186957359314e-01
4.054788127541542053e-02
4.327317327260971069e-02
-1.366152986884117126e-02
1.430043950676918030e-03
3.312003239989280701e-02
-2.047114446759223938e-02
-4.377656802535057068e-02
1.651830226182937622e-02
-1.017169561237096786e-03
-3.174966573715209961e-02
-3.335441276431083679e-02
-3.270117193460464478e-02
-2.939011529088020325e-02
1.050831191241741180e-02
3.134312480688095093e-02
1.508790161460638046e-02
-2.629586681723594666e-02
5.178610980510711670e-02
1.978863030672073364e-02
1.501580420881509781e-02
5.026783794164657593e-02
5.843504518270492554e-02
9.573602676391601562e-02
-4.774865508079528809e-02
2.186982706189155579e-02
-1.946709305047988892e-02
-2.044654265046119690e-02
1.021690387278795242e-02
-1.353201828896999359e-02
-5.026455968618392944e-02
3.986500948667526245e-02
2.820166759192943573e-02
2.331194095313549042e-02
-5.747418850660324097e-02
-1.826469786465167999e-02
-1.770227216184139252e-03
-2.452165447175502777e-02
-4.295478016138076782e-02
7.301382720470428467e-02
-2.350974455475807190e-02
5.720632895827293396e-02
4.769995436072349548e-02
6.756434589624404907e-02
1.904764212667942047e-02
6.105028837919235229e-02
5.559145472943782806e-03
-4.539082199335098267e-02
-1.123805250972509384e-02
1.961708255112171173e-02
9.071592241525650024e-03
2.572755143046379089e-02
-6.839507259428501129e-03
9.316921234130859375e-02
-5.298545211553573608e-02
4.025967046618461609e-02
1.875156164169311523e-02
4.689868167042732239e-02
-2.312705479562282562e-02
2.413226291537284851e-02
-3.462903201580047607e-02
-8.385538309812545776e-02
-2.904882282018661499e-02
5.519266054034233093e-02
-1.217254810035228729e-02
-1.728121563792228699e-02
-1.426129415631294250e-02
1.199670359492301941e-01
6.570178270339965820e-02
-4.179909825325012207e-02
-4.026807844638824463e-03
1.233882457017898560e-02
-1.703849807381629944e-02
-6.287582218647003174e-04
2.868067473173141479e-03
-5.599687248468399048e-02
-4.141114279627799988e-02
-1.129659079015254974e-02
9.679025039076805115e-03
7.636037468910217285e-02
-1.730578765273094177e-02
1.232205051928758621e-02
9.848045185208320618e-03
-4.192405939102172852e-02
-7.517239451408386230e-02
-7.574260234832763672e-02
-3.739616833627223969e-03
-4.095034301280975342e-02
6.652935408055782318e-03
-1.449104025959968567e-02
-7.753807306289672852e-02
-2.192909456789493561e-02
-4.400556907057762146e-02
6.607638299465179443e-02
-2.974018082022666931e-02
-4.586822167038917542e-02
1.389881875365972519e-02
3.390986099839210510e-02
-2.707910723984241486e-02
-2.979688160121440887e-02
-3.705244138836860657e-02
9.329344332218170166e-02
3.168055415153503418e-02
-1.337979361414909363e-02
-5.045481026172637939e-02
2.494220808148384094e-02
7.093506865203380585e-03
1.729446463286876678e-02
1.446390338242053986e-02
3.226795047521591187e-02
6.783700548112392426e-03
-7.217635214328765869e-02
6.315329670906066895e-02
2.727694436907768250e-02
7.580690085887908936e-02
2.195249497890472412e-02
1.376444194465875626e-02
-2.082225494086742401e-02
5.090110749006271362e-02
-3.459883481264114380e-02
-1.284895930439233780e-02
-6.060581654310226440e-03
3.201723471283912659e-02
1.277428120374679565e-03
-1.767941284924745560e-03
-1.926898583769798279e-02
-2.491593360900878906e-02
-6.478121876716613770e-02
5.592259764671325684e-02
1.367152202874422073e-02
-4.105785116553306580e-02
6.874416768550872803e-02
2.490323223173618317e-02
6.375766824930906296e-03
4.616798833012580872e-02
-4.067328758537769318e-03
-2.620889618992805481e-02
-4.070414230227470398e-02
-5.781186372041702271e-02
-1.445125788450241089e-02
6.178502738475799561e-02
2.341996878385543823e-03
-4.212278127670288086e-02
-1.602919213473796844e-02
-1.187920756638050079e-02
3.304183855652809143e-02
1.707900688052177429e-02
5.203946959227323532e-03
3.738215565681457520e-02
2.123797684907913208e-02
2.539996802806854248e-02
-4.568467289209365845e-02
1.076801344752311707e-01
-5.237157270312309265e-02
3.343954682350158691e-02
5.467601865530014038e-02
-4.079888761043548584e-02
-1.542326342314481735e-02
4.395281523466110229e-02
6.941242143511772156e-03
-4.273088648915290833e-02
1.750561408698558807e-02
4.325550049543380737e-03
-5.544772371649742126e-02
7.312802225351333618e-02
9.458405524492263794e-02
1.036360487341880798e-01
-3.147855028510093689e-02
-4.478551447391510010e-02
3.832193836569786072e-02
8.045917749404907227e-02
2.841139212250709534e-02
-4.104603081941604614e-02
-6.357494741678237915e-02
-6.866462528705596924e-02
8.864761888980865479e-02
2.598149701952934265e-03
7.146387547254562378e-02
4.942420497536659241e-02
1.175358146429061890e-02
5.302555114030838013e-02
1.649210974574089050e-02
-1.628961972892284393e-02
-8.664257824420928955e-02
1.024436578154563904e-01
-4.041042923927307129e-02
2.967365272343158722e-02
2.270949259400367737e-02
-7.085537537932395935e-03
9.856358170509338379e-03
-5.951762944459915161e-02
7.615154981613159180e-02
-4.644524306058883667e-03
3.853534534573554993e-02
3.081756085157394409e-02
-3.349743783473968506e-02
7.937075570225715637e-04
4.840372502803802490e-02
2.749450504779815674e-02
-4.534645006060600281e-03
7.692237198352813721e-02
-1.882335543632507324e-02
1.478919759392738342e-03
2.887890115380287170e-02
1.763693243265151978e-02
-8.025225251913070679e-03
-1.129407659173011780e-01
-4.078280180692672729e-02
1.438891701400279999e-02
-4.594505578279495239e-02
5.452028661966323853e-02
4.887855052947998047e-02
-2.572161704301834106e-02
-1.158149912953376770e-02
-3.259456902742385864e-02
-6.250407546758651733e-02
3.888671100139617920e-02
-1.688657887279987335e-02
-3.798381984233856201e-02
-2.324271388351917267e-02
-2.686638385057449341e-02
-1.254048198461532593e-02
1.648329198360443115e-03
1.227067038416862488e-02
2.244216203689575195e-02
1.783512718975543976e-02
5.650544539093971252e-02
-1.346022635698318481e-02
1.318141818046569824e-02
-2.115401066839694977e-02
-1.986313797533512115e-02
8.403348922729492188e-02
-4.098277539014816284e-02
-7.523450255393981934e-02
-6.318429857492446899e-02
-2.079578489065170288e-02
3.953463584184646606e-02
6.195384077727794647e-03
-4.084959253668785095e-02
-6.554804742336273193e-02
-1.551191508769989014e-02
5.580251663923263550e-02
7.798913866281509399e-02
-4.517006874084472656e-02
-2.736013755202293396e-02
-4.590389505028724670e-02
7.014392316341400146e-02
-4.222590848803520203e-02
-7.274681702256202698e-03
3.397347405552864075e-02
-9.000923484563827515e-03
-8.600013330578804016e-03
-4.011378064751625061e-02
6.163872033357620239e-02
5.698913335800170898e-02
-5.432848352938890457e-03
-4.555854201316833496e-02
-1.397721096873283386e-02
6.362745165824890137e-02
6.465981900691986084e-02
2.078223042190074921e-02
-2.213880233466625214e-02
-5.929090827703475952e-02
-1.549818832427263260e-02
-1.888927444815635681e-02
-2.756823599338531494e-02
-3.834509104490280151e-02
-5.385357886552810669e-02
-2.804473042488098145e-02
9.220680221915245056e-03
-3.347010165452957153e-02
7.605087012052536011e-04
-1.846296712756156921e-02
1.995028182864189148e-02
-5.672208219766616821e-02
8.930681273341178894e-03
-8.039294183254241943e-02
-4.968348890542984009e-02
3.339030221104621887e-02
2.230526506900787354e-02
-1.906051859259605408e-02
9.143082797527313232e-02
-2.183897793292999268e-02
5.231405422091484070e-02
1.020863279700279236e-02
-1.439468190073966980e-02
7.077820599079132080e-02
8.158726990222930908e-02
-1.172953844070434570e-02
-9.931755810976028442e-02
4.901200532913208008e-02
-1.818673685193061829e-03
-4.114944487810134888e-02
1.127024926245212555e-02
9.729923680424690247e-03
-1.040621548891067505e-01
-7.718744128942489624e-02
-5.614086985588073730e-02
3.333261609077453613e-02
3.787077218294143677e-02
-2.963415160775184631e-02
-1.739883981645107269e-02
4.455430060625076294e-02
2.614690735936164856e-02
-4.150999337434768677e-02
9.811082854866981506e-03
-7.877940684556961060e-02
2.282990142703056335e-03
1.403533760458230972e-02
-5.543474853038787842e-02
-1.086540892720222473e-02
-7.824279367923736572e-02
5.197835713624954224e-02
3.286092728376388550e-02
4.749895632266998291e-02
-7.980453222990036011e-02
7.568466942757368088e-03
3.010045550763607025e-02
-3.388266637921333313e-02
-1.559883914887905121e-02
3.415293246507644653e-02
3.649839013814926147e-02
-9.086696803569793701e-02
8.683084696531295776e-02
2.239437215030193329e-02
4.058914259076118469e-02
-1.166815869510173798e-02
-3.269039466977119446e-02
-6.004403159022331238e-02
1.960833370685577393e-02
-4.413259029388427734e-02
6.108427047729492188e-02
-5.297480151057243347e-03
-4.418118670582771301e-02
1.826445572078227997e-02
-3.977855294942855835e-02
-3.471412509679794312e-02
-3.795863687992095947e-02
-3.987149149179458618e-02
1.434143725782632828e-02
-2.713011018931865692e-02
1.260372437536716461e-02
-6.334216147661209106e-02
2.823095768690109253e-03
-1.623173430562019348e-02
-4.714332520961761475e-02
-3.548951074481010437e-02
2.944120205938816071e-02
3.216153755784034729e-02
-4.123907163739204407e-02
9.380882605910301208e-03
1.273953318595886230e-01
-1.895556226372718811e-02
5.057928618043661118e-03
-1.115517318248748779e-02
2.575008943676948547e-02
1.285382546484470367e-02
2.347633801400661469e-02
3.269563615322113037e-02
4.449094831943511963e-02
-6.032265722751617432e-02
1.384748611599206924e-02
-2.026040479540824890e-02
-2.951228432357311249e-02
1.055828183889389038e-01
-9.162768721580505371e-02
-1.540020108222961426e-03
4.684653133153915405e-03
4.375793412327766418e-02
-4.763804841786623001e-03
5.536907166242599487e-02
4.021989181637763977e-03
-2.395149320363998413e-02
-6.635871529579162598e-02
-1.125622168183326721e-02
-2.900646999478340149e-03
3.265140950679779053e-02
6.480207294225692749e-02
7.950121164321899414e-02
-9.351737797260284424e-03
2.577791735529899597e-02
-5.326499044895172119e-02
7.915972918272018433e-02
-4.858294129371643066e-02
-4.878250882029533386e-03
-1.931955292820930481e-02
-3.584631532430648804e-02
-1.331044919788837433e-02
5.811521038413047791e-02
-4.541270434856414795e-03
-4.524043574929237366e-02
2.547198161482810974e-02
4.197012167423963547e-03
2.621680870652198792e-02
6.757515668869018555e-02
1.607612147927284241e-02
6.721021980047225952e-02
1.701450347900390625e-02
-9.505309164524078369e-02
-2.084374986588954926e-02
-5.140145123004913330e-02
1.124454103410243988e-02
3.376537933945655823e-02
3.036349639296531677e-02
7.759116590023040771e-02
-1.135872490704059601e-02
-2.364113181829452515e-02
3.104656934738159180e-02
3.223532810807228088e-02
5.469895154237747192e-02
-1.858992315828800201e-02
3.638712689280509949e-02
-3.222102671861648560e-02
3.157835453748703003e-02
5.414721369743347168e-02
1.044438220560550690e-02
5.242248624563217163e-02
-8.201068267226219177e-03
5.860541015863418579e-03
-6.120724976062774658e-02
1.171404216438531876e-02
-5.080594867467880249e-02
-5.326272547245025635e-02
2.975173480808734894e-02
-4.802760109305381775e-02
-2.853637002408504486e-02
-2.635953202843666077e-02
7.205288857221603394e-03
9.487742185592651367e-02
-2.196893468499183655e-02
-9.575646370649337769e-03
-5.242181476205587387e-03
2.777911536395549774e-02
4.769251495599746704e-02
