-2.093998715281486511e-03
6.717181950807571411e-02
-3.275347501039505005e-02
-3.440240025520324707e-02
5.481532961130142212e-02
3.512063622474670410e-02
2.193972934037446976e-03
6.187812238931655884e-02
4.222523048520088196e-02
2.879166603088378906e-02
4.474270716309547424e-02
5.287040397524833679e-02
5.011136457324028015e-02
4.216906428337097168e-02
6.805927306413650513e-02
1.967922970652580261e-02
-7.296569645404815674e-02
5.460219085216522217e-02
7.794626988470554352e-03
-8.390733972191810608e-03
-4.799681529402732849e-02
-2.225737459957599640e-02
8.277089893817901611e-02
3.002127818763256073e-02
-7.542937062680721283e-03
-3.710786998271942139e-02
1.091328356415033340e-02
1.460179191781207919e-04
-1.807534322142601013e-02
-3.866439312696456909e-02
1.181080099195241928e-02
-1.843184418976306915e-02
3.002452477812767029e-02
-3.512699156999588013e-02
2.435377798974514008e-02
-6.517928093671798706e-02
1.214477140456438065e-02
-1.858883164823055267e-02
2.834890736266970634e-03
7.493748329579830170e-03
6.507828086614608765e-02
-3.547516837716102600e-02
-1.700769364833831787e-02
2.597159892320632935e-02
4.861835390329360962e-03
3.632132336497306824e-02
-6.664850562810897827e-02
1.933421194553375244e-02
-4.913922026753425598e-02
-4.047401621937751770e-02
2.663275413215160370e-02
-3.739363327622413635e-02
-2.795931510627269745e-02
-1.151980087161064148e-02
-1.178368832916021347e-02
-6.465606391429901123e-02
1.335821151733398438e-01
-1.222710683941841125e-02
-3.022693796083331108e-03
-6.492193788290023804e-03
6.331618875265121460e-03
-6.075040623545646667e-02
-6.086990702897310257e-03
-3.826390579342842102e-02
-1.243915292434394360e-03
-1.462795212864875793e-02
2.000960335135459900e-02
-7.105779647827148438e-02
-8.065191097557544708e-03
-7.377853244543075562e-02
-1.882783882319927216e-02
2.343883737921714783e-02
-7.887291163206100464e-02
2.218138054013252258e-02
9.340286254882812500e-02
2.977501042187213898e-02
8.442109823226928711e-02
-5.248520150780677795e-02
4.346302244812250137e-03
4.624322801828384399e-02
-2.186927758157253265e-02
5.291485041379928589e-02
-8.040989749133586884e-03
-1.375462394207715988e-02
7.893581874668598175e-03
2.702044881880283356e-02
5.776468664407730103e-03
9.569841623306274414e-02
7.030098140239715576e-02
2.144112996757030487e-02
1.434457115828990936e-02
-3.398776054382324219e-02
6.243616715073585510e-02
-1.336669176816940308e-02
5.187842529267072678e-03
-6.455295532941818237e-02
1.965201925486326218e-03
1.107545793056488037e-01
2.128539979457855225e-02
3.644088655710220337e-02
-3.103604167699813843e-02
7.530417293310165405e-02
7.655983418226242065e-02
3.747490048408508301e-02
-2.223288267850875854e-02
-6.196054629981517792e-03
6.368821114301681519e-02
3.325194865465164185e-02
5.692532286047935486e-03
-4.969475045800209045e-02
-1.834956742823123932e-02
5.357319489121437073e-02
-2.569282194599509239e-03
-5.415393784642219543e-02
-4.778519645333290100e-02
-4.503942281007766724e-02
-4.588258918374776840e-03
6.270929425954818726e-02
4.277644678950309753e-03
1.091131241992115974e-03
-2.531885169446468353e-02
2.465404383838176727e-02
-1.604988705366849899e-03
4.259715601801872253e-02
4.426959156990051270e-02
-1.034522056579589844e-02
5.676757078617811203e-03
1.654685847461223602e-02
6.326486170291900635e-02
-7.941514253616333008e-02
-5.510949413292109966e-04
-4.572052881121635437e-02
-3.931371867656707764e-02
3.992109745740890503e-02
3.458464145660400391e-02
-3.868101164698600769e-02
8.673733100295066833e-03
-4.965338855981826782e-02
-6.535872817039489746e-02
5.232261866331100464e-02
-6.680733710527420044e-02
-6.172739714384078979e-02
9.444007277488708496e-02
-3.359495848417282104e-02
1.838238909840583801e-02
3.276717383414506912e-03
7.335988432168960571e-02
-4.112336784601211548e-03
-7.344776391983032227e-02
-2.008485794067382812e-02
-2.172258123755455017e-02
4.363113548606634140e-03
7.565954700112342834e-03
-4.644182324409484863e-02
-7.133278250694274902e-02
1.737975887954235077e-02
1.659651286900043488e-02
-2.359886420890688896e-03
-5.372373759746551514e-02
-2.237579599022865295e-02
-7.970568537712097168e-02
2.760072797536849976e-02
4.904898628592491150e-02
3.342198953032493591e-02
-2.652043290436267853e-02
-8.854303508996963501e-03
5.205381195992231369e-03
1.248762290924787521e-02
3.925111889839172363e-02
2.828220650553703308e-02
-1.395689044147729874e-02
7.353178411722183228e-02
-6.235719472169876099e-02
3.819460421800613403e-02
4.807516187429428101e-02
3.415301442146301270e-02
4.281327873468399048e-02
-2.918874472379684448e-02
3.425421938300132751e-02
4.730150103569030762e-02
4.102347791194915771e-02
-1.059200498275458813e-03
6.299210246652364731e-03
-2.102055028080940247e-02
-5.605775862932205200e-02
-2.903750352561473846e-02
1.945669949054718018e-02
-3.822182118892669678e-02
-3.215782716870307922e-02
-2.821472473442554474e-02
-1.523365825414657593e-02
4.784054309129714966e-02
6.954865157604217529e-02
-1.655288599431514740e-02
8.392166346311569214e-03
-1.238896604627370834e-02
-3.302979841828346252e-02
1.826701499521732330e-02
5.627545714378356934e-02
1.797472499310970306e-02
-1.449959073215723038e-02
3.411138057708740234e-02
3.799232840538024902e-02
-3.925902023911476135e-02
-1.666515506803989410e-02
7.255144417285919189e-02
1.088970713317394257e-02
-3.670473396778106689e-02
-9.220130741596221924e-03
4.417310934513807297e-03
6.364709697663784027e-03
1.209616959095001221e-01
9.150181710720062256e-02
-3.069420112296938896e-03
2.583966031670570374e-02
-3.783410415053367615e-02
1.865678839385509491e-02
-5.773605778813362122e-02
-2.586618531495332718e-03
2.416792139410972595e-02
4.540859535336494446e-02
-1.505917310714721680e-02
-3.239152953028678894e-03
1.544115412980318069e-02
1.624233089387416840e-02
-1.371556241065263748e-02
-2.565378136932849884e-02
5.102492123842239380e-02
-5.964004434645175934e-03
2.607679739594459534e-02
3.491320088505744934e-02
-8.757701143622398376e-03
-1.703743264079093933e-02
2.903427928686141968e-02
-3.260238096117973328e-02
5.840581282973289490e-02
-5.853810533881187439e-02
-5.967711098492145538e-03
3.387910872697830200e-02
1.261056028306484222e-02
-1.673330739140510559e-02
5.932782590389251709e-02
-7.981830090284347534e-02
4.720919206738471985e-02
2.250622957944869995e-02
-3.697672858834266663e-02
6.825249642133712769e-02
-6.296750623732805252e-03
-4.583852738142013550e-02
3.999447822570800781e-02
-4.031694680452346802e-02
9.233039803802967072e-03
1.238743402063846588e-02
9.417559206485748291e-02
-1.788312755525112152e-02
-9.123018383979797363e-02
-1.887492090463638306e-02
1.413643360137939453e-02
-3.475048393011093140e-02
1.620256900787353516e-02
1.854670420289039612e-02
-3.163674101233482361e-02
3.949288278818130493e-02
4.246121272444725037e-02
3.020973689854145050e-02
-6.479740142822265625e-02
-3.838866204023361206e-02
3.138330578804016113e-02
5.393669009208679199e-02
2.418876253068447113e-02
-1.892059482634067535e-02
5.783121287822723389e-02
3.971677273511886597e-02
-5.667039006948471069e-02
-1.281146053224802017e-02
-3.852067887783050537e-02
4.063725098967552185e-02
4.255516082048416138e-02
6.880436092615127563e-03
-1.742167770862579346e-02
6.799844559282064438e-03
2.309974469244480133e-02
2.432970516383647919e-02
8.462873846292495728e-02
5.010869726538658142e-02
3.194189444184303284e-02
-5.456450581550598145e-02
6.081650499254465103e-03
-9.321193210780620575e-03
-3.564281761646270752e-02
3.100365586578845978e-02
-2.188360504806041718e-02
-6.873557716608047485e-02
2.056793682277202606e-02
1.077190488576889038e-01
2.616612985730171204e-02
-2.280037291347980499e-02
-3.244889900088310242e-02
2.863054163753986359e-02
2.299963124096393585e-02
-4.742235690355300903e-02
5.284827202558517456e-02
6.725730001926422119e-02
-1.102824346162378788e-03
-2.201410941779613495e-02
-5.163425952196121216e-02
5.390287376940250397e-03
-2.245728857815265656e-02
-2.829179540276527405e-02
-3.183103352785110474e-02
2.333103492856025696e-02
2.098804106935858727e-03
-3.324764315038919449e-03
2.162823453545570374e-02
-6.697168946266174316e-02
-2.940193284302949905e-03
2.992670238018035889e-02
-1.057663708925247192e-01
4.462143033742904663e-02
-1.121784187853336334e-02
-4.292332450859248638e-04
1.599723473191261292e-02
6.781095638871192932e-03
2.778135612607002258e-02
3.840666264295578003e-02
3.906685858964920044e-02
3.849680721759796143e-02
1.856248453259468079e-02
-5.673732981085777283e-02
2.396242879331111908e-02
-8.446749299764633179e-02
4.149422422051429749e-02
-2.050099149346351624e-02
-4.319893568754196167e-02
5.144843831658363342e-02
-4.493901971727609634e-03
-3.036645427346229553e-02
3.205145476385951042e-03
-7.181731611490249634e-02
2.026372822001576424e-03
5.558257177472114563e-02
-2.015979588031768799e-02
-4.767649620771408081e-02
8.391009271144866943e-02
-1.404429599642753601e-02
1.686444319784641266e-02
-2.902585826814174652e-02
-2.298065274953842163e-02
-6.060286611318588257e-02
3.706834465265274048e-02
8.754959329962730408e-03
-8.488088846206665039e-02
-2.071026526391506195e-02
4.455035552382469177e-03
9.536709636449813843e-02
2.716639311984181404e-03
9.213282726705074310e-03
-6.725861877202987671e-02
-1.945839077234268188e-02
7.322712801396846771e-03
5.056188628077507019e-02
-4.256356880068778992e-02
-8.094976656138896942e-03
3.546136245131492615e-02
5.913478508591651917e-02
-2.000379934906959534e-02
6.204409059137105942e-03
4.473010078072547913e-02
2.744347974658012390e-02
5.034912005066871643e-02
-5.408879369497299194e-03
-7.439989596605300903e-02
-1.612935797311365604e-03
-1.469456590712070465e-02
-2.138477936387062073e-02
5.086468905210494995e-02
3.256304189562797546e-02
-2.426409721374511719e-02
5.985166644677519798e-04
-7.758718915283679962e-03
2.747933939099311829e-02
5.553562194108963013e-02
-8.440750651061534882e-03
3.167562186717987061e-02
-9.460289962589740753e-03
4.472254216670989990e-02
-6.275970488786697388e-02
-4.356437176465988159e-02
6.233568117022514343e-02
2.148704603314399719e-02
7.498233765363693237e-02
2.092279307544231415e-02
4.538659006357192993e-02
-7.867409847676753998e-03
-4.009938985109329224e-02
-1.648735813796520233e-02
3.868842869997024536e-02
-2.302143350243568420e-02
1.778338686563074589e-03
-5.245927348732948303e-02
-1.906725950539112091e-02
2.555530890822410583e-02
-8.926702663302421570e-03
-5.625291541218757629e-02
4.605008661746978760e-02
-5.081028863787651062e-02
-3.341165557503700256e-02
1.066184788942337036e-01
1.387036498636007309e-02
-6.166885141283273697e-03
1.105398461222648621e-01
-7.542954757809638977e-03
3.607622534036636353e-02
-1.213415991514921188e-03
5.889547243714332581e-02
-5.414525792002677917e-02
1.757266186177730560e-02
-2.567599713802337646e-02
1.453020423650741577e-01
-2.737391367554664612e-02
-9.927054494619369507e-02
-8.156386017799377441e-02
2.201621606945991516e-02
9.780996479094028473e-03
3.877152921631932259e-03
7.893753796815872192e-02
5.607355013489723206e-02
3.643870353698730469e-03
-7.124783843755722046e-02
-8.294757455587387085e-02
4.408352449536323547e-02
-4.989435430616140366e-03
5.855153873562812805e-02
-1.408952660858631134e-02
6.235105451196432114e-03
-4.004742577672004700e-02
6.521398201584815979e-03
-1.969083584845066071e-02
-3.630857914686203003e-02
-7.700613141059875488e-02
4.563872888684272766e-02
4.119565337896347046e-02
1.870630495250225067e-02
-5.471751466393470764e-02
6.428812444210052490e-02
1.273100264370441437e-02
-3.211662545800209045e-02
-1.781952753663063049e-02
9.978791326284408569e-02
8.615470677614212036e-02
-4.021935537457466125e-02
7.143149524927139282e-02
-5.784466117620468140e-02
4.960583150386810303e-02
-2.517723292112350464e-02
5.568632856011390686e-02
-1.136387977749109268e-02
1.730932667851448059e-02
1.529012923128902912e-03
3.399446234107017517e-02
-9.434945881366729736e-03
4.936289787292480469e-02
5.068581085652112961e-03
-1.620179228484630585e-02
1.346335466951131821e-02
-8.687703870236873627e-03
9.827331639826297760e-03
5.194317921996116638e-02
3.683374670799821615e-04
-2.522406913340091705e-02
5.608701333403587341e-02
1.216208189725875854e-02
1.837781816720962524e-02
2.667713351547718048e-02
-7.746047526597976685e-02
1.599317044019699097e-02
-3.294432535767555237e-02
-9.500183165073394775e-02
-2.215015143156051636e-02
-3.577811177819967270e-03
-1.598886400461196899e-02
4.998955503106117249e-02
-1.801836886443197727e-03
-1.967604970559477806e-03
-2.373072877526283264e-02
-3.831725567579269409e-02
6.283260136842727661e-02
2.798562310636043549e-02
-3.587369993329048157e-02
1.607070490717887878e-02
-7.737542968243360519e-03
3.403257578611373901e-02
1.662322506308555603e-02
2.700814418494701385e-02
2.518034726381301880e-02
-4.418817535042762756e-02
3.739238716661930084e-03
-4.267361946403980255e-03
3.601035475730895996e-02
-3.101714141666889191e-02
3.523685783147811890e-02
-4.408111795783042908e-02
1.749657653272151947e-02
4.968919325619935989e-03
2.711817156523466110e-03
3.033358417451381683e-02
6.281240377575159073e-03
-8.532138913869857788e-02
3.698207437992095947e-02
6.920242309570312500e-02
-1.133463811129331589e-02
-4.767770320177078247e-02
2.552902139723300934e-02
-1.445318013429641724e-02
-2.319819666445255280e-02
2.324655838310718536e-02
7.057128101587295532e-02
7.685599476099014282e-02
2.958971261978149414e-02
-4.060452058911323547e-02
-1.421459671109914780e-02
-6.965992599725723267e-02
-6.912635173648595810e-03
-3.779569640755653381e-02
1.690251938998699188e-02
-2.596274204552173615e-02
-8.757118880748748779e-02
-5.034274980425834656e-02
4.137204214930534363e-02
-2.229938283562660217e-02
2.064038626849651337e-02
-5.120469257235527039e-02
-1.764577068388462067e-02
-8.947787806391716003e-03
6.965954089537262917e-04
-3.838685899972915649e-02
-4.070314019918441772e-02
-7.122013717889785767e-02
-1.629545120522379875e-03
-2.580130472779273987e-02
-2.820474468171596527e-02
-1.018473226577043533e-02
-4.311633110046386719e-02
4.508223757147789001e-02
1.597730070352554321e-02
-2.729621157050132751e-02
-6.418728083372116089e-02
3.048972412943840027e-02
3.601523861289024353e-02
-7.105466909706592560e-03
-1.545048580737784505e-04
1.904445380205288529e-04
1.185050792992115021e-02
2.002725563943386078e-02
2.243592962622642517e-02
-3.752597048878669739e-02
-4.571305587887763977e-02
1.066359430551528931e-01
6.722227483987808228e-02
5.558713525533676147e-02
-1.503772800788283348e-03
-3.884824737906455994e-02
1.091097202152013779e-02
-5.031831935048103333e-02
-5.600249394774436951e-02
-9.685773984529078007e-04
-4.665562510490417480e-02
-6.783681362867355347e-02
-1.899109221994876862e-02
1.505058258771896362e-02
-1.169057935476303101e-01
-4.554455727338790894e-02
-3.144607692956924438e-02
-4.900376778095960617e-03
-4.921096190810203552e-02
1.707056723535060883e-02
2.323713526129722595e-02
-1.108961924910545349e-02
-6.721515208482742310e-02
-1.305501349270343781e-02
2.108211070299148560e-02
-2.131159789860248566e-02
2.571419347077608109e-03
1.316330675035715103e-02
2.812432684004306793e-02
9.648134931921958923e-03
-8.804565295577049255e-03
-6.197145208716392517e-02
3.757623955607414246e-02
1.059808488935232162e-02
6.309524178504943848e-04
5.193637683987617493e-02
-4.845790565013885498e-02
-6.653314083814620972e-02
-1.134560070931911469e-02
-3.416172787547111511e-02
-2.320339670404791832e-03
2.408093400299549103e-02
-7.285441737622022629e-03
-2.618547296151518822e-03
-4.690036177635192871e-02
2.123310789465904236e-02
1.868419116362929344e-03
-4.420463740825653076e-02
6.340122967958450317e-02
-8.430587127804756165e-03
-8.413958549499511719e-02
3.124199109151959419e-03
2.262855647131800652e-03
4.691486060619354248e-02
7.039554417133331299e-02
7.958326488733291626e-02
1.945560798048973083e-02
1.088206171989440918e-01
5.708356201648712158e-02
-5.107659846544265747e-02
3.326873527839779854e-03
3.122058697044849396e-02
2.343568950891494751e-02
-5.840810760855674744e-02
-7.186488062143325806e-02
4.068230092525482178e-02
-8.598958142101764679e-03
1.191892009228467941e-02
3.644287213683128357e-02
5.057609081268310547e-02
-4.288760013878345490e-03
-4.095592722296714783e-02
1.353767048567533493e-02
-1.256796158850193024e-02
4.853613302111625671e-02
-8.948882669210433960e-02
-1.401635934598743916e-03
-3.975446894764900208e-02
2.949919179081916809e-02
-8.787366002798080444e-02
1.452425215393304825e-02
2.313519641757011414e-02
-1.367142144590616226e-02
-1.286020595580339432e-02
-3.380897268652915955e-02
3.932425379753112793e-02
5.140361934900283813e-02
-9.608660638332366943e-02
2.842546068131923676e-02
-2.978010661900043488e-02
-1.842293702065944672e-02
2.296181581914424896e-02
3.424959629774093628e-02
-5.653792992234230042e-02
-1.394041255116462708e-02
-6.264453753829002380e-03
-1.017086431384086609e-01
-1.538388524204492569e-02
-4.064918309450149536e-02
3.039059787988662720e-02
7.122927159070968628e-02
-8.003038913011550903e-02
-1.367734186351299286e-02
-3.511675866320729256e-03
2.506555430591106415e-02
-3.823913633823394775e-02
4.093723744153976440e-02
1.129278540611267090e-01
-1.533242408186197281e-02
-2.639343217015266418e-02
1.698274281807243824e-03
-1.391297206282615662e-02
-5.250540003180503845e-02
-3.846482932567596436e-02
-9.091144427657127380e-03
-4.107673466205596924e-02
-2.194302529096603394e-02
1.018175259232521057e-01
-6.203574687242507935e-02
4.348012804985046387e-02
3.097518856520764530e-06
-3.800668567419052124e-02
-6.961908191442489624e-02
-5.142425745725631714e-02
1.770073315128684044e-03
1.569826714694499969e-02
-1.468022260814905167e-02
6.459426134824752808e-02
-6.516183726489543915e-03
-6.052432581782341003e-03
5.741490796208381653e-02
-7.359457667917013168e-03
5.742477253079414368e-02
-8.155011455528438091e-04
3.613559529185295105e-02
3.396508842706680298e-02
2.541871927678585052e-02
-1.445119269192218781e-02
-2.441348508000373840e-02
2.972417324781417847e-02
-1.038413867354393005e-02
4.533870890736579895e-02
3.315217792987823486e-02
8.052528649568557739e-02
9.863120503723621368e-03
-1.144616678357124329e-02
-6.104386877268552780e-03
5.418003723025321960e-02
3.214817121624946594e-02
-9.217151999473571777e-02
-3.919337317347526550e-02
-6.225933786481618881e-03
2.712277881801128387e-02
1.739067025482654572e-02
-4.771440103650093079e-02
-5.662543326616287231e-02
8.887795358896255493e-02
2.059777639806270599e-02
1.542745903134346008e-02
2.693385630846023560e-02
-3.959304466843605042e-02
-5.519169196486473083e-02
6.870619952678680420e-02
3.326842794194817543e-03
4.288623854517936707e-02
-5.837092758156359196e-04
4.562918469309806824e-02
-5.873111635446548462e-02
4.370775446295738220e-02
1.967216655611991882e-02
6.835570186376571655e-02
4.922180622816085815e-02
-4.663029685616493225e-03
-7.248055189847946167e-02
-4.141869139857590199e-04
-4.282834753394126892e-02
-4.994049295783042908e-02
-3.225488960742950439e-02
-3.350338712334632874e-02
2.791448030620813370e-03
3.312674909830093384e-02
-7.123079150915145874e-02
-5.921482294797897339e-02
-3.691981732845306396e-02
-4.410547669976949692e-03
-5.396275222301483154e-02
3.638300579041242599e-03
-1.468514208681881428e-03
3.881715238094329834e-02
1.554248668253421783e-02
6.872333586215972900e-02
9.462374262511730194e-03
4.589119926095008850e-02
3.383323177695274353e-02
1.545495260506868362e-02
2.323892153799533844e-02
6.097322329878807068e-03
-4.101252183318138123e-02
-5.994230136275291443e-02
4.756842926144599915e-02
7.962012290954589844e-02
8.997666090726852417e-02
-8.767032064497470856e-03
-1.507621444761753082e-02
-2.384639903903007507e-02
6.264502555131912231e-02
2.703585848212242126e-02
-5.423923954367637634e-02
1.956974342465400696e-02
4.209798201918601990e-02
-8.753288537263870239e-02
-6.859134882688522339e-02
3.902246803045272827e-02
-2.237529866397380829e-02
6.520562805235385895e-03
-2.284522913396358490e-02
-5.118575692176818848e-02
5.039782077074050903e-02
-2.225356362760066986e-02
4.589563980698585510e-02
3.294445574283599854e-02
-6.331061571836471558e-02
-3.209339454770088196e-02
-7.850612699985504150e-02
1.198398531414568424e-03
-2.034898847341537476e-02
6.135841831564903259e-02
-1.082044914364814758e-01
-7.136309891939163208e-02
1.754659414291381836e-02
-1.584194041788578033e-02
3.617314994335174561e-02
-3.974150866270065308e-02
-3.843081369996070862e-02
6.504810601472854614e-02
-6.409362703561782837e-02
3.888102620840072632e-02
1.090913265943527222e-02
1.430256199091672897e-02
-8.701815456151962280e-02
-5.841797217726707458e-02
7.430437020957469940e-03
3.221658756956458092e-03
-1.252133958041667938e-02
1.996218971908092499e-02
6.163344904780387878e-02
1.030869781970977783e-01
-4.019567370414733887e-02
4.990759305655956268e-03
2.909229137003421783e-02
-3.259296715259552002e-02
5.501639842987060547e-02
-4.372553527355194092e-02
-3.882434591650962830e-02
-6.201993301510810852e-02
-2.374909631907939911e-02
-4.770527780055999756e-02
4.732430353760719299e-02
-4.941294342279434204e-02
-4.797000903636217117e-03
-3.422974050045013428e-02
-1.344905700534582138e-02
2.828145772218704224e-02
9.122563153505325317e-02
-9.252416342496871948e-02
1.731903851032257080e-02
3.945743665099143982e-03
-8.816740661859512329e-02
1.960188522934913635e-02
6.797531154006719589e-03
-9.532707743346691132e-03
-8.312074095010757446e-02
-8.659562095999717712e-03
-1.039325259625911713e-02
6.493128091096878052e-02
-3.781762346625328064e-02
1.064464524388313293e-01
-1.210379749536514282e-01
3.993499651551246643e-02
-2.711520157754421234e-02
-3.039660304784774780e-02
-1.261540036648511887e-02
-1.542125974083319306e-04
-3.001106344163417816e-02
2.178674796596169472e-03
-1.995911635458469391e-02
6.585739087313413620e-03
6.778983026742935181e-02
7.001834455877542496e-03
-1.755222491919994354e-02
8.771196752786636353e-02
-3.019879944622516632e-02
-5.836405977606773376e-02
1.854933053255081177e-02
-1.261505763977766037e-02
4.992095753550529480e-02
5.371626839041709900e-02
-5.225997418165206909e-02
1.409973483532667160e-02
-4.911543056368827820e-02
2.420363575220108032e-02
-7.224656641483306885e-02
-1.423662714660167694e-02
-3.037774004042148590e-02
4.636675491929054260e-02
-1.370559930801391602e-01
-4.423103854060173035e-02
-4.718651250004768372e-02
-1.450771465897560120e-02
2.242433838546276093e-02
7.370804436504840851e-03
-5.302295088768005371e-02
-3.916319832205772400e-02
9.750639088451862335e-03
-3.279379382729530334e-02
-8.053126744925975800e-03
-6.674764677882194519e-03
1.393195125274360180e-03
-5.446600262075662613e-03
8.791157044470310211e-03
-2.053879870800301433e-04
3.724122419953346252e-02
-6.149684265255928040e-02
1.502002589404582977e-02
-8.218649774789810181e-03
5.027567222714424133e-02
-2.448916435241699219e-02
2.698991447687149048e-02
1.048625633120536804e-02
1.518570072948932648e-02
-6.965725868940353394e-02
1.257877331227064133e-02
-7.464859634637832642e-03
9.744727052748203278e-03
1.302356459200382233e-02
-1.676958985626697540e-02
1.073001511394977570e-02
5.477727204561233521e-02
-5.901614204049110413e-02
1.950538903474807739e-02
3.457166999578475952e-02
9.089654311537742615e-03
-3.816847875714302063e-02
-3.655339404940605164e-02
2.927254512906074524e-02
4.024115391075611115e-03
-7.498262822628021240e-02
3.683579340577125549e-02
-5.208716727793216705e-03
-1.661992818117141724e-02
3.390123695135116577e-02
-6.445837765932083130e-02
-3.743170760571956635e-03
2.566037140786647797e-02
4.347693547606468201e-02
6.913109123706817627e-02
-4.224923253059387207e-02
9.341736137866973877e-02
-4.456935450434684753e-02
3.098326362669467926e-02
-1.209688745439052582e-02
-5.960049852728843689e-02
-5.544688180088996887e-02
3.517477586865425110e-02
-1.499335630796849728e-03
-3.753412142395973206e-02
-7.423547212965786457e-04
-6.260457448661327362e-03
1.740404590964317322e-02
1.515746861696243286e-02
-1.346213091164827347e-02
6.943137384951114655e-03
3.740536049008369446e-02
1.033217646181583405e-02
4.578633978962898254e-02
-5.456849187612533569e-02
-3.735764697194099426e-02
-1.060817297548055649e-02
-2.813754230737686157e-02
-1.482011866755783558e-03
-3.937758132815361023e-02
-3.258923813700675964e-02
-2.073666825890541077e-02
6.161664612591266632e-03
1.312159933149814606e-02
-3.173554688692092896e-02
-6.916170939803123474e-03
1.028836444020271301e-01
-1.046718284487724304e-01
6.801491230726242065e-02
5.743520800024271011e-03
4.010039940476417542e-02
-1.871168799698352814e-02
-6.754738092422485352e-02
4.460885003209114075e-02
-3.344170376658439636e-02
8.653908036649227142e-03
4.301374778151512146e-02
5.763044580817222595e-02
-2.014042809605598450e-02
-2.818454755470156670e-03
-5.960921570658683777e-02
3.433202952146530151e-02
3.513074712827801704e-03
-1.281644403934478760e-01
-2.307834103703498840e-02
-6.988450139760971069e-02
-2.138465084135532379e-02
-8.727554231882095337e-03
-3.397471085190773010e-02
-5.409223958849906921e-02
-8.193598687648773193e-02
-1.025102939456701279e-02
-4.407168179750442505e-02
4.287569317966699600e-03
9.389352053403854370e-03
-1.788923889398574829e-02
-1.839019730687141418e-02
-2.188708446919918060e-02
-7.405702769756317139e-02
4.141351580619812012e-02
6.062717735767364502e-02
-5.261971801519393921e-02
-6.661407649517059326e-02
-5.910557135939598083e-02
6.544272881001234055e-03
-4.927771911025047302e-02
4.363539069890975952e-02
1.843982934951782227e-02
-3.739385306835174561e-02
5.108489841222763062e-02
2.835980989038944244e-02
4.894575104117393494e-02
-2.768581360578536987e-02
1.328433770686388016e-02
2.066002599895000458e-02
-4.289912059903144836e-02
-2.519015409052371979e-02
4.476333968341350555e-03
-2.813593670725822449e-02
7.163224369287490845e-02
3.845400363206863403e-02
-1.837775483727455139e-02
2.960763871669769287e-02
-1.342435949482023716e-03
-3.296500071883201599e-02
-4.518537223339080811e-02
1.417386159300804138e-02
-8.512860536575317383e-02
-3.182185813784599304e-02
-1.840577647089958191e-02
3.207353129982948303e-02
2.682695910334587097e-02
6.945588439702987671e-02
-1.556755509227514267e-02
1.257384009659290314e-02
6.736685335636138916e-02
-5.106854438781738281e-02
9.453757666051387787e-03
7.989116013050079346e-02
-6.632789503782987595e-03
3.776475042104721069e-02
1.765209995210170746e-02
4.109709523618221283e-03
1.277675628662109375e-01
9.597631543874740601e-02
-6.427070498466491699e-02
1.947584189474582672e-02
