-7.145088165998458862e-02
-1.678193360567092896e-02
-9.067964740097522736e-03
-2.857375657185912132e-03
-3.112524934113025665e-02
-2.595958113670349121e-02
1.120699685998260975e-03
-4.582997038960456848e-02
2.866115653887391090e-03
-1.964664843399077654e-04
-2.919277548789978027e-02
1.202816609293222427e-02
7.097912486642599106e-03
-1.322992332279682159e-02
2.280687168240547180e-02
1.772335171699523926e-02
5.490846186876296997e-02
-2.556381560862064362e-02
-3.281192854046821594e-02
-1.140616368502378464e-02
-3.900745138525962830e-02
-2.827204018831253052e-02
-5.176935717463493347e-02
-1.132750958204269409e-01
-8.549852296710014343e-03
-1.129486188292503357e-01
-5.834792181849479675e-02
-1.166235357522964478e-01
-4.003384336829185486e-02
-3.189595416188240051e-02
3.036905080080032349e-02
-7.744576316326856613e-03
4.462767392396926880e-02
3.898825729265809059e-03
-4.724781960248947144e-02
-8.182201534509658813e-02
1.237361971288919449e-02
3.985005617141723633e-02
-6.520844530314207077e-03
-2.188352867960929871e-02
1.415634714066982269e-02
2.800228446722030640e-02
-6.388086080551147461e-02
2.256181463599205017e-02
2.963182888925075531e-02
-3.156449645757675171e-02
-1.066529098898172379e-02
4.009924083948135376e-02
-3.336045192554593086e-03
1.112370099872350693e-02
4.417115822434425354e-02
-3.656204324215650558e-03
5.156632140278816223e-02
-4.462999105453491211e-02
-7.381783332675695419e-03
5.890552420169115067e-03
2.042009262368083000e-03
9.459873288869857788e-02
3.311013802886009216e-02
-5.159161984920501709e-02
-3.328168066218495369e-03
-3.186188265681266785e-02
1.668583229184150696e-02
6.586752086877822876e-02
-6.199233233928680420e-02
4.716640710830688477e-02
2.133137919008731842e-02
-5.721872206777334213e-03
-3.591426461935043335e-02
-1.300552394241094589e-02
2.770170941948890686e-02
1.362273353151977062e-03
6.615757197141647339e-02
2.725687064230442047e-02
-6.891570240259170532e-02
5.768123269081115723e-02
-1.546371029689908028e-03
5.570405721664428711e-02
-2.124538831412792206e-02
-7.239513099193572998e-02
2.208237722516059875e-02
2.074990049004554749e-02
3.106382908299565315e-03
6.387588381767272949e-02
1.710109412670135498e-02
-4.705519601702690125e-02
-6.432990543544292450e-03
9.191885590553283691e-03
7.248780690133571625e-03
-3.577866032719612122e-02
-2.244599862024188042e-03
1.681318134069442749e-02
9.678817354142665863e-03
-2.036458440124988556e-02
6.342854350805282593e-02
2.513639256358146667e-02
-1.026665493845939636e-01
5.579547211527824402e-02
2.491123229265213013e-02
-1.197580993175506592e-02
-2.134083770215511322e-02
3.697998449206352234e-02
8.843481540679931641e-03
7.882980629801750183e-03
-1.939474046230316162e-02
2.573922649025917053e-02
-4.267019033432006836e-02
1.151023805141448975e-02
-4.265806451439857483e-02
1.117902472615242004e-01
5.562555044889450073e-02
-6.575471162796020508e-02
1.016569416970014572e-02
-2.173473127186298370e-02
2.676837146282196045e-02
-5.065484717488288879e-02
-1.223369617946445942e-03
3.609029948711395264e-02
5.197777971625328064e-02
1.256460100412368774e-01
-5.577731505036354065e-02
7.306133047677576542e-04
4.923566058278083801e-02
3.087747469544410706e-02
1.638033799827098846e-02
7.281965017318725586e-02
6.336107105016708374e-02
1.489413622766733170e-02
-3.813832998275756836e-02
1.179521903395652771e-02
-2.380287647247314453e-02
3.146535903215408325e-02
4.233554471284151077e-03
5.638637393712997437e-02
4.450380429625511169e-02
7.849648594856262207e-02
-8.388774585910141468e-04
-2.743292599916458130e-02
1.170434430241584778e-01
-1.949456892907619476e-02
-3.000203892588615417e-02
3.567455708980560303e-02
-2.259443514049053192e-02
2.108978666365146637e-02
-2.024206332862377167e-02
-1.325597055256366730e-03
-2.204375527799129486e-02
-6.712830159813165665e-03
4.113985225558280945e-02
2.518255263566970825e-02
-3.012275323271751404e-02
-2.709235064685344696e-02
-1.836239360272884369e-02
6.268344074487686157e-02
3.158836439251899719e-02
-6.654311716556549072e-02
-9.935395792126655579e-03
-1.253215782344341278e-02
-1.175829675048589706e-02
4.642469063401222229e-02
-3.925451263785362244e-02
-1.888825371861457825e-02
-2.473478019237518311e-02
6.726590916514396667e-03
2.384396269917488098e-02
-5.886433646082878113e-02
2.037365362048149109e-02
2.258629351854324341e-02
-8.184611797332763672e-03
3.718704357743263245e-02
-5.676639080047607422e-02
-3.751146048307418823e-02
-3.342104703187942505e-02
2.952879481017589569e-02
-5.052332952618598938e-02
-7.143040001392364502e-02
1.513423584401607513e-02
-3.300203755497932434e-02
5.230738967657089233e-02
2.460614033043384552e-02
5.085192620754241943e-03
4.499069973826408386e-02
6.493191467598080635e-04
5.986912548542022705e-02
5.176279321312904358e-02
5.410493165254592896e-02
-1.549778971821069717e-02
1.337854377925395966e-02
-7.241366803646087646e-02
-2.956617390736937523e-03
2.942349202930927277e-02
6.215769797563552856e-02
-2.355263102799654007e-03
-2.310805395245552063e-02
3.567434847354888916e-02
3.464633598923683167e-02
-1.772962696850299835e-02
6.301020085811614990e-02
-9.999560564756393433e-02
-3.823112323880195618e-02
1.077734120190143585e-02
-5.078944191336631775e-02
1.819261908531188965e-02
-1.996881701052188873e-02
5.099506303668022156e-02
4.410572350025177002e-02
-3.049342334270477295e-02
-3.193232789635658264e-02
4.298967123031616211e-02
-3.342295065522193909e-02
2.402786631137132645e-04
-3.510923311114311218e-02
1.686343736946582794e-02
1.159130781888961792e-02
3.052285686135292053e-02
-6.062468141317367554e-02
2.294932864606380463e-02
4.399277269840240479e-02
6.376661360263824463e-03
4.408439993858337402e-02
3.282244130969047546e-02
-1.237893127836287022e-03
-5.252305418252944946e-02
-5.726280063390731812e-02
2.706472296267747879e-03
-2.560673840343952179e-02
-1.208209525793790817e-02
8.555599488317966461e-03
1.903226412832736969e-02
-6.961869448423385620e-02
1.217800658196210861e-02
6.890033930540084839e-02
2.179671637713909149e-02
-5.118175968527793884e-02
-5.143180117011070251e-02
-1.030139997601509094e-02
-2.135035954415798187e-02
-2.234274335205554962e-02
-2.299492247402667999e-02
-2.025372907519340515e-02
-1.606387086212635040e-02
4.985162988305091858e-03
-7.608044892549514771e-02
3.297967463731765747e-02
-3.825071826577186584e-02
-1.472047436982393265e-02
1.915060356259346008e-02
-1.934631913900375366e-02
1.186468079686164856e-02
1.292454823851585388e-02
1.809978112578392029e-02
-6.096588447690010071e-02
-5.739575624465942383e-02
6.819935142993927002e-02
-3.927840664982795715e-02
2.290423773229122162e-02
2.259098691865801811e-03
-2.323174476623535156e-02
5.275833234190940857e-02
-1.679251901805400848e-02
2.424947172403335571e-02
2.154844067990779877e-02
4.481409117579460144e-02
-2.060142159461975098e-02
3.162516653537750244e-02
7.991154678165912628e-03
1.228276453912258148e-02
5.872445181012153625e-02
-2.991351112723350525e-02
1.653227768838405609e-02
-2.681848965585231781e-02
-4.421116784214973450e-03
-4.824241995811462402e-02
-2.966046333312988281e-02
-6.162127852439880371e-02
2.639963477849960327e-02
3.162448853254318237e-02
-2.518488653004169464e-02
5.843822658061981201e-02
1.230156235396862030e-02
3.290544450283050537e-02
4.640628769993782043e-02
-5.158897861838340759e-02
-1.384104322642087936e-02
8.703824877738952637e-02
7.562689483165740967e-02
2.184057608246803284e-02
-1.442645298084244132e-04
-4.373641312122344971e-02
-2.878193557262420654e-02
-2.107835561037063599e-02
-7.585540879517793655e-03
-3.287165984511375427e-02
-1.862378045916557312e-02
-7.236336823552846909e-03
-5.372922867536544800e-02
3.420792147517204285e-02
1.794420555233955383e-02
-4.582789540290832520e-02
-2.880806289613246918e-02
-4.077559337019920349e-02
-9.862198680639266968e-02
-1.220405753701925278e-02
3.288469091057777405e-02
-9.601460769772529602e-04
6.501828879117965698e-02
3.025052836164832115e-03
1.532629877328872681e-02
5.833769217133522034e-03
2.673514932394027710e-02
1.818280480802059174e-02
-1.110951788723468781e-02
-5.397427454590797424e-02
-3.490531072020530701e-02
-6.351367104798555374e-03
-8.928092569112777710e-02
1.847165636718273163e-02
-1.104670390486717224e-02
-2.214770065620541573e-03
4.585860297083854675e-02
3.257255628705024719e-02
-3.554796054959297180e-02
9.537078440189361572e-03
-2.820696122944355011e-02
9.937928058207035065e-03
-4.568545147776603699e-02
-2.539787255227565765e-02
-8.992654271423816681e-03
-2.954705432057380676e-02
3.166971728205680847e-02
1.504370663315057755e-02
-3.572244569659233093e-02
5.961008742451667786e-02
-2.933607436716556549e-02
-3.301849216222763062e-02
-5.421357229351997375e-03
-3.647111356258392334e-02
-4.380818922072649002e-03
3.784298896789550781e-02
4.058225825428962708e-02
6.200792267918586731e-03
5.469351261854171753e-02
6.031132489442825317e-02
-4.001727700233459473e-02
-3.233542293310165405e-02
3.801242262125015259e-02
-3.776495158672332764e-02
-3.480621799826622009e-02
1.533054094761610031e-02
-9.935976937413215637e-03
6.416186690330505371e-02
-7.929949462413787842e-02
3.365488722920417786e-02
-1.247175596654415131e-02
-3.380602970719337463e-02
-1.154078617691993713e-01
5.155643448233604431e-03
-5.947322770953178406e-02
2.757160738110542297e-02
2.122709061950445175e-03
-2.940051257610321045e-02
3.295452520251274109e-02
-2.343911305069923401e-02
-6.393079459667205811e-02
4.294297471642494202e-02
7.887537032365798950e-02
-2.305890433490276337e-03
-1.922922767698764801e-02
-2.376930974423885345e-02
1.681748405098915100e-02
7.252199202775955200e-02
5.030380561947822571e-03
3.653195919468998909e-03
1.028185784816741943e-01
-2.479923330247402191e-02
6.528620421886444092e-02
8.753197640180587769e-02
-4.010805487632751465e-02
-5.025910586118698120e-02
4.973386600613594055e-02
6.394386291503906250e-02
-8.218012005090713501e-02
-4.712020233273506165e-02
-1.486895605921745300e-02
3.182613477110862732e-02
-6.062816828489303589e-03
1.218334771692752838e-02
6.011407077312469482e-02
-5.296956002712249756e-02
2.925488352775573730e-02
-6.285503972321748734e-03
-1.703323610126972198e-02
8.883728832006454468e-02
-1.741944067180156708e-02
-3.375268355011940002e-02
-8.159887790679931641e-02
-5.494912341237068176e-02
3.316324949264526367e-02
-1.122806593775749207e-02
-1.177816092967987061e-02
-4.371943417936563492e-03
2.213858440518379211e-02
9.574384428560733795e-03
9.328315407037734985e-02
3.273531422019004822e-02
-2.285974286496639252e-02
-7.259485870599746704e-02
1.912847161293029785e-02
3.501090407371520996e-02
5.436091125011444092e-02
-2.392022311687469482e-02
-4.962776228785514832e-02
-8.260744810104370117e-02
-4.903964698314666748e-03
6.212446466088294983e-02
1.316955219954252243e-02
6.951864808797836304e-02
1.272308453917503357e-02
1.963735371828079224e-02
-3.164539113640785217e-02
-2.427374944090843201e-03
-2.208793163299560547e-02
5.989728122949600220e-02
2.739595621824264526e-02
4.087560623884201050e-02
-5.734992027282714844e-02
1.481590233743190765e-02
1.329878251999616623e-02
5.051273107528686523e-02
-1.055593267083168030e-01
3.416085615754127502e-03
-2.247008495032787323e-03
-6.287815421819686890e-02
-3.338972106575965881e-02
-8.761467412114143372e-03
5.679194509866647422e-05
3.042764589190483093e-02
5.593609064817428589e-02
-5.566444247961044312e-02
-1.956934109330177307e-02
-1.848854497075080872e-02
-4.723386466503143311e-02
8.184027858078479767e-03
-4.391613230109214783e-02
-2.346280589699745178e-02
3.594846650958061218e-02
-3.729941323399543762e-02
-5.993417464196681976e-03
4.441786557435989380e-02
-3.029485791921615601e-02
1.369556132704019547e-02
4.825133830308914185e-02
5.659579485654830933e-02
4.668690636754035950e-02
-8.826286345720291138e-02
-4.892605170607566833e-02
-4.952828213572502136e-02
6.431045476347208023e-03
-1.700313761830329895e-02
3.155375644564628601e-02
-1.690199971199035645e-02
-1.050167437642812729e-02
3.816758096218109131e-02
-3.847404196858406067e-02
-3.166031092405319214e-02
-5.791839677840471268e-03
-9.678714908659458160e-03
-7.905738800764083862e-02
3.828582540154457092e-02
-4.169133026152849197e-03
3.545718640089035034e-02
-3.857478033751249313e-03
-6.718056648969650269e-02
5.095493420958518982e-02
-6.154650449752807617e-02
-7.177022844552993774e-02
4.446121305227279663e-02
4.545484855771064758e-02
-5.834614858031272888e-02
5.503463000059127808e-02
-1.331144943833351135e-02
4.996236041188240051e-02
-3.488017618656158447e-02
-2.665214799344539642e-02
-1.828736998140811920e-02
6.050667166709899902e-02
1.566220261156558990e-02
2.520606666803359985e-02
3.848380595445632935e-02
-3.123308904469013214e-02
-5.674993153661489487e-03
-2.527718024794012308e-04
2.382781542837619781e-02
-3.345493972301483154e-02
-3.133952990174293518e-02
-5.614870693534612656e-03
-4.912785440683364868e-02
-7.294464856386184692e-02
4.079014435410499573e-02
-1.079631317406892776e-02
7.223946601152420044e-02
1.638584397733211517e-02
1.574777625501155853e-02
3.818112611770629883e-02
6.949962116777896881e-03
-1.294969674199819565e-02
-3.663005679845809937e-02
7.095625251531600952e-02
4.816298186779022217e-02
1.079771891236305237e-01
4.434184636920690536e-03
-8.200415968894958496e-02
3.521923441439867020e-03
-1.475787162780761719e-02
-1.731103844940662384e-02
-4.772375337779521942e-03
4.538464918732643127e-02
-4.408500343561172485e-02
2.137051708996295929e-02
-8.465492725372314453e-02
-7.824482023715972900e-02
-6.651540845632553101e-02
-4.947277531027793884e-02
1.161400675773620605e-01
5.061146337538957596e-03
1.218462176620960236e-02
6.831049919128417969e-02
2.669673226773738861e-02
-6.787334382534027100e-02
-2.710965462028980255e-02
7.625044137239456177e-02
9.704273194074630737e-03
-4.469687491655349731e-02
-4.025611281394958496e-02
-4.001943022012710571e-02
5.208573862910270691e-02
3.600796218961477280e-03
-5.445937812328338623e-02
4.978665709495544434e-02
1.459282822906970978e-02
3.161611407995223999e-02
4.626673460006713867e-02
9.837080724537372589e-03
-2.957297302782535553e-02
-4.463865235447883606e-02
-9.833872318267822266e-03
8.751887828111648560e-02
4.552299901843070984e-02
-5.701486766338348389e-02
-8.144582808017730713e-02
-5.530118569731712341e-02
1.812979951500892639e-02
3.622263669967651367e-03
-2.781057264655828476e-03
6.043237447738647461e-02
-1.229984445672016591e-05
-6.677837669849395752e-02
8.454968221485614777e-03
-5.989375710487365723e-02
-2.383756218478083611e-03
-6.447944790124893188e-03
6.831833720207214355e-02
1.140530873090028763e-02
7.264549378305673599e-03
2.381693385541439056e-02
-1.635763444937765598e-03
-2.497930079698562622e-02
-8.335983380675315857e-03
-9.559328667819499969e-03
-1.087139174342155457e-02
4.456774517893791199e-02
7.913389056921005249e-02
4.264048859477043152e-02
-4.577688500285148621e-02
2.899876981973648071e-02
-1.215887255966663361e-02
1.089409738779067993e-02
-3.504426684230566025e-03
9.408921003341674805e-02
-2.736209705471992493e-02
-4.554151743650436401e-02
2.606530673801898956e-02
1.572608388960361481e-02
-2.010519057512283325e-02
1.704377867281436920e-02
-2.049101144075393677e-02
-6.707097782054916024e-05
7.511847466230392456e-02
3.459791094064712524e-02
-4.941337555646896362e-02
6.359248608350753784e-02
2.204831689596176147e-02
4.483107477426528931e-02
-1.127650588750839233e-02
3.893065452575683594e-02
-4.486574325710535049e-03
4.272498562932014465e-02
-5.905289668589830399e-03
-5.714640952646732330e-03
-3.116111457347869873e-02
-5.978695303201675415e-02
4.425959661602973938e-02
8.250404894351959229e-02
1.047714240849018097e-02
-7.591240853071212769e-02
1.826711557805538177e-02
-1.194967050105333328e-02
-2.142031490802764893e-02
-9.466126561164855957e-03
-2.366199903190135956e-02
3.809219226241111755e-02
1.071314327418804169e-02
-9.740837849676609039e-04
-3.537986055016517639e-02
1.025328785181045532e-01
3.522989805787801743e-03
1.534432359039783478e-02
-2.371632261201739311e-03
-2.328989095985889435e-02
8.982253260910511017e-03
9.001346677541732788e-02
1.797075150534510612e-03
-4.015200585126876831e-02
-4.075942561030387878e-02
-4.225319623947143555e-02
6.955855339765548706e-02
4.816598445177078247e-02
1.217342820018529892e-02
2.791612781584262848e-02
-1.622483693063259125e-02
-2.787194401025772095e-02
-1.165274996310472488e-02
1.897714799270033836e-03
-5.972846597433090210e-02
1.497416850179433823e-02
3.492326661944389343e-02
6.851474940776824951e-02
-5.561981350183486938e-02
5.975059792399406433e-02
-1.032789349555969238e-01
1.482702977955341339e-02
-7.322369515895843506e-02
1.146428566426038742e-02
5.153543129563331604e-02
4.675923660397529602e-02
-2.740852907299995422e-02
-2.837113663554191589e-02
5.553849041461944580e-03
-1.140646729618310928e-02
-2.263439632952213287e-02
1.391780283302068710e-02
-1.367820706218481064e-02
-2.249456942081451416e-02
1.693588122725486755e-02
3.353520855307579041e-02
5.127413570880889893e-02
1.674741320312023163e-02
9.742310270667076111e-03
-3.839528560638427734e-02
1.159437838941812515e-02
7.688341662287712097e-03
-1.331720408052206039e-02
6.501010805368423462e-02
2.747827582061290741e-02
-1.423539966344833374e-02
-5.618054047226905823e-02
-8.090191334486007690e-02
3.172180149704217911e-03
-9.213729202747344971e-02
3.510430455207824707e-02
-1.031983345746994019e-01
-4.352079704403877258e-02
9.032687172293663025e-03
-3.369884565472602844e-03
-6.787425372749567032e-03
2.173258922994136810e-02
-3.762067109346389771e-02
-2.560489811003208160e-02
-1.641027396544814110e-03
-2.940508909523487091e-02
2.765825018286705017e-02
1.996575854718685150e-02
-5.522756278514862061e-02
-3.362299501895904541e-02
-1.958782412111759186e-02
-2.231679670512676239e-02
2.812018431723117828e-02
-2.044948004186153412e-02
1.308756321668624878e-02
-2.463860437273979187e-02
-6.618002429604530334e-03
1.954662054777145386e-02
-3.271118178963661194e-02
-5.187273025512695312e-02
-3.333860635757446289e-02
2.065397985279560089e-02
1.747279241681098938e-02
-1.984182000160217285e-02
-4.416596144437789917e-02
1.172511023469269276e-03
1.764686778187751770e-02
-2.213113941252231598e-02
-4.107072576880455017e-02
2.791814133524894714e-02
-3.426396846771240234e-02
-1.829895190894603729e-02
-1.434739958494901657e-02
-1.754759810864925385e-02
-3.430448099970817566e-02
-4.839155357331037521e-03
-5.158009752631187439e-02
7.021624594926834106e-02
2.106448449194431305e-02
-3.635191917419433594e-02
-6.469392031431198120e-02
2.785616181790828705e-02
8.798637241125106812e-02
-3.266256302595138550e-02
2.400697581470012665e-02
-2.908190339803695679e-02
-3.070226311683654785e-02
-2.101570926606655121e-02
-7.157242298126220703e-02
-3.896343335509300232e-02
-2.218172326683998108e-02
-5.227750632911920547e-03
5.769723560661077499e-03
5.840929690748453140e-03
6.062978878617286682e-02
3.507563471794128418e-02
9.437494911253452301e-03
3.830541297793388367e-02
2.218343876302242279e-02
1.004701829515397549e-03
2.854567393660545349e-02
1.098982691764831543e-01
-1.912169717252254486e-02
3.631632402539253235e-02
-4.549252986907958984e-02
1.325208041816949844e-02
1.058975327759981155e-02
1.983420224860310555e-03
3.098023869097232819e-02
5.697591975331306458e-02
-2.642408572137355804e-02
-2.339237369596958160e-02
3.638649731874465942e-02
4.964558407664299011e-03
-6.276451051235198975e-02
-4.468645527958869934e-02
-2.960760332643985748e-02
-3.846422955393791199e-02
-2.862020581960678101e-02
5.909007787704467773e-02
-7.862747460603713989e-02
1.432051509618759155e-02
2.910462766885757446e-02
5.905072391033172607e-02
-1.857039518654346466e-02
7.981278002262115479e-02
-3.940166532993316650e-02
-3.267424181103706360e-02
1.955592539161443710e-03
3.597180172801017761e-02
-1.262282673269510269e-02
1.141267130151391029e-03
-3.708557225763797760e-03
5.885642766952514648e-02
-3.390736132860183716e-02
1.468054018914699554e-02
-3.569297119975090027e-02
1.193069852888584137e-02
-2.162080071866512299e-02
-3.210872411727905273e-02
3.008570056408643723e-04
-2.138601802289485931e-02
-4.618548601865768433e-02
3.500395268201828003e-02
7.422779500484466553e-02
-7.906574010848999023e-02
3.145861625671386719e-02
-6.101367250084877014e-02
5.667680129408836365e-02
-5.853898823261260986e-02
-4.087850823998451233e-02
6.286236643791198730e-02
-3.680043295025825500e-02
-2.185073867440223694e-02
4.051502794027328491e-02
1.184928975999355316e-02
9.363651275634765625e-03
-1.318391412496566772e-02
-7.153692841529846191e-02
3.646856546401977539e-02
1.111291255801916122e-02
-3.972668200731277466e-02
1.185374800115823746e-02
2.330415137112140656e-02
-2.461050637066364288e-02
-2.366849780082702637e-02
-8.374564349651336670e-02
-1.904548332095146179e-02
3.072158666327595711e-03
4.353700578212738037e-02
1.024441234767436981e-02
-3.440224006772041321e-02
3.335497900843620300e-02
-2.009537816047668457e-02
-3.395808115601539612e-02
-1.622479036450386047e-02
-2.849250100553035736e-02
-1.171756652183830738e-03
-3.889681771397590637e-02
-2.374330535531044006e-02
2.955808676779270172e-02
1.923192664980888367e-02
-3.571042418479919434e-02
6.148396804928779602e-02
-1.070893853902816772e-01
-1.029510498046875000e-01
-5.690091103315353394e-02
3.303491324186325073e-02
-1.798914000391960144e-02
9.164474904537200928e-02
-2.398209832608699799e-02
-2.424965798854827881e-02
6.929758936166763306e-02
-6.517768651247024536e-02
-3.216388449072837830e-02
-1.171944290399551392e-02
7.591043412685394287e-02
4.390730708837509155e-02
2.944026608020067215e-03
-2.503178454935550690e-02
-9.088520891964435577e-03
-6.749341264367103577e-03
4.854749888181686401e-02
-3.630928322672843933e-02
-1.147406361997127533e-02
-3.323084115982055664e-02
2.186584845185279846e-02
-1.833892613649368286e-02
2.053061686456203461e-02
4.492681846022605896e-02
-2.056930959224700928e-02
-3.298079594969749451e-02
1.539909187704324722e-02
9.463124908506870270e-03
-2.057963982224464417e-02
-7.413753337459638715e-05
9.873267263174057007e-03
-2.531875856220722198e-02
3.874148533213883638e-04
-1.732456311583518982e-02
2.868074737489223480e-02
-8.672234416007995605e-02
1.720839762128889561e-03
-7.582864910364151001e-02
-6.673919036984443665e-03
1.559029612690210342e-02
5.877214670181274414e-02
1.686434634029865265e-02
-2.502531930804252625e-02
-7.520240731537342072e-03
2.805128507316112518e-02
-5.706644151359796524e-03
1.768852956593036652e-02
-2.066868729889392853e-02
6.311903893947601318e-02
1.213568076491355896e-02
-4.969318211078643799e-02
1.531698368489742279e-02
3.425074368715286255e-02
-5.258871242403984070e-02
-6.724368035793304443e-02
6.337533146142959595e-02
4.046182706952095032e-02
-6.393629312515258789e-02
-1.471689809113740921e-02
3.521385788917541504e-02
-9.029562934301793575e-04
6.401155842468142509e-04
-5.526791885495185852e-02
-2.793587930500507355e-02
1.812416315078735352e-02
-4.136548936367034912e-02
4.201691225171089172e-02
-3.557204827666282654e-02
-4.559744521975517273e-02
4.074582457542419434e-02
-1.082847863435745239e-01
2.198259718716144562e-02
1.048699859529733658e-02
-2.255334518849849701e-02
9.316504001617431641e-02
-5.677483975887298584e-02
-6.045398861169815063e-02
3.461343422532081604e-02
4.788519069552421570e-02
-2.523274533450603485e-02
6.257174164056777954e-02
-4.023781791329383850e-02
1.534233056008815765e-02
8.435469865798950195e-02
5.391694605350494385e-02
5.371732264757156372e-02
3.290548175573348999e-02
-1.049821823835372925e-01
4.400326684117317200e-02
1.778940204530954361e-03
4.064869135618209839e-02
-1.199672650545835495e-02
3.187765553593635559e-02
1.897561596706509590e-03
-8.820646442472934723e-03
2.801764011383056641e-02
7.028418593108654022e-03
2.089793607592582703e-02
-5.620592832565307617e-02
-6.799023598432540894e-02
-4.751442931592464447e-03
6.368563510477542877e-03
-1.021336466073989868e-01
-3.069441393017768860e-02
2.289495989680290222e-02
-2.222087234258651733e-02
6.180217489600181580e-03
6.692005787044763565e-03
-3.933277353644371033e-02
-3.081729449331760406e-02
-7.197637856006622314e-02
-2.150742337107658386e-02
8.786980062723159790e-02
-3.370562195777893066e-02
-2.880486100912094116e-02
3.619045019149780273e-02
-2.710029855370521545e-02
-2.971810288727283478e-02
4.165576025843620300e-02
-2.742339111864566803e-02
-3.772550821304321289e-02
-5.448555108159780502e-03
-1.688248850405216217e-02
4.592749103903770447e-02
-9.541565179824829102e-02
5.568611249327659607e-02
-4.379710555076599121e-02
-4.214352928102016449e-03
2.649498172104358673e-02
-3.818781673908233643e-02
-1.927167549729347229e-02
1.243267953395843506e-02
-1.059361919760704041e-02
-3.650250285863876343e-02
3.657692298293113708e-02
-6.571501493453979492e-02
3.426761552691459656e-02
1.971778459846973419e-02
-3.929398953914642334e-02
-3.794771805405616760e-02
3.407113999128341675e-02
5.119067057967185974e-02
5.387091636657714844e-02
3.156889975070953369e-02
4.280669987201690674e-02
-4.033330082893371582e-02
-4.545153677463531494e-02
-6.369352806359529495e-03
-1.044340245425701141e-02
-7.921804487705230713e-02
2.167035825550556183e-02
7.145876530557870865e-03
4.403820261359214783e-02
-1.261264737695455551e-02
3.921521082520484924e-02
3.066039457917213440e-02
2.125839889049530029e-02
1.610983721911907196e-02
3.232724219560623169e-02
-2.084330841898918152e-02
-1.909704762510955334e-03
-3.888047859072685242e-02
5.043981596827507019e-02
-4.886744543910026550e-02
1.126327551901340485e-02
3.726077033206820488e-03
1.025877520442008972e-02
2.984365820884704590e-02
-2.096475474536418915e-02
8.624999783933162689e-03
-3.280141204595565796e-02
8.086694031953811646e-02
-5.198832228779792786e-02
1.845618896186351776e-02
-3.011054918169975281e-02
5.716595798730850220e-02
-2.882852591574192047e-02
-8.123091608285903931e-02
-2.177518047392368317e-02
-4.478139430284500122e-02
-4.396303743124008179e-02
6.882175803184509277e-03
5.135199800133705139e-02
6.956756860017776489e-02
-4.062620922923088074e-02
3.320290893316268921e-02
-3.008400462567806244e-02
5.892853718250989914e-03
8.117918856441974640e-03
9.247280657291412354e-03
-9.208848699927330017e-03
6.993013434112071991e-03
-5.643310025334358215e-03
-2.789435163140296936e-02
3.021175041794776917e-03
5.852470546960830688e-02
1.117614004760980606e-02
6.594306975603103638e-02
4.118070064578205347e-04
2.278970740735530853e-02
3.629136458039283752e-02
2.847396396100521088e-02
-2.132061496376991272e-02
4.168623313307762146e-02
