-1.134762354195117950e-02
-3.320512920618057251e-02
-6.356665492057800293e-02
2.108269184827804565e-02
-7.185336202383041382e-02
6.095382571220397949e-02
8.281162939965724945e-03
-1.876504532992839813e-02
2.739004231989383698e-02
-3.397320210933685303e-02
4.354104772210121155e-02
1.962673850357532501e-02
2.420954219996929169e-02
-1.702751219272613525e-02
1.273839082568883896e-02
-4.039828106760978699e-02
5.591660737991333008e-02
5.516883730888366699e-02
3.379556536674499512e-02
2.586846705526113510e-03
1.332339161308482289e-05
1.131621748208999634e-02
5.550451111048460007e-03
2.261362969875335693e-02
4.683564603328704834e-02
3.061695396900177002e-02
4.529843479394912720e-02
-4.949457012116909027e-03
-7.473965734243392944e-02
-3.954905271530151367e-02
1.515334006398916245e-02
-1.605594903230667114e-02
-1.712313480675220490e-02
-2.523935586214065552e-02
-1.598776504397392273e-02
3.295937553048133850e-02
-2.300214581191539764e-02
4.875250160694122314e-04
-3.003499843180179596e-02
-2.675570733845233917e-02
-7.700204849243164062e-02
3.445573151111602783e-02
-1.455890759825706482e-02
-7.404159754514694214e-02
-3.506051748991012573e-02
1.861394569277763367e-02
4.177105054259300232e-02
-1.063397619873285294e-02
-7.519061118364334106e-02
-1.721563935279846191e-02
5.657388828694820404e-03
3.667742758989334106e-02
-1.731496118009090424e-02
4.135657474398612976e-02
-5.174526572227478027e-02
-7.847773842513561249e-03
3.450428694486618042e-02
-2.877988293766975403e-02
4.212968051433563232e-03
2.060594595968723297e-02
-3.913677111268043518e-02
-5.481514707207679749e-02
-4.302773252129554749e-02
-2.700733765959739685e-02
1.032067239284515381e-01
-3.147169575095176697e-02
7.207266241312026978e-02
-2.300476655364036560e-02
2.511848136782646179e-02
2.703836746513843536e-02
-1.644058153033256531e-02
-3.122153319418430328e-02
2.199794398620724678e-03
2.575581148266792297e-02
3.128068894147872925e-02
-5.392356216907501221e-02
5.566575750708580017e-02
6.483889184892177582e-03
-3.644376993179321289e-02
3.215728327631950378e-02
-7.080633938312530518e-02
2.037159912288188934e-02
5.797607079148292542e-02
-2.642083540558815002e-02
-9.459633380174636841e-02
3.024497069418430328e-02
-1.404911465942859650e-02
1.551264896988868713e-02
-2.640267089009284973e-02
-8.758062124252319336e-02
-4.727535694837570190e-02
-5.895574018359184265e-02
6.924841436557471752e-04
6.331521272659301758e-02
6.629774719476699829e-02
-3.066319972276687622e-02
-4.295469447970390320e-02
5.058069527149200439e-02
-7.532865740358829498e-03
-3.620323166251182556e-02
4.672156274318695068e-02
-6.762403249740600586e-02
8.255358785390853882e-03
1.918704062700271606e-02
-3.077277680858969688e-03
-1.522708311676979065e-02
4.898517206311225891e-02
-2.212752960622310638e-02
-7.627259939908981323e-02
-3.063932247459888458e-02
-7.239427417516708374e-02
6.223649904131889343e-02
1.962012052536010742e-02
8.126390725374221802e-02
-4.748721420764923096e-02
2.771312743425369263e-02
3.471790254116058350e-02
-3.693298995494842529e-02
-3.177509456872940063e-02
5.925905704498291016e-02
3.087073192000389099e-02
-2.042218670248985291e-02
-7.024419307708740234e-02
-1.167077105492353439e-02
5.281183496117591858e-02
-8.922058157622814178e-03
2.419293299317359924e-02
-4.141062870621681213e-02
6.516161840409040451e-03
4.446382075548171997e-02
-1.248230505734682083e-02
-3.876778110861778259e-02
-4.129328578710556030e-02
5.410006642341613770e-02
-1.329600811004638672e-02
3.189781308174133301e-02
1.390514150261878967e-02
-2.276554889976978302e-02
6.509197875857353210e-03
2.837114594876766205e-02
-4.814830422401428223e-02
9.550396353006362915e-02
-3.932395949959754944e-02
-2.561666630208492279e-02
-2.087939530611038208e-02
-6.390181183815002441e-02
-3.972155973315238953e-02
-2.738393656909465790e-02
9.232603013515472412e-03
-1.136891078203916550e-02
3.047768585383892059e-02
1.892267353832721710e-02
-5.447574332356452942e-02
-8.610528707504272461e-02
8.771491050720214844e-02
-3.683047741651535034e-02
-2.852214686572551727e-02
-3.783946856856346130e-02
4.673605412244796753e-02
5.293242260813713074e-02
1.059615612030029297e-02
-3.264094889163970947e-02
-2.571863681077957153e-02
1.033102497458457947e-01
-9.353931248188018799e-02
3.235866874456405640e-02
-5.798959732055664062e-02
-1.308890990912914276e-02
-9.669129736721515656e-03
4.747579991817474365e-02
-4.995620623230934143e-02
1.413034368306398392e-02
3.772730752825737000e-02
-5.033976957201957703e-02
3.037366457283496857e-02
-5.452856421470642090e-02
-6.501949578523635864e-02
3.848610818386077881e-02
3.454080596566200256e-02
-6.552930176258087158e-02
-1.756720617413520813e-02
1.458120439201593399e-02
6.715638563036918640e-03
5.926257744431495667e-02
-8.911225199699401855e-02
-2.608396112918853760e-02
-6.517538428306579590e-02
-5.218307673931121826e-02
-7.369041442871093750e-02
1.555120944976806641e-02
6.779225915670394897e-02
-1.214322634041309357e-02
-3.694146499037742615e-02
3.618437796831130981e-02
5.219959467649459839e-02
-6.144037097692489624e-02
-1.675269939005374908e-02
-5.678476393222808838e-02
2.442495524883270264e-02
-1.027168240398168564e-02
1.183120999485254288e-03
1.075625792145729065e-01
-3.540553897619247437e-02
-6.464873906224966049e-03
4.046842455863952637e-02
5.195835232734680176e-02
-8.678564801812171936e-03
-1.195252593606710434e-02
4.830297827720642090e-02
-2.155809476971626282e-02
5.761674605309963226e-03
-5.500892177224159241e-02
-6.751094013452529907e-02
-6.480231136083602905e-02
1.493567787110805511e-02
8.243954926729202271e-02
-4.374027252197265625e-02
2.064970321953296661e-02
-4.290022328495979309e-02
2.518945187330245972e-02
1.448103412985801697e-02
-2.657781913876533508e-02
4.626022186130285263e-03
9.093279018998146057e-03
-1.193357445299625397e-02
7.260073721408843994e-02
1.368710026144981384e-02
-5.980263650417327881e-02
4.864093288779258728e-02
-3.751672047656029463e-04
-5.803892761468887329e-02
5.294102430343627930e-02
-8.864101022481918335e-02
-2.316628396511077881e-02
1.703977584838867188e-03
-7.600323855876922607e-02
5.360288545489311218e-02
4.602112621068954468e-02
9.879100136458873749e-03
-2.245299145579338074e-02
-1.352485176175832748e-02
1.865672529675066471e-03
-4.734836518764495850e-02
2.568247914314270020e-02
5.590143799781799316e-02
1.435901690274477005e-02
3.899503126740455627e-02
-2.366856485605239868e-02
-3.943272307515144348e-02
-1.618337118998169899e-03
-1.409474015235900879e-02
-1.003426592797040939e-02
-6.819383054971694946e-02
1.520644035190343857e-02
8.531063795089721680e-02
-2.238875627517700195e-02
-7.456334307789802551e-03
1.079048123210668564e-02
-9.461231529712677002e-03
-4.390460997819900513e-02
-3.096106089651584625e-02
-8.168397098779678345e-02
-1.222130749374628067e-02
-3.957346826791763306e-02
-5.895073339343070984e-02
1.685757935047149658e-02
-5.511310696601867676e-02
5.373382475227117538e-03
2.856434136629104614e-02
-4.429977387189865112e-02
5.425785481929779053e-02
8.212437480688095093e-02
6.027127802371978760e-02
-2.822459116578102112e-02
3.650040132924914360e-03
2.168050408363342285e-02
-1.873258315026760101e-02
2.783663198351860046e-02
5.945234373211860657e-02
9.527958929538726807e-03
-5.742702633142471313e-02
-2.036154828965663910e-02
-3.838299959897994995e-02
1.275128684937953949e-02
7.121987640857696533e-02
-2.317181788384914398e-03
1.574318110942840576e-02
-1.744117401540279388e-02
-6.180043891072273254e-02
-7.223150134086608887e-02
-9.455836261622607708e-04
-3.305498510599136353e-02
2.751261694356799126e-03
3.056158311665058136e-02
2.802925929427146912e-02
2.727827616035938263e-02
-2.446885593235492706e-02
5.858520045876502991e-03
-1.014312077313661575e-02
2.361193113029003143e-02
5.672152619808912277e-03
-3.918949980288743973e-03
-4.886873811483383179e-02
4.997780174016952515e-02
6.057894229888916016e-02
3.633126616477966309e-03
-3.081690520048141479e-02
-2.087485790252685547e-02
1.904159784317016602e-02
-6.892815232276916504e-02
-6.662827730178833008e-02
1.945676654577255249e-02
-2.947421511635184288e-03
-5.024127662181854248e-02
-4.107453394681215286e-03
2.904355525970458984e-02
1.703933253884315491e-02
-7.925849407911300659e-02
-1.970734074711799622e-02
4.995785281062126160e-02
-7.960441708564758301e-02
-4.695456102490425110e-02
4.481665790081024170e-02
-4.253728315234184265e-02
-3.966552019119262695e-02
9.215210564434528351e-03
5.118189752101898193e-02
-5.487592518329620361e-02
-3.905305871739983559e-03
5.028631538152694702e-02
-3.643955662846565247e-02
9.808139503002166748e-02
-2.225932665169239044e-02
-6.710829585790634155e-02
-5.093371123075485229e-02
5.211587622761726379e-02
-7.770904805511236191e-03
3.656432498246431351e-03
-4.802354052662849426e-02
-8.619662374258041382e-02
-1.032976061105728149e-01
-4.626918211579322815e-02
1.133288722485303879e-02
-7.127474993467330933e-02
5.857107788324356079e-02
-4.357233643531799316e-02
-3.899221494793891907e-02
1.348401652649044991e-03
7.311396300792694092e-02
-5.256234854459762573e-02
-5.325916409492492676e-02
-1.465486641973257065e-02
1.902917958796024323e-02
2.936709905043244362e-03
8.022361248731613159e-02
-5.142315104603767395e-02
6.171372905373573303e-02
3.126391395926475525e-02
-8.035473525524139404e-02
-4.236800223588943481e-02
8.677699603140354156e-03
1.422493066638708115e-02
2.451502904295921326e-02
3.921878710389137268e-02
-2.079494297504425049e-02
-2.779199182987213135e-02
4.868399351835250854e-02
-3.175130768795497715e-05
-7.565958797931671143e-02
-2.238404378294944763e-02
-1.822335645556449890e-02
1.551870070397853851e-02
-2.464203350245952606e-02
-4.662400484085083008e-02
-2.971995249390602112e-02
-2.458144724369049072e-02
-4.684658721089363098e-02
6.582494825124740601e-02
1.455402094870805740e-02
5.986500531435012817e-02
7.648073881864547729e-02
-1.018801610916852951e-02
-3.271093964576721191e-02
-4.975570738315582275e-02
-2.497430332005023956e-02
1.605794578790664673e-02
-1.810387708246707916e-02
-5.986123904585838318e-02
-3.663032501935958862e-02
-4.885454103350639343e-02
2.792821265757083893e-03
3.340852446854114532e-03
4.445281345397233963e-03
6.724920123815536499e-03
-2.442150749266147614e-02
1.003342121839523315e-02
-5.622603371739387512e-02
2.837743796408176422e-02
-5.279290303587913513e-02
1.363216619938611984e-02
-3.042422980070114136e-02
-5.428499355912208557e-02
-3.467437997460365295e-02
2.305711060762405396e-02
3.966018557548522949e-02
-3.073088300880044699e-04
8.315186202526092529e-02
-7.625214010477066040e-02
1.147337350994348526e-02
-1.525042694993317127e-03
1.450734585523605347e-02
-1.895553059875965118e-02
2.313690260052680969e-02
-9.538642130792140961e-03
1.738952100276947021e-02
8.157086558640003204e-03
6.958466488867998123e-03
-6.940208375453948975e-02
-1.696508144959807396e-03
-1.371340081095695496e-02
1.001444756984710693e-01
-3.965127468109130859e-02
2.080097422003746033e-02
-2.122148405760526657e-03
7.245188951492309570e-02
-8.498686365783214569e-03
-4.929731413722038269e-02
-4.078048095107078552e-02
3.023173101246356964e-02
-1.919026114046573639e-02
-4.549149796366691589e-02
-1.273174863308668137e-02
-3.496031090617179871e-02
7.817408069968223572e-03
-2.375711500644683838e-02
3.876807540655136108e-02
1.737176626920700073e-02
3.608392551541328430e-02
4.896339401602745056e-02
3.171116113662719727e-02
4.397043585777282715e-02
5.875651910901069641e-02
-5.509462673217058182e-03
2.787856757640838623e-02
-1.415301021188497543e-02
-2.892472781240940094e-02
-1.603901945054531097e-02
-4.241325333714485168e-02
2.654452808201313019e-02
-2.984512969851493835e-02
2.338976133614778519e-03
4.058375488966703415e-03
-1.096079498529434204e-01
6.651394069194793701e-02
-1.965697295963764191e-02
-3.260795399546623230e-02
-1.844702102243900299e-02
-2.542794868350028992e-02
3.700644709169864655e-03
2.095824107527732849e-02
-3.764980658888816833e-02
2.489998377859592438e-02
-3.482432290911674500e-02
-5.830668658018112183e-02
3.548667207360267639e-02
-4.402174055576324463e-02
-1.550000533461570740e-02
4.588798433542251587e-02
9.749163873493671417e-03
-5.888365209102630615e-02
-1.331887487322092056e-02
-5.675791949033737183e-02
-5.063572525978088379e-02
5.640021711587905884e-02
-9.999098628759384155e-02
-1.846489612944424152e-03
2.926583401858806610e-02
4.054804891347885132e-02
6.822258234024047852e-02
-5.964416638016700745e-02
-3.375820443034172058e-02
-3.077039727941155434e-03
1.266827154904603958e-02
2.939372695982456207e-02
2.331117354333400726e-02
-9.116081893444061279e-02
-1.312238536775112152e-02
-3.009156323969364166e-02
5.752176791429519653e-02
-5.124232172966003418e-02
-4.606387112289667130e-03
2.440148033201694489e-02
3.131788969039916992e-02
-8.159675449132919312e-02
4.775689542293548584e-02
-7.480142638087272644e-03
-3.001798316836357117e-02
2.354069054126739502e-02
-1.473702769726514816e-02
3.752167895436286926e-02
-4.396863654255867004e-02
3.477743268013000488e-02
-1.584069244563579559e-02
-4.701839014887809753e-02
-4.735912382602691650e-02
1.115444675087928772e-02
-2.784087136387825012e-02
1.924241520464420319e-02
-8.619420230388641357e-02
-2.689729817211627960e-02
-3.837010264396667480e-02
3.829599916934967041e-02
-6.685665249824523926e-02
-1.876261457800865173e-02
2.804328873753547668e-02
-2.844942035153508186e-03
-2.487912215292453766e-02
3.460514126345515251e-03
3.577845916152000427e-02
-4.114976525306701660e-02
8.819004893302917480e-02
-2.046563848853111267e-02
6.136382371187210083e-02
4.880337417125701904e-02
-8.765529841184616089e-03
-4.084130004048347473e-02
4.940691590309143066e-02
-7.050900603644549847e-04
-4.405364394187927246e-02
1.316040940582752228e-02
-2.175222150981426239e-02
2.003999054431915283e-02
3.234781697392463684e-02
-4.493891075253486633e-02
-5.653251893818378448e-03
-3.374460712075233459e-02
6.623052805662155151e-02
-6.348448991775512695e-02
2.459293231368064880e-02
4.300341755151748657e-02
-5.593280121684074402e-02
-3.517795726656913757e-02
2.932220324873924255e-02
-3.311752527952194214e-02
-5.016198381781578064e-02
7.475555688142776489e-02
-2.299238741397857666e-02
3.063362836837768555e-02
3.038211353123188019e-02
5.528143048286437988e-02
-8.120039850473403931e-02
-5.651805177330970764e-02
-1.817556284368038177e-02
1.723934337496757507e-02
3.700169548392295837e-02
-1.109995543956756592e-01
2.823886089026927948e-02
2.299397997558116913e-02
-3.824569284915924072e-02
6.245034560561180115e-02
5.034435912966728210e-02
-2.252300269901752472e-02
3.569175302982330322e-02
2.720861323177814484e-02
3.237879648804664612e-02
-4.098675027489662170e-02
-3.157997131347656250e-02
-2.786521054804325104e-02
-7.465422153472900391e-03
-1.057388707995414734e-01
5.131689831614494324e-02
1.037216335535049438e-01
-3.049415722489356995e-02
-3.707626834511756897e-02
-5.823483318090438843e-02
4.668910428881645203e-02
1.309376768767833710e-02
5.233058240264654160e-03
-1.650470122694969177e-02
1.249997597187757492e-02
5.886476859450340271e-02
-5.427662283182144165e-02
1.663840934634208679e-02
4.727024585008621216e-02
4.500837624073028564e-02
5.766870453953742981e-02
3.193100169301033020e-02
4.585850238800048828e-02
8.804805576801300049e-03
-3.386760503053665161e-02
-1.972479000687599182e-02
-3.634155169129371643e-02
5.477398261427879333e-02
1.799935102462768555e-02
-3.632423654198646545e-02
-2.226539514958858490e-02
-4.698694124817848206e-02
-1.887084357440471649e-02
9.415012598037719727e-02
2.372173406183719635e-02
7.365030050277709961e-02
1.807309128344058990e-02
-2.058760076761245728e-02
6.950812041759490967e-02
1.061965827830135822e-03
5.548776313662528992e-02
3.847349807620048523e-02
4.247808083891868591e-02
1.567235775291919708e-02
5.467209592461585999e-02
5.381298810243606567e-02
9.454947896301746368e-03
8.211300522089004517e-02
-1.728419959545135498e-02
2.445677295327186584e-02
2.210599556565284729e-02
5.836969241499900818e-02
2.577296458184719086e-02
3.337542340159416199e-02
1.455680280923843384e-02
-5.423021502792835236e-03
-1.031532324850559235e-02
5.848697200417518616e-02
-4.254991933703422546e-02
5.328110605478286743e-02
2.683725208044052124e-03
-4.637531936168670654e-02
8.340330421924591064e-02
4.350173845887184143e-02
4.636353999376296997e-02
4.998297430574893951e-03
-4.269774630665779114e-02
2.476469613611698151e-02
-3.172092884778976440e-02
5.906357616186141968e-02
-2.332009188830852509e-02
-4.089535772800445557e-02
-1.689484715461730957e-02
4.437418654561042786e-02
-8.856555446982383728e-03
-3.486826643347740173e-02
-5.504056811332702637e-02
5.619622021913528442e-02
-1.157875265926122665e-02
6.772222369909286499e-02
1.646932214498519897e-03
5.006080865859985352e-02
1.250588707625865936e-02
-1.154017262160778046e-02
-2.231978066265583038e-02
-1.036630347371101379e-01
4.415465518832206726e-02
-7.740882039070129395e-02
-4.211563989520072937e-02
2.225040271878242493e-02
1.547188404947519302e-02
2.561852522194385529e-02
-4.328485950827598572e-02
9.885787731036543846e-04
-2.774421684443950653e-02
-4.821201786398887634e-02
4.403181839734315872e-03
-2.644126070663332939e-03
2.754654176533222198e-02
8.990315254777669907e-04
1.019879803061485291e-02
2.365038357675075531e-02
2.912631817162036896e-02
2.297747507691383362e-02
1.433263765648007393e-03
-3.683225810527801514e-02
1.427355967462062836e-02
-1.025885716080665588e-02
-5.032608658075332642e-02
8.403557538986206055e-02
-4.354549944400787354e-02
1.344277802854776382e-02
2.179807610809803009e-02
-5.193901434540748596e-02
-1.841721683740615845e-02
2.567392960190773010e-02
5.976807326078414917e-02
3.076950274407863617e-02
5.657430365681648254e-02
8.180657401680946350e-03
3.017185721546411514e-03
-3.545778617262840271e-02
1.093268860131502151e-03
-1.627730578184127808e-02
-4.723823815584182739e-02
-7.087057828903198242e-02
2.766938880085945129e-02
3.647188469767570496e-02
1.886175572872161865e-02
5.347402021288871765e-02
-3.319827094674110413e-02
5.993600562214851379e-02
1.025415584444999695e-01
1.761718536727130413e-03
-1.664737425744533539e-02
-2.542033419013023376e-02
8.148605003952980042e-03
5.879725143313407898e-02
-2.840169006958603859e-03
9.475256502628326416e-02
-3.387670964002609253e-02
4.872154816985130310e-02
2.564112655818462372e-03
1.695663854479789734e-02
-2.262899465858936310e-02
1.583717577159404755e-02
8.012958802282810211e-03
-2.843720838427543640e-03
-3.721469268202781677e-02
6.492117047309875488e-02
-2.537325583398342133e-02
6.026148912496864796e-04
3.313725814223289490e-02
-2.433632314205169678e-02
1.568896695971488953e-02
-8.605755865573883057e-03
9.901517629623413086e-02
-3.409039601683616638e-02
-4.155511781573295593e-02
-6.906688958406448364e-02
-4.654545709490776062e-02
-5.228742957115173340e-02
-2.761319465935230255e-02
2.224663831293582916e-02
-2.387267164885997772e-02
-1.403657346963882446e-02
1.191631890833377838e-02
-3.978181257843971252e-02
-4.733389243483543396e-02
-2.831730060279369354e-02
-2.524851635098457336e-02
2.703015506267547607e-02
7.070782594382762909e-03
2.334251999855041504e-02
-2.813753485679626465e-02
3.854168578982353210e-02
-1.306823082268238068e-02
1.523989066481590271e-02
-3.683333471417427063e-02
-5.847367458045482635e-03
9.407715871930122375e-03
4.397208988666534424e-02
-3.031386621296405792e-02
2.833648398518562317e-02
-2.550160698592662811e-02
-3.501897677779197693e-02
2.556251361966133118e-02
8.126194030046463013e-02
1.015380211174488068e-02
-3.526488319039344788e-02
3.974399529397487640e-03
-1.271247398108243942e-03
1.175612304359674454e-02
2.879923768341541290e-02
7.190210372209548950e-02
6.742781400680541992e-02
-7.108174730092287064e-03
2.088045701384544373e-02
-1.908515952527523041e-02
-6.876331567764282227e-02
-6.303492188453674316e-02
5.299948155879974365e-02
-2.875904366374015808e-02
3.818680346012115479e-02
-5.063130706548690796e-02
-5.072791501879692078e-02
-4.770123213529586792e-02
4.056946933269500732e-02
3.728752583265304565e-02
-2.683100476861000061e-02
-6.670073419809341431e-02
1.571516506373882294e-02
-3.383290767669677734e-02
-1.970331929624080658e-02
3.485335409641265869e-02
2.288014627993106842e-02
-4.514623805880546570e-02
-2.151955850422382355e-02
-7.280374411493539810e-03
2.790532447397708893e-02
6.914228666573762894e-03
2.126927301287651062e-02
7.562503218650817871e-03
-6.551841739565134048e-03
-9.710829704999923706e-03
-1.086873747408390045e-02
1.017771009355783463e-02
-3.525914996862411499e-02
3.223667293787002563e-02
-6.847249809652566910e-03
-7.514181733131408691e-02
-3.291186690330505371e-02
-5.445819348096847534e-02
2.782655134797096252e-02
-6.141906604170799255e-02
6.751246750354766846e-03
-8.157651871442794800e-02
1.379779540002346039e-02
-3.368452191352844238e-02
7.374683767557144165e-02
4.543661326169967651e-02
1.785886660218238831e-02
-8.902734145522117615e-03
-3.431838005781173706e-02
3.329419344663619995e-02
-9.976503439247608185e-03
-1.349859870970249176e-02
-5.950424820184707642e-02
5.519518628716468811e-03
-8.359528146684169769e-03
5.307499319314956665e-03
4.441669955849647522e-02
3.075066767632961273e-02
1.540701743215322495e-02
9.886552393436431885e-02
-1.291846390813589096e-02
-2.774392068386077881e-02
4.967990890145301819e-02
-3.877945616841316223e-02
8.457618951797485352e-02
-4.214798565953969955e-03
8.299853652715682983e-02
-3.604052355512976646e-03
8.708584308624267578e-02
1.473692804574966431e-02
9.436421096324920654e-02
5.633107386529445648e-03
1.053180824965238571e-02
-2.106836996972560883e-02
5.797723308205604553e-02
5.110773444175720215e-02
8.322069793939590454e-02
7.756286114454269409e-02
3.929145261645317078e-02
-5.772640928626060486e-02
2.072657272219657898e-02
-3.948495537042617798e-02
-5.514970421791076660e-02
4.054756090044975281e-02
6.522671133279800415e-02
-2.127711661159992218e-02
1.119370013475418091e-02
-5.982039123773574829e-02
-6.703646853566169739e-03
-6.783729791641235352e-02
3.349226713180541992e-02
-3.973438963294029236e-02
2.899319306015968323e-02
3.066247701644897461e-02
-5.510722845792770386e-02
2.318719029426574707e-02
-7.695698644965887070e-03
1.932303234934806824e-02
5.697502195835113525e-02
-3.146205842494964600e-02
-2.115766704082489014e-02
-3.193698450922966003e-02
-3.584732487797737122e-02
3.210480138659477234e-02
3.594992740545421839e-04
-1.533174328505992889e-02
1.170449890196323395e-02
3.278655186295509338e-02
1.221015583723783493e-02
8.544166572391986847e-03
-2.184710837900638580e-02
4.215322062373161316e-02
-3.024964407086372375e-02
4.157454520463943481e-02
1.228583324700593948e-02
-4.199855029582977295e-02
2.134989202022552490e-02
-8.191119879484176636e-02
1.785469800233840942e-02
-4.765480011701583862e-02
4.206046834588050842e-02
2.213666029274463654e-02
-6.697873771190643311e-02
-1.815183833241462708e-02
-1.723286404740065336e-04
-7.144630700349807739e-02
2.037963084876537323e-02
-9.291312039749755058e-07
-1.537659554742276669e-04
4.674957320094108582e-02
8.806146681308746338e-02
5.920097976922988892e-02
4.670148715376853943e-02
-4.327286034822463989e-02
1.167972981929779053e-01
1.758341491222381592e-02
-6.632930785417556763e-02
1.508329901844263077e-02
5.995512008666992188e-02
-1.636712439358234406e-02
-2.045661024749279022e-02
-6.456117331981658936e-02
1.160496263764798641e-03
-9.040315635502338409e-03
-4.450451582670211792e-03
4.235025867819786072e-02
4.786963015794754028e-02
-8.487244136631488800e-03
-2.374007366597652435e-02
8.405446261167526245e-02
-1.028690952807664871e-02
5.015634745359420776e-02
1.782043650746345520e-02
-3.997558727860450745e-02
1.759623736143112183e-02
-2.251458913087844849e-02
-6.489463895559310913e-02
-3.693056851625442505e-02
3.822365775704383850e-02
9.359662421047687531e-03
-1.044631153345108032e-01
2.236375771462917328e-02
-5.589524284005165100e-02
7.028824836015701294e-02
-1.026207767426967621e-02
-2.977040968835353851e-02
8.274654299020767212e-02
-3.926265984773635864e-02
4.729700274765491486e-03
-4.878491535782814026e-02
6.212782114744186401e-02
-7.963422685861587524e-02
-2.362027950584888458e-02
-2.160755917429924011e-03
-3.244270756840705872e-02
-4.048907756805419922e-02
-4.016438126564025879e-02
4.315473511815071106e-02
-1.068344041705131531e-01
3.338493779301643372e-02
4.297547414898872375e-02
-8.117703348398208618e-02
-2.974085509777069092e-03
1.445378549396991730e-02
-2.318218164145946503e-02
-5.988236144185066223e-02
5.136740207672119141e-02
-1.321337930858135223e-02
2.186905592679977417e-02
2.671914361417293549e-02
-2.392005361616611481e-02
2.045731246471405029e-02
5.432084202766418457e-02
1.644550077617168427e-02
-8.895902335643768311e-02
-1.891477033495903015e-02
-9.353923052549362183e-02
3.963269409723579884e-04
-2.135103754699230194e-02
-3.534732013940811157e-02
1.649127341806888580e-02
-3.508232999593019485e-03
-4.373455420136451721e-02
-2.108786813914775848e-02
2.513623610138893127e-02
-4.597391001880168915e-03
5.667757987976074219e-02
5.236519128084182739e-02
6.957316398620605469e-02
4.799332469701766968e-02
-3.639709204435348511e-02
-1.013696938753128052e-02
-7.059932500123977661e-02
-2.879401110112667084e-02
2.897107414901256561e-02
4.257796704769134521e-02
1.207194775342941284e-01
2.167595550417900085e-02
-3.530279546976089478e-02
-2.933911979198455811e-02
-1.130518410354852676e-02
9.002363309264183044e-03
-6.293281167745590210e-02
5.712123960256576538e-02
-8.254520595073699951e-02
3.608043119311332703e-02
-1.162036322057247162e-02
1.374296098947525024e-02
1.189456135034561157e-02
-1.413140911608934402e-03
-7.007274031639099121e-02
-3.239777311682701111e-02
1.532033272087574005e-02
3.281138092279434204e-02
3.802406787872314453e-02
1.031858101487159729e-02
4.828942194581031799e-02
-2.469939179718494415e-02
4.213102906942367554e-02
-2.409155666828155518e-02
-1.045545097440481186e-02
1.486041292082518339e-04
-2.303152903914451599e-02
-1.167667284607887268e-02
-1.251440308988094330e-02
-6.081724911928176880e-02
1.183708291500806808e-02
-5.667119100689888000e-02
4.746235534548759460e-02
6.001306325197219849e-02
-2.770045585930347443e-02
-5.001682415604591370e-02
-5.223385058343410492e-03
-7.134634256362915039e-02
-8.721778541803359985e-02
-4.152246192097663879e-02
4.205113276839256287e-03
6.224592216312885284e-03
4.493619501590728760e-02
-2.102100662887096405e-02
4.309821501374244690e-02
-2.478582412004470825e-02
-2.957117184996604919e-02
3.647285327315330505e-02
