3.066462092101573944e-02
-6.488880515098571777e-02
2.984026819467544556e-02
-2.087057754397392273e-02
-1.516925636678934097e-02
2.460570447146892548e-02
-8.009377866983413696e-02
3.647694364190101624e-02
2.834903262555599213e-02
-7.627603411674499512e-02
-5.650850012898445129e-02
4.253625869750976562e-02
-7.309697568416595459e-02
4.169500991702079773e-02
-1.840366423130035400e-02
2.156435279175639153e-03
8.089280687272548676e-03
-3.553410992026329041e-02
-7.229279144667088985e-04
1.121188234537839890e-02
-5.510773509740829468e-02
3.280146420001983643e-02
-4.724188707768917084e-03
3.517643734812736511e-02
2.618378773331642151e-02
-7.707670331001281738e-02
1.284638606011867523e-02
8.879926754161715508e-04
8.462722413241863251e-03
-4.316286183893680573e-03
1.071450579911470413e-02
4.286852106451988220e-02
-3.841123729944229126e-02
6.277425587177276611e-02
-4.529949277639389038e-02
-1.070233583450317383e-01
-2.650118432939052582e-02
4.106665402650833130e-02
-4.391597211360931396e-02
-5.473547056317329407e-02
-3.535244613885879517e-02
5.411496385931968689e-02
-2.949077636003494263e-02
1.212385855615139008e-02
5.180764943361282349e-02
-2.366214059293270111e-02
-4.835569858551025391e-02
-2.867267094552516937e-02
1.756120845675468445e-02
-3.603530675172805786e-02
3.275058045983314514e-02
-3.453063964843750000e-02
2.296946011483669281e-02
-1.917365007102489471e-02
-5.993794277310371399e-02
6.378303468227386475e-02
1.570525765419006348e-02
-9.365618973970413208e-02
-4.913616552948951721e-02
-1.901859231293201447e-02
6.873477715998888016e-03
-3.903331235051155090e-02
-5.282912403345108032e-03
2.668411843478679657e-02
2.330677956342697144e-02
4.932276532053947449e-02
-5.943023785948753357e-02
2.281361073255538940e-02
4.217690974473953247e-02
-5.896581336855888367e-03
2.097542025148868561e-02
9.862325154244899750e-03
-2.529496885836124420e-02
1.150820683687925339e-02
1.225734967738389969e-02
2.635047957301139832e-02
1.149446517229080200e-02
5.644065141677856445e-02
1.972150243818759918e-02
7.663900405168533325e-02
2.485543116927146912e-02
-5.570499598979949951e-02
5.322269350290298462e-02
-1.696597784757614136e-02
-8.429159410297870636e-03
8.421277627348899841e-03
-1.419865805655717850e-02
2.153385058045387268e-02
-9.190903045237064362e-03
-1.217195880599319935e-03
4.509719554334878922e-03
-7.148939371109008789e-02
3.291322663426399231e-02
-1.706793904304504395e-03
6.412133108824491501e-03
6.985915824770927429e-03
4.014011938124895096e-03
3.692896291613578796e-02
-1.344330143183469772e-02
2.326835691928863525e-02
-4.399488493800163269e-02
7.597833126783370972e-02
-3.616056218743324280e-02
-6.966643501073122025e-03
3.924909513443708420e-03
-8.798952400684356689e-02
2.745496295392513275e-02
2.885112306103110313e-03
-1.079022046178579330e-02
-2.347258385270833969e-03
1.517180725932121277e-02
-5.810597538948059082e-02
-3.014835901558399200e-02
2.893289923667907715e-02
-5.362237989902496338e-02
-4.181933123618364334e-03
-1.265241391956806183e-02
-6.577638443559408188e-03
-7.778684049844741821e-02
-1.144097186625003815e-02
-3.128194436430931091e-02
6.721033714711666107e-03
8.231515064835548401e-03
-2.047412469983100891e-02
-1.541547477245330811e-02
-4.787985235452651978e-02
-3.209935873746871948e-02
-3.736880049109458923e-02
-4.729734733700752258e-02
-9.105469216592609882e-04
1.651520282030105591e-02
-2.406061068177223206e-02
3.803450614213943481e-02
2.232474833726882935e-02
5.904120393097400665e-03
-5.267295986413955688e-02
-4.831204190850257874e-02
-6.832672655582427979e-02
-1.951049547642469406e-03
3.491429239511489868e-02
1.446641981601715088e-02
5.510404706001281738e-02
-1.157210394740104675e-02
-5.583646893501281738e-02
-4.891216289252042770e-03
-2.229718305170536041e-02
-4.283731430768966675e-02
-2.897763391956686974e-03
1.842959597706794739e-02
-2.034343406558036804e-02
-1.464571431279182434e-02
4.528181627392768860e-03
3.342808783054351807e-02
-5.454073101282119751e-02
4.709314554929733276e-02
-4.680356755852699280e-02
-1.873310538940131664e-03
3.857212141156196594e-02
6.449321284890174866e-03
6.410840898752212524e-02
2.631128765642642975e-02
-4.671234264969825745e-02
-5.875605717301368713e-02
7.095049321651458740e-02
2.806393243372440338e-02
1.252112258225679398e-02
-6.313983350992202759e-02
-1.953107863664627075e-02
1.882679015398025513e-02
3.529071807861328125e-02
3.496347367763519287e-02
-8.458586037158966064e-02
-3.162213787436485291e-02
-6.202505901455879211e-04
-2.808088809251785278e-02
2.926487848162651062e-02
-1.201156899333000183e-02
-9.774731099605560303e-02
-1.052796654403209686e-02
-3.780391067266464233e-02
-6.284805387258529663e-02
-2.009366266429424286e-02
-4.657277837395668030e-02
7.148692756891250610e-02
5.680843442678451538e-02
-8.891224861145019531e-04
1.241593342274427414e-02
1.941655576229095459e-02
-3.695353493094444275e-02
-4.027142003178596497e-02
-4.634855315089225769e-02
-4.712291434407234192e-02
-4.292018711566925049e-02
-1.355841383337974548e-02
-4.113695397973060608e-02
-5.363858491182327271e-02
5.169287696480751038e-02
-3.643229603767395020e-02
-2.691558934748172760e-02
-6.408042460680007935e-02
-1.063476037234067917e-02
6.921532750129699707e-02
-3.562493994832038879e-02
-5.954195186495780945e-02
-4.069088771939277649e-02
-1.242628134787082672e-02
-1.931810379028320312e-02
-4.596075788140296936e-02
5.421479418873786926e-02
1.873546838760375977e-02
3.233421221375465393e-02
3.537737950682640076e-02
5.003513768315315247e-02
4.075855016708374023e-02
-6.807131320238113403e-02
-3.291079029440879822e-02
3.705044463276863098e-02
-6.128502544015645981e-03
1.548411324620246887e-02
2.375586144626140594e-02
-4.551524296402931213e-02
1.030448731034994125e-02
3.098167479038238525e-02
7.664719223976135254e-02
-6.736429873853921890e-03
4.920920729637145996e-02
2.135573513805866241e-02
-3.215296566486358643e-02
-6.375160068273544312e-03
-2.758877724409103394e-02
4.203261062502861023e-02
6.117573007941246033e-02
-5.587520450353622437e-02
6.678017973899841309e-02
-5.513378977775573730e-02
-6.150157749652862549e-02
4.312746971845626831e-02
-5.425215885043144226e-02
2.619857713580131531e-02
2.689733915030956268e-02
-2.184218913316726685e-02
-1.592350564897060394e-02
4.406685009598731995e-02
-1.047671772539615631e-02
-6.902950257062911987e-02
-2.236657403409481049e-02
-4.801427479833364487e-03
7.763179391622543335e-02
-1.820270903408527374e-02
-5.227408185601234436e-02
-2.899681916460394859e-03
7.844256609678268433e-02
2.445934712886810303e-02
1.336141768842935562e-02
3.876476362347602844e-02
5.319612473249435425e-02
1.337086874991655350e-02
-4.115756973624229431e-02
4.911235533654689789e-03
6.233214214444160461e-02
-4.999350756406784058e-02
6.799414008855819702e-02
-2.836711518466472626e-02
-6.431862711906433105e-02
2.327607199549674988e-02
-4.010228067636489868e-02
4.266739636659622192e-02
-7.669536769390106201e-02
-3.038279537577182055e-04
4.369472619146108627e-03
1.274401601403951645e-02
-1.526919100433588028e-02
1.847590878605842590e-02
4.233885928988456726e-02
8.342642337083816528e-03
1.214022468775510788e-02
-1.232518721371889114e-02
-2.999235689640045166e-02
3.839344903826713562e-02
2.442145720124244690e-02
-2.190216071903705597e-02
-3.804372996091842651e-02
8.131892420351505280e-03
8.149269223213195801e-02
-7.550194114446640015e-02
-2.533156983554363251e-02
-1.718609593808650970e-02
-5.326534062623977661e-02
-1.988323591649532318e-02
4.883735254406929016e-02
5.472541972994804382e-02
-2.407128550112247467e-02
-1.787283457815647125e-02
-1.370587106794118881e-02
-6.935528665781021118e-02
6.241175904870033264e-02
4.617823660373687744e-02
-5.552935600280761719e-02
-2.720295079052448273e-02
2.635378763079643250e-02
-2.788747288286685944e-02
-4.705239087343215942e-02
5.669763311743736267e-02
5.699202790856361389e-02
1.783189736306667328e-02
-1.410069502890110016e-02
6.048205494880676270e-02
7.506655156612396240e-02
8.187903463840484619e-02
-3.719373373314738274e-03
5.138348205946385860e-04
4.049404058605432510e-03
-2.945928461849689484e-02
-8.618950843811035156e-03
-8.294443599879741669e-03
-1.453341729938983917e-02
-2.151508443057537079e-02
-6.898815929889678955e-02
-7.604368776082992554e-02
6.018340215086936951e-02
-5.049706250429153442e-02
4.520403593778610229e-02
2.112888917326927185e-02
2.166848070919513702e-02
2.860689302906394005e-03
2.219518274068832397e-02
-2.133237570524215698e-02
-5.273056775331497192e-02
-1.780802011489868164e-02
2.402181737124919891e-03
-2.100317366421222687e-02
-6.337480153888463974e-04
-3.213423490524291992e-02
4.221251234412193298e-02
-7.899985648691654205e-03
-1.964560151100158691e-02
-2.790949866175651550e-02
-2.347369492053985596e-02
-5.911818007007241249e-04
1.154765672981739044e-02
-1.300634117797017097e-03
3.250833228230476379e-02
9.521554224193096161e-03
1.846937811933457851e-03
-6.709591299295425415e-02
1.625003479421138763e-02
-4.072264954447746277e-02
4.269153811037540436e-03
5.815354362130165100e-02
5.455714464187622070e-02
2.433558367192745209e-02
-1.386484690010547638e-02
4.440335929393768311e-02
1.424498017877340317e-02
4.250926722306758165e-04
6.413410604000091553e-02
1.653827144764363766e-03
3.245109319686889648e-02
-2.044656872749328613e-02
9.987807832658290863e-03
-5.760060250759124756e-02
-8.391498029232025146e-02
9.608010947704315186e-02
-3.949552029371261597e-02
-2.005671337246894836e-02
-6.671766191720962524e-02
2.213883958756923676e-02
5.663953721523284912e-03
-7.370312814600765705e-04
-1.354238018393516541e-02
-4.047555103898048401e-02
-2.043529599905014038e-02
4.401971772313117981e-02
6.594012677669525146e-02
-1.082375645637512207e-02
5.841010063886642456e-02
-3.621989861130714417e-02
-4.708515852689743042e-02
-1.284030452370643616e-02
-7.962937653064727783e-02
-1.124910172075033188e-02
1.395332813262939453e-02
6.641458719968795776e-02
1.034268643707036972e-02
2.537273988127708435e-02
4.096028208732604980e-02
-3.532084450125694275e-02
6.032183393836021423e-02
-3.786998987197875977e-02
2.650234103202819824e-02
-1.423662155866622925e-02
8.599174022674560547e-02
-2.344090119004249573e-02
3.291813656687736511e-02
-2.380651608109474182e-02
1.028925832360982895e-02
-5.072271451354026794e-04
4.670951515436172485e-03
-5.662295594811439514e-02
-4.797361418604850769e-02
-2.562497928738594055e-02
5.504409596323966980e-02
3.738429769873619080e-02
4.601902887225151062e-02
1.469830982387065887e-02
-1.775172725319862366e-02
-6.187114398926496506e-03
-1.946829818189144135e-02
1.628298312425613403e-02
-1.086358074098825455e-02
-2.730597369372844696e-02
-4.806912317872047424e-02
2.323693595826625824e-02
-5.848399922251701355e-02
8.755850046873092651e-02
-3.983364254236221313e-02
4.247654229402542114e-02
-6.976890563964843750e-02
4.815543442964553833e-02
-9.818518906831741333e-02
4.627911746501922607e-02
-1.619019545614719391e-02
-5.066315457224845886e-02
-1.225648820400238037e-02
1.117003243416547775e-02
-3.863498941063880920e-02
-3.724311292171478271e-02
2.394803240895271301e-02
1.866972260177135468e-02
-6.721351295709609985e-02
4.069013893604278564e-02
-7.245105504989624023e-02
-8.279813081026077271e-02
1.951554790139198303e-02
-4.627303779125213623e-02
8.219862729310989380e-02
1.789334462955594063e-03
4.235184192657470703e-02
8.773991838097572327e-03
-3.330826293677091599e-03
-3.415263071656227112e-02
-1.509366557002067566e-03
6.485293805599212646e-02
4.587945295497775078e-04
1.224891166202723980e-03
-3.591893985867500305e-02
3.339432924985885620e-02
8.694718591868877411e-03
4.485954716801643372e-02
4.404088109731674194e-02
1.835397817194461823e-02
-2.650461532175540924e-02
-1.814062707126140594e-02
1.782284001819789410e-03
-4.918831866234540939e-03
4.598444700241088867e-02
3.149870783090591431e-02
1.535039860755205154e-02
-1.942549273371696472e-02
2.644757367670536041e-02
9.274265170097351074e-02
-4.350933805108070374e-02
5.314045771956443787e-02
-4.745325446128845215e-02
-4.674062132835388184e-02
3.073927760124206543e-02
1.027295272797346115e-02
1.061299256980419159e-02
1.834413595497608185e-02
1.463295891880989075e-02
5.320999771356582642e-03
-5.731614306569099426e-02
-2.078829798847436905e-03
7.134717702865600586e-02
1.881745457649230957e-02
9.726756252348423004e-03
7.919286936521530151e-02
-8.015494793653488159e-03
2.230865880846977234e-03
-1.171153597533702850e-02
7.926551997661590576e-02
-6.798309087753295898e-02
2.168528735637664795e-02
2.618564665317535400e-02
-8.573351427912712097e-03
1.328118983656167984e-02
-2.208074787631630898e-03
2.213506214320659637e-02
-5.251877475529909134e-03
3.533791378140449524e-02
-5.318959429860115051e-02
-4.041179269552230835e-02
-7.888203114271163940e-02
-1.964575145393610001e-03
7.454161997884511948e-03
-4.568327963352203369e-02
2.823299542069435120e-02
-5.512893572449684143e-02
2.396583743393421173e-02
-2.775442227721214294e-02
1.238454598933458328e-02
1.636967435479164124e-02
-1.276668906211853027e-02
-3.887585923075675964e-02
-3.085982427000999451e-02
1.528949942439794540e-02
-5.780820176005363464e-02
3.594079986214637756e-02
-4.045858047902584076e-03
-1.888497360050678253e-02
1.376418583095073700e-02
1.651294343173503876e-02
-5.734287947416305542e-02
-2.057493664324283600e-02
5.305038765072822571e-03
5.135678127408027649e-02
-2.809770964086055756e-02
4.005150496959686279e-02
6.453389674425125122e-02
4.325998201966285706e-02
-9.868730604648590088e-02
1.058751344680786133e-01
-1.632028445601463318e-02
3.528124094009399414e-02
-7.254924625158309937e-03
4.695636406540870667e-02
5.739603191614151001e-02
5.584606900811195374e-02
1.630482263863086700e-02
-1.979248598217964172e-03
-2.136795956175774336e-04
-1.098432019352912903e-01
-9.416925907135009766e-02
-6.513458490371704102e-02
-7.903387397527694702e-02
-1.245131436735391617e-02
4.772412590682506561e-03
1.789121888577938080e-02
6.917883455753326416e-02
-1.423470489680767059e-02
6.109926104545593262e-02
-1.621489971876144409e-02
-7.397688925266265869e-02
4.331276193261146545e-02
-1.049244496971368790e-02
-2.569605968892574310e-02
-1.018687617033720016e-02
-4.430060274899005890e-03
4.211361519992351532e-03
-3.854371234774589539e-02
3.661171346902847290e-02
-6.470369547605514526e-02
6.165231112390756607e-03
-2.292662160471081734e-03
2.058923989534378052e-02
-3.757044207304716110e-03
1.558585464954376221e-02
2.935888245701789856e-02
-2.108036540448665619e-02
-4.489288851618766785e-02
7.385157793760299683e-02
-7.113532721996307373e-02
1.791557297110557556e-02
3.785026445984840393e-02
4.314864426851272583e-02
-1.940647512674331665e-02
-3.648164495825767517e-02
-5.386431887745857239e-02
-1.210830733180046082e-02
-9.010674059391021729e-02
2.799298800528049469e-02
-4.265291616320610046e-02
-2.878610603511333466e-02
-3.426382318139076233e-02
5.567506421357393265e-03
2.901791594922542572e-02
-9.526911377906799316e-02
2.115951664745807648e-02
-1.191215869039297104e-02
4.711372777819633484e-03
-8.030091226100921631e-02
8.062291145324707031e-02
5.667045712471008301e-02
-6.855122745037078857e-02
-5.213574320077896118e-02
5.008387565612792969e-02
5.455899983644485474e-02
5.548818409442901611e-02
5.305701121687889099e-02
2.992472145706415176e-03
-1.630899868905544281e-02
-2.381372079253196716e-02
3.563961246982216835e-03
-3.952260594815015793e-03
-3.595955902710556984e-03
2.513374947011470795e-02
-4.483642801642417908e-02
3.545135632157325745e-02
1.365391910076141357e-02
-1.090755802579224110e-03
-3.587689623236656189e-02
-5.446418747305870056e-02
-4.193315282464027405e-02
-4.192907363176345825e-02
1.427397318184375763e-02
4.555439576506614685e-02
2.203719317913055420e-02
1.009480655193328857e-02
7.663277210667729378e-04
-2.119019441306591034e-02
-6.352944299578666687e-03
3.273540362715721130e-02
-2.888575941324234009e-02
5.924579873681068420e-02
2.851355448365211487e-02
-2.803134359419345856e-02
-1.015052869915962219e-01
-1.873720064759254456e-02
-8.987603336572647095e-02
1.310992520302534103e-02
4.325385019183158875e-02
-6.112511456012725830e-02
7.624416030012071133e-04
1.073102932423353195e-02
5.362540483474731445e-02
-3.932224214076995850e-02
8.528058975934982300e-02
2.155970223248004913e-02
-2.809187397360801697e-02
-2.776312455534934998e-02
2.986385487020015717e-02
-9.215395152568817139e-02
-6.089508533477783203e-04
-5.582943186163902283e-02
2.695814520120620728e-02
2.346516959369182587e-02
-1.390374172478914261e-02
-6.700775027275085449e-02
-4.768647626042366028e-02
5.517211183905601501e-02
2.650768309831619263e-02
-6.408509612083435059e-02
8.696343004703521729e-02
3.042796626687049866e-02
-4.218097403645515442e-02
1.713797077536582947e-02
2.426275750622153282e-03
-3.739212453365325928e-02
-2.527166716754436493e-02
-3.159193147439509630e-04
4.410417750477790833e-02
5.977888777852058411e-02
2.184261381626129150e-02
-3.236345574259757996e-02
-2.534555271267890930e-02
1.082507893443107605e-03
4.694866761565208435e-02
-2.076016366481781006e-02
1.977003924548625946e-02
6.411692500114440918e-02
2.088055945932865143e-02
1.818400993943214417e-02
3.993539139628410339e-02
-1.738265343010425568e-02
-1.789064519107341766e-02
9.651918709278106689e-02
4.134125635027885437e-02
5.870586633682250977e-02
3.343545272946357727e-02
8.667933940887451172e-02
5.993426218628883362e-02
-2.552415430545806885e-02
3.032278502359986305e-03
2.584130875766277313e-02
-7.574086636304855347e-02
5.974644329398870468e-03
-8.347442746162414551e-02
-1.072332169860601425e-02
-4.458963498473167419e-02
-9.295310825109481812e-03
3.676909720525145531e-03
-6.847051437944173813e-03
5.606015399098396301e-02
-4.236212000250816345e-02
3.901205956935882568e-02
-3.386142849922180176e-02
-3.265694901347160339e-02
3.711539506912231445e-02
-3.612570092082023621e-02
4.364654887467622757e-03
8.465032279491424561e-02
1.291193254292011261e-02
3.690632432699203491e-02
2.863901108503341675e-02
1.653806678950786591e-02
2.713109366595745087e-02
-4.636639263480901718e-03
-3.179298713803291321e-02
-1.469656173139810562e-02
4.936740174889564514e-02
-7.235770113766193390e-03
-3.716975450515747070e-02
6.511878967285156250e-02
-2.867247723042964935e-02
-4.910597577691078186e-03
-1.550634275190532207e-03
-1.857880689203739166e-02
1.689282059669494629e-02
1.968332752585411072e-02
-4.472329840064048767e-02
4.744571447372436523e-02
-4.396008700132369995e-02
2.137944661080837250e-02
6.401228904724121094e-02
7.287193555384874344e-03
2.572848834097385406e-02
-4.001394379884004593e-03
3.080268949270248413e-02
5.483859777450561523e-02
1.120598986744880676e-02
4.907298833131790161e-02
8.247704245150089264e-03
5.881257355213165283e-03
-3.326024860143661499e-03
-6.275307387113571167e-02
-1.991584897041320801e-02
-1.003466313704848289e-03
-2.977149933576583862e-02
-5.168121308088302612e-02
3.797793388366699219e-02
5.488278344273567200e-02
-3.253539279103279114e-02
-3.228401020169258118e-02
-3.287608548998832703e-02
1.173697761259973049e-03
-3.284185368102043867e-04
1.765853539109230042e-02
-2.795606479048728943e-02
-5.631592497229576111e-02
-6.861566752195358276e-02
-2.768810838460922241e-02
3.178154677152633667e-02
-1.737770624458789825e-02
-3.006950393319129944e-02
-1.944415457546710968e-02
8.469271659851074219e-02
1.833132654428482056e-02
1.491330377757549286e-02
1.523861847817897797e-02
-3.829780267551541328e-03
-4.254377633333206177e-02
3.510522423312067986e-03
5.743562430143356323e-02
-1.812131516635417938e-02
2.192769758403301239e-02
-3.661182522773742676e-02
-3.120578266680240631e-02
2.595281600952148438e-02
8.051239699125289917e-02
2.874662540853023529e-02
1.200699596665799618e-03
1.069170236587524414e-02
-7.592787966132164001e-03
-5.190977826714515686e-02
-5.372136086225509644e-02
1.818167604506015778e-02
7.155769318342208862e-02
-2.761517092585563660e-02
-7.753986865282058716e-02
7.918711751699447632e-02
6.393202394247055054e-02
-1.013097260147333145e-02
-9.335887432098388672e-02
-5.127033218741416931e-02
1.087326742708683014e-02
2.150949090719223022e-02
-4.301774129271507263e-02
-8.357058279216289520e-03
-8.556975051760673523e-03
1.023016031831502914e-02
-7.657217234373092651e-02
7.230461388826370239e-02
-3.979396075010299683e-02
-4.446721822023391724e-02
6.377647072076797485e-02
3.805553168058395386e-02
4.497388377785682678e-02
-1.998143270611763000e-03
-5.611770600080490112e-02
3.377215191721916199e-02
3.433866053819656372e-02
-1.743122003972530365e-02
1.386059727519750595e-02
1.097027957439422607e-02
1.564337313175201416e-02
5.498627573251724243e-02
3.562190569937229156e-03
2.622123248875141144e-02
-5.429663695394992828e-03
3.379346430301666260e-02
6.259776651859283447e-02
2.659080317243933678e-03
2.555695548653602600e-02
3.002573922276496887e-02
1.165195927023887634e-02
-5.440763756632804871e-02
-7.917968183755874634e-02
-5.271675810217857361e-02
1.200563274323940277e-03
-1.976390741765499115e-02
-6.375622469931840897e-03
4.949844256043434143e-02
4.691794048994779587e-03
8.566203527152538300e-03
-5.966560542583465576e-02
5.443016532808542252e-03
3.767835348844528198e-02
-8.643396198749542236e-02
1.454737596213817596e-02
8.049231022596359253e-03
-5.964826419949531555e-02
1.969102956354618073e-02
6.291976571083068848e-02
5.175022035837173462e-02
4.416172206401824951e-02
-2.099845744669437408e-02
-8.269300684332847595e-03
-2.643580548465251923e-02
3.717530518770217896e-03
-3.345487639307975769e-02
-7.602652162313461304e-02
-1.154767069965600967e-02
1.968771405518054962e-02
5.563588067889213562e-02
6.751323491334915161e-02
-1.019828021526336670e-02
1.001968905329704285e-01
-1.024628710001707077e-02
3.408161923289299011e-02
3.902826458215713501e-02
-5.369165539741516113e-02
-2.595259808003902435e-02
7.443547993898391724e-02
-2.796936035156250000e-02
9.176989644765853882e-02
1.091100368648767471e-02
4.747582226991653442e-02
2.514012716710567474e-02
6.701418757438659668e-02
-1.516382861882448196e-02
-4.212516546249389648e-02
-4.031454026699066162e-02
7.015620172023773193e-02
-3.982257563620805740e-03
-7.067822664976119995e-02
3.224821761250495911e-02
9.295807033777236938e-02
-9.003052487969398499e-03
7.643210142850875854e-02
4.528949037194252014e-02
1.371854357421398163e-02
6.207980960607528687e-02
-7.407858036458492279e-03
-4.715588316321372986e-02
-3.385346010327339172e-02
-3.814844414591789246e-02
6.097016390413045883e-03
2.557902829721570015e-03
2.595519460737705231e-02
-3.512647375464439392e-02
-6.445213221013545990e-03
2.825257182121276855e-02
3.155345097184181213e-02
1.658870279788970947e-02
5.343278869986534119e-03
-1.814360916614532471e-02
4.566962365061044693e-03
3.025798313319683075e-02
-4.294804856181144714e-02
2.547796443104743958e-02
-4.477996006608009338e-02
4.001517966389656067e-02
6.221726164221763611e-02
2.874663285911083221e-02
-2.861286513507366180e-02
-6.607280112802982330e-03
-2.348506078124046326e-02
-6.433728337287902832e-02
1.577312871813774109e-02
1.870329491794109344e-02
-9.210251271724700928e-02
-2.071554772555828094e-02
-2.037541382014751434e-02
-2.226756699383258820e-02
1.048168614506721497e-01
-3.840857744216918945e-02
-6.249357014894485474e-02
5.570508912205696106e-02
-9.952142136171460152e-04
7.552967220544815063e-02
2.128781378269195557e-02
-6.189071387052536011e-02
6.235979963093996048e-03
-7.707721740007400513e-02
-1.714281551539897919e-02
-9.740809351205825806e-02
-4.895160440355539322e-03
4.500942677259445190e-02
4.751445353031158447e-02
3.617648035287857056e-02
2.795820124447345734e-03
6.250304728746414185e-02
-3.698018146678805351e-03
1.647428609430789948e-02
-2.375388750806450844e-03
6.835098564624786377e-02
2.692151628434658051e-02
-8.379738777875900269e-02
1.451194100081920624e-02
-8.053687959909439087e-02
-5.139601603150367737e-02
4.910799860954284668e-02
6.104646716266870499e-03
-4.388839751482009888e-02
-4.945385269820690155e-03
2.622092142701148987e-02
-7.015465199947357178e-02
4.415619000792503357e-02
-2.827402949333190918e-02
-5.763419345021247864e-02
-3.667704388499259949e-02
3.904522629454731941e-03
-2.692180452868342400e-03
-2.013362478464841843e-03
8.441474288702011108e-03
7.063760422170162201e-03
7.380535453557968140e-02
1.431696396321058273e-02
-5.967407301068305969e-02
-5.099204182624816895e-02
2.412383400951512158e-05
2.869054861366748810e-02
-1.066776141524314880e-01
-6.905855238437652588e-02
-3.046542592346668243e-02
3.747966513037681580e-02
-3.641953691840171814e-02
-4.612484574317932129e-02
-1.107535092160105705e-03
-2.199106104671955109e-02
-1.295421831309795380e-02
-6.111347582191228867e-03
3.347873687744140625e-02
8.162874728441238403e-02
3.404048737138509750e-03
5.739589687436819077e-03
-2.453427994623780251e-03
-9.550986811518669128e-03
-7.359415292739868164e-02
-8.696345612406730652e-03
4.080475773662328720e-03
-5.336240865290164948e-03
5.093024112284183502e-03
-5.973747000098228455e-02
-2.707440964877605438e-02
3.378184884786605835e-02
-1.088893413543701172e-02
-1.888459175825119019e-02
7.506068795919418335e-02
-8.255845308303833008e-02
7.123658806085586548e-02
-6.779641844332218170e-03
2.174550294876098633e-02
5.059108883142471313e-02
6.154813617467880249e-02
-3.424002230167388916e-02
-1.062233187258243561e-02
1.214063167572021484e-02
3.109577298164367676e-02
-1.188764255493879318e-02
-8.694916963577270508e-02
-1.171791274100542068e-02
-3.822520002722740173e-02
-2.237706631422042847e-02
-1.155058504082262516e-03
5.107889324426651001e-02
-6.740356236696243286e-02
1.901020109653472900e-02
5.985928699374198914e-02
2.775923721492290497e-02
-5.209991335868835449e-02
6.239324808120727539e-02
2.215244807302951813e-02
4.376159235835075378e-02
8.055184036493301392e-03
7.238767296075820923e-02
1.080034114420413971e-02
-4.487974569201469421e-03
-9.880343824625015259e-02
3.395279124379158020e-02
-8.304563164710998535e-02
4.390518367290496826e-02
-1.158016733825206757e-02
5.575014278292655945e-03
3.311622655019164085e-03
-2.219378249719738960e-03
-5.443203821778297424e-02
-4.914956167340278625e-02
-3.035002853721380234e-03
-3.050700202584266663e-02
3.046685084700584412e-02
-5.235315486788749695e-02
8.127721957862377167e-03
4.864021018147468567e-02
-1.731562986969947815e-02
5.422931909561157227e-02
1.658787392079830170e-02
4.124677553772926331e-02
1.160056516528129578e-02
1.504240906797349453e-03
-3.220885992050170898e-03
1.746870391070842743e-02
-1.470240298658609390e-02
1.215942203998565674e-03
