1.212709976243786514e-04
-6.688212510198354721e-03
-2.917712181806564331e-02
1.820726133882999420e-02
-4.275869578123092651e-03
-2.879354916512966156e-02
-3.791561722755432129e-02
-3.939883038401603699e-02
4.142724722623825073e-02
3.414462134242057800e-02
-2.201253361999988556e-02
5.448096897453069687e-03
-2.264494821429252625e-02
-2.960207872092723846e-02
2.461518906056880951e-02
4.599693790078163147e-02
5.921327322721481323e-02
-1.374602667056024075e-03
7.158339768648147583e-02
2.275774255394935608e-02
-2.399918623268604279e-02
8.277869969606399536e-02
-4.237664118409156799e-02
-1.442732103168964386e-02
1.377834100276231766e-02
3.721408429555594921e-04
2.233885694295167923e-03
5.034699290990829468e-02
3.646560385823249817e-02
-4.698110371828079224e-02
-4.072741419076919556e-02
-5.710481200367212296e-03
-1.128993369638919830e-02
1.543061062693595886e-02
2.014945633709430695e-02
6.508842855691909790e-02
1.847096346318721771e-02
4.218401014804840088e-02
-2.456665039062500000e-02
3.301998227834701538e-02
8.998198062181472778e-02
1.498768851161003113e-02
6.034610792994499207e-02
8.431572467088699341e-02
7.457321882247924805e-02
-3.038789890706539154e-02
-1.735548605211079121e-03
3.644671291112899780e-02
1.384477317333221436e-02
8.131597191095352173e-02
-5.483590811491012573e-02
3.990017622709274292e-02
5.476376786828041077e-02
1.540488656610250473e-02
3.138364106416702271e-02
-1.544767152518033981e-02
5.817055352963507175e-04
3.080506809055805206e-02
-5.727666616439819336e-02
-1.517564523965120316e-02
1.094267610460519791e-02
-7.192423939704895020e-02
-1.174879446625709534e-01
-3.055408596992492676e-02
6.558664888143539429e-02
8.484865538775920868e-03
-4.143983125686645508e-02
7.298555970191955566e-02
1.144094392657279968e-03
-5.488493666052818298e-02
-5.825311690568923950e-02
2.006570994853973389e-02
9.141220361925661564e-04
-4.440092667937278748e-02
4.206612706184387207e-02
-4.425926133990287781e-02
1.063659507781267166e-02
5.748296156525611877e-03
1.099530607461929321e-02
-1.884200610220432281e-02
-4.264980554580688477e-02
5.209719762206077576e-02
2.132457681000232697e-02
-6.776826456189155579e-03
4.159896075725555420e-02
2.017686702311038971e-02
-1.637215726077556610e-02
6.554333027452230453e-03
6.149141490459442139e-02
2.421164512634277344e-02
2.000026032328605652e-02
3.089049272239208221e-02
-1.750410906970500946e-02
-3.220625594258308411e-02
4.123546555638313293e-02
-5.879743397235870361e-02
1.989074423909187317e-02
-9.868908673524856567e-04
2.232289500534534454e-02
-3.856775537133216858e-02
6.671226024627685547e-02
5.222968384623527527e-02
1.359201967716217041e-02
-5.552926287055015564e-02
-3.214113879948854446e-03
-1.016215886920690536e-02
1.669879816472530365e-02
1.451240293681621552e-02
-3.995960205793380737e-02
-6.051656976342201233e-02
3.706529363989830017e-02
9.332591667771339417e-03
-2.812226861715316772e-02
1.322553679347038269e-02
-4.765958525240421295e-03
-3.432301804423332214e-02
2.251044660806655884e-02
-4.244465753436088562e-02
2.379437349736690521e-02
-3.857817500829696655e-02
-1.380585692822933197e-02
8.185711689293384552e-03
-3.172338381409645081e-02
-1.262932736426591873e-02
5.445136874914169312e-02
4.778650403022766113e-02
1.323105301707983017e-02
2.526665106415748596e-02
3.256372176110744476e-03
-5.019735544919967651e-02
-1.597960293292999268e-02
4.966170527040958405e-03
-1.219378225505352020e-02
-3.025922365486621857e-02
-7.901245355606079102e-02
-6.105929240584373474e-02
-1.831008866429328918e-02
5.794764496386051178e-03
9.798484388738870621e-04
-5.502885952591896057e-02
3.892562352120876312e-03
-1.383505109697580338e-02
7.937721908092498779e-03
-5.266207735985517502e-04
-3.735996037721633911e-02
5.132476333528757095e-03
-8.877421915531158447e-02
1.558358082547783852e-03
-6.763216108083724976e-02
-6.674161553382873535e-02
-1.188442204147577286e-02
7.372766733169555664e-02
-6.160977482795715332e-02
-4.192040115594863892e-02
4.262126237154006958e-02
1.463737897574901581e-02
2.992779016494750977e-03
3.582529351115226746e-02
2.162780798971652985e-02
-6.287679076194763184e-02
-4.182836413383483887e-02
5.709340795874595642e-02
3.980965167284011841e-02
1.805349253118038177e-02
-2.358259819447994232e-02
1.426925696432590485e-02
2.797047235071659088e-02
1.448328327387571335e-02
1.753411628305912018e-02
3.782441839575767517e-02
-2.369917463511228561e-03
8.322296664118766785e-03
-2.888898365199565887e-02
3.252205904573202133e-03
-1.154653728008270264e-02
-4.907927662134170532e-02
-1.476429402828216553e-02
2.170964144170284271e-02
2.530109509825706482e-02
9.712411463260650635e-02
2.641528658568859100e-02
-4.841412883251905441e-03
-9.689892758615314960e-04
4.749298468232154846e-02
-4.080971237272024155e-03
9.247792512178421021e-02
6.106453761458396912e-02
-1.950026862323284149e-02
2.837985055521130562e-03
9.673184249550104141e-04
2.982253022491931915e-02
-4.509709775447845459e-02
-4.442020505666732788e-02
9.173884987831115723e-02
5.432501807808876038e-02
2.830549608916044235e-03
4.507903009653091431e-02
-1.968506909906864166e-02
2.694028802216053009e-02
-2.922797575592994690e-02
2.987590804696083069e-02
-1.559878885746002197e-02
8.539937436580657959e-02
1.541132759302854538e-02
1.481449138373136520e-02
-2.593830693513154984e-03
-2.427075803279876709e-02
1.897504669614136219e-03
-1.067023957148194313e-03
-4.028337076306343079e-03
2.338248118758201599e-02
6.569560617208480835e-02
-2.475131861865520477e-02
-4.712857306003570557e-02
8.045867830514907837e-02
-2.341449260711669922e-02
-3.472481295466423035e-02
4.949053982272744179e-04
1.548299286514520645e-02
-2.950899116694927216e-02
2.123393677175045013e-02
2.916876412928104401e-02
6.640681624412536621e-02
-1.957232505083084106e-02
5.359957739710807800e-02
-5.064120143651962280e-02
-5.607783421874046326e-02
-4.773170687258243561e-03
1.921908580698072910e-03
1.631814613938331604e-02
-7.892882078886032104e-02
-2.166940644383430481e-02
2.892651967704296112e-02
-4.715429246425628662e-02
1.203566938638687134e-01
-4.991184547543525696e-02
4.244421608746051788e-03
4.586661607027053833e-02
6.118130870163440704e-03
-1.797186024487018585e-02
-6.466860417276620865e-03
-1.518839411437511444e-02
7.820869982242584229e-02
5.537825450301170349e-02
9.484558366239070892e-03
-6.494466960430145264e-02
1.167873200029134750e-02
4.115040972828865051e-02
4.927574656903743744e-03
1.458927639760077000e-03
-1.926169358193874359e-02
9.033259004354476929e-02
-3.974754735827445984e-02
-4.740481264889240265e-03
5.705905705690383911e-02
4.793880879878997803e-02
-2.509715221822261810e-02
-3.061116300523281097e-02
-8.628081530332565308e-02
3.101814724504947662e-02
2.395437471568584442e-02
-1.301856245845556259e-02
3.872817382216453552e-02
-2.547403424978256226e-02
-2.412447333335876465e-02
-6.657475233078002930e-02
-4.181639850139617920e-02
-3.661238402128219604e-02
-4.677953943610191345e-02
1.094937417656183243e-02
-2.769346721470355988e-02
5.067910254001617432e-02
-1.245096884667873383e-02
-6.589536368846893311e-02
2.842252701520919800e-02
5.956415459513664246e-02
3.859314834699034691e-03
3.106106258928775787e-02
1.567791774868965149e-02
-4.301450029015541077e-02
3.004185669124126434e-02
1.186417043209075928e-02
1.865440397523343563e-03
1.559793949127197266e-02
-3.491606563329696655e-02
-4.533119499683380127e-02
-4.289686679840087891e-02
4.976321384310722351e-02
-2.727860026061534882e-02
1.465998403728008270e-02
1.421294873580336571e-03
1.984435319900512695e-02
-9.089819155633449554e-03
5.808912962675094604e-02
4.195394739508628845e-02
-2.680331841111183167e-02
5.888117849826812744e-02
3.982805460691452026e-02
4.216791316866874695e-02
3.012065961956977844e-02
-9.754249826073646545e-03
-7.691415399312973022e-02
-8.615023456513881683e-03
-7.457401603460311890e-03
1.024926155805587769e-01
2.330924570560455322e-02
-4.239206388592720032e-02
-1.226473785936832428e-02
-1.374567300081253052e-02
-2.949023852124810219e-03
7.303436845541000366e-02
-4.016417264938354492e-02
5.046182498335838318e-02
4.950012662447988987e-04
-1.588486880064010620e-02
9.277264028787612915e-02
3.255363553762435913e-02
-4.586290195584297180e-02
5.967914685606956482e-02
2.854138426482677460e-02
-2.559159323573112488e-02
3.708955645561218262e-02
-5.484518781304359436e-02
3.395590931177139282e-02
-4.167284816503524780e-03
-3.162961825728416443e-02
-2.040246129035949707e-02
-4.448804631829261780e-02
-4.133288189768791199e-02
2.197537012398242950e-02
-2.594607695937156677e-02
3.062762878835201263e-02
3.807185962796211243e-02
2.683148905634880066e-02
-5.615584179759025574e-02
9.601296856999397278e-03
-1.497573405504226685e-01
-1.215568557381629944e-02
-4.159167781472206116e-02
-6.857707165181636810e-03
-1.167116803117096424e-03
-3.674716129899024963e-02
-1.882347650825977325e-02
4.120488464832305908e-02
-2.700226753950119019e-02
1.049247849732637405e-02
2.848367765545845032e-02
-8.634965866804122925e-03
2.976858988404273987e-02
-1.500123529694974422e-03
-1.070981938391923904e-02
4.992368817329406738e-02
-3.958414867520332336e-02
1.175579875707626343e-01
2.726849168539047241e-02
-4.548467323184013367e-02
-7.222406566143035889e-02
6.270532310009002686e-02
7.186824921518564224e-03
6.110154837369918823e-02
-2.343815751373767853e-02
-6.177787110209465027e-02
2.529884316027164459e-02
-3.642878308892250061e-02
-3.488272055983543396e-02
-1.395242940634489059e-02
-8.042164146900177002e-03
1.662177219986915588e-02
-7.696304470300674438e-02
-7.930336869321763515e-04
-2.193016931414604187e-03
-1.192813646048307419e-02
-1.690798625349998474e-02
-7.586109638214111328e-02
-6.814295053482055664e-02
8.654722571372985840e-02
9.909968823194503784e-03
1.105879899114370346e-02
-1.030354015529155731e-02
1.829807274043560028e-02
-4.466232657432556152e-02
6.202499568462371826e-02
2.666869200766086578e-02
3.742390871047973633e-02
1.003292798995971680e-01
3.310983628034591675e-02
2.213793434202671051e-02
4.761865362524986267e-02
1.494714803993701935e-02
-1.796698383986949921e-02
-2.577998116612434387e-02
-3.908475395292043686e-03
3.116766549646854401e-02
-5.793724954128265381e-02
8.450827561318874359e-03
-1.942825317382812500e-02
3.461962193250656128e-02
2.079284563660621643e-02
-1.397747453302145004e-02
-5.459773167967796326e-02
5.368058010935783386e-02
-4.119219630956649780e-02
-1.796375773847103119e-02
1.215994171798229218e-02
-2.566358447074890137e-02
-3.182995691895484924e-02
-2.531747706234455109e-02
-9.265667945146560669e-02
4.828750342130661011e-02
-1.220912486314773560e-02
-5.108267813920974731e-02
-1.853322237730026245e-02
3.717620670795440674e-02
-1.702630892395973206e-02
-3.005313873291015625e-02
2.761719189584255219e-02
-5.499460920691490173e-02
9.316473733633756638e-05
5.915900319814682007e-02
1.617245189845561981e-02
-5.514696240425109863e-02
3.176017478108406067e-02
-2.271356619894504547e-02
-6.187926977872848511e-03
2.889465726912021637e-02
2.552977064624428749e-03
-2.635846612975001335e-03
6.523863226175308228e-02
-4.565403982996940613e-02
-3.410716354846954346e-02
-1.088934484869241714e-02
-5.176720768213272095e-02
-7.873508147895336151e-03
-5.725912004709243774e-02
-3.440825268626213074e-02
4.222061112523078918e-02
5.275326594710350037e-02
-3.023068048059940338e-02
-3.840910643339157104e-02
1.321112178266048431e-02
7.463963329792022705e-02
3.563451021909713745e-02
2.002135291695594788e-02
1.301566138863563538e-02
2.647938393056392670e-02
-4.584180563688278198e-02
6.335963029414415359e-03
-9.985785931348800659e-03
-8.202345110476016998e-03
1.506453286856412888e-02
3.396264091134071350e-02
-3.466717153787612915e-02
-4.946237429976463318e-02
-3.951484709978103638e-02
-6.656905263662338257e-02
-2.397744217887520790e-03
5.945990607142448425e-02
-1.983646117150783539e-02
-5.815675854682922363e-02
3.832745552062988281e-02
-1.715120673179626465e-02
2.259621582925319672e-02
-6.673926860094070435e-02
-6.421558558940887451e-02
1.418523304164409637e-02
-6.618243455886840820e-02
1.582830771803855896e-02
-6.879908964037895203e-03
1.873786561191082001e-02
2.824949659407138824e-02
7.104300311766564846e-04
9.222540073096752167e-03
-1.961533538997173309e-02
-2.763236872851848602e-03
-1.113084331154823303e-02
7.272825576364994049e-03
-6.194718182086944580e-02
-5.486196652054786682e-02
-8.946893364191055298e-02
4.637270048260688782e-02
4.699987918138504028e-02
3.705455735325813293e-02
-7.078357785940170288e-02
2.296939305961132050e-02
2.910238690674304962e-02
-2.251163125038146973e-02
7.068007253110408783e-03
5.612175911664962769e-02
-1.585663110017776489e-02
7.077441364526748657e-02
-3.767393156886100769e-02
2.171849831938743591e-02
1.305048633366823196e-02
8.718881756067276001e-02
4.797802120447158813e-02
-7.413382083177566528e-02
-3.256065770983695984e-02
-6.179023906588554382e-02
-2.582742273807525635e-02
-2.839973568916320801e-02
-3.156523033976554871e-02
3.574385866522789001e-02
2.693756250664591789e-03
-5.867993459105491638e-02
-1.264883554540574551e-03
3.308312222361564636e-02
-3.261573612689971924e-02
7.344591617584228516e-02
-4.080916568636894226e-02
-1.689807511866092682e-02
-7.504184544086456299e-02
-3.819900332018733025e-03
3.996119275689125061e-02
-1.273076515644788742e-02
-6.007902789860963821e-03
-3.787328023463487625e-03
-1.385507546365261078e-02
2.055122889578342438e-02
6.678026169538497925e-02
-1.459645573049783707e-02
-2.308310940861701965e-02
3.981689363718032837e-02
9.174319915473461151e-03
3.426952660083770752e-02
-1.830392517149448395e-02
9.069635532796382904e-03
-4.862917587161064148e-02
-2.036355249583721161e-02
1.417739223688840866e-02
-3.499644994735717773e-02
4.729657620191574097e-02
6.255681812763214111e-02
-5.369625240564346313e-02
3.367391601204872131e-02
3.412234410643577576e-02
-2.813727967441082001e-02
-1.624603196978569031e-02
3.255672985687851906e-03
-9.128937870264053345e-02
-1.813888736069202423e-02
1.026723720133304596e-02
6.909770518541336060e-02
-1.153380610048770905e-02
5.537883937358856201e-02
7.138240337371826172e-02
5.008302978239953518e-04
1.543549261987209320e-02
-8.942035585641860962e-02
-2.118899283232167363e-04
2.729823626577854156e-02
-3.779010102152824402e-02
3.380913287401199341e-02
-3.267937898635864258e-02
1.228548586368560791e-02
-5.186916515231132507e-02
2.659600786864757538e-02
-6.276994198560714722e-02
-3.541672229766845703e-02
1.108843646943569183e-02
-7.706461008638143539e-03
1.440873555839061737e-02
2.940229512751102448e-02
3.549646213650703430e-02
-2.731023170053958893e-02
-1.237971987575292587e-02
2.303209900856018066e-02
4.516322165727615356e-02
6.383287906646728516e-02
-2.844940405339002609e-03
-3.372162580490112305e-02
3.816306963562965393e-02
1.834260113537311554e-02
2.959376201033592224e-02
4.216589406132698059e-02
-7.388470321893692017e-02
2.470266539603471756e-03
-1.048781443387269974e-02
-8.534436672925949097e-02
-2.339698188006877899e-02
5.994353443384170532e-02
1.233806018717586994e-03
1.601463928818702698e-02
3.228690475225448608e-02
-5.263340100646018982e-02
-7.604508846998214722e-02
1.192551199346780777e-02
2.084538713097572327e-02
-4.391527175903320312e-02
2.923572622239589691e-02
1.891860365867614746e-02
6.765596568584442139e-02
4.653160646557807922e-02
4.539227578788995743e-03
-4.532032087445259094e-02
-1.062960922718048096e-02
-2.507607825100421906e-02
1.353444531559944153e-02
-5.905536934733390808e-02
9.956250339746475220e-02
5.403759703040122986e-02
-4.361932724714279175e-02
6.260999292135238647e-02
-3.743205592036247253e-02
-3.445377573370933533e-02
1.461121067404747009e-02
-1.661873236298561096e-02
-1.771241612732410431e-02
2.487442456185817719e-02
-7.079084962606430054e-02
-5.043308716267347336e-03
2.163330093026161194e-02
-5.260725691914558411e-02
-4.064092785120010376e-02
7.054566591978073120e-02
-3.382815420627593994e-02
-2.296502701938152313e-02
-7.878736406564712524e-02
-3.489274904131889343e-02
1.300241425633430481e-02
9.064334630966186523e-02
-7.993690669536590576e-02
2.957862243056297302e-02
-1.170739624649286270e-02
-1.980225369334220886e-02
2.147538773715496063e-02
-7.493122667074203491e-02
-2.744722925126552582e-02
-7.658548653125762939e-02
-5.048119276762008667e-02
1.099367346614599228e-02
7.618779782205820084e-03
-2.227939292788505554e-02
-3.846884891390800476e-02
-3.499041777104139328e-03
8.278351277112960815e-02
1.158058457076549530e-02
-1.624361425638198853e-02
-2.102988213300704956e-02
1.080580893903970718e-02
-7.656336575746536255e-02
6.998660508543252945e-03
-2.782261371612548828e-02
8.500444144010543823e-02
2.125623077154159546e-02
1.484469883143901825e-02
1.427219901233911514e-02
8.906332403421401978e-02
4.439229890704154968e-02
-4.120609164237976074e-02
-3.505084663629531860e-02
9.287975728511810303e-02
-9.330456145107746124e-03
8.990623988211154938e-03
2.325341291725635529e-02
3.853325918316841125e-02
-1.639697514474391937e-02
-7.871018350124359131e-02
2.350892871618270874e-03
1.213784143328666687e-02
-4.114243667572736740e-03
7.877381891012191772e-02
3.273820504546165466e-02
-2.421343140304088593e-02
-2.008310705423355103e-02
9.415319561958312988e-02
-9.234936442226171494e-04
5.649303644895553589e-02
-2.185540273785591125e-02
3.063421696424484253e-02
8.657231926918029785e-02
-3.236420825123786926e-02
-1.161332894116640091e-02
3.640022873878479004e-02
6.581257283687591553e-02
2.804754115641117096e-02
4.658389091491699219e-02
-5.836936086416244507e-02
5.796997249126434326e-02
1.295142341405153275e-02
2.377317287027835846e-02
-1.621210947632789612e-02
2.813604287803173065e-02
2.922738157212734222e-02
1.108719222247600555e-02
1.767582260072231293e-02
-4.944993183016777039e-02
3.582570329308509827e-02
-2.807402051985263824e-02
-6.397712975740432739e-02
1.172381173819303513e-02
2.852216362953186035e-02
-4.033079370856285095e-03
-7.951459288597106934e-02
5.776647850871086121e-02
1.001865938305854797e-01
3.814801108092069626e-03
-4.784008860588073730e-02
3.298532590270042419e-02
2.961430884897708893e-02
-5.211172997951507568e-02
-8.508571982383728027e-02
9.995128214359283447e-02
2.413040027022361755e-02
1.298507675528526306e-02
6.788770202547311783e-03
-1.732236519455909729e-02
6.818756461143493652e-02
1.421741489320993423e-02
-1.094750538468360901e-01
-3.888767585158348083e-02
-5.640983581542968750e-02
8.275489509105682373e-02
-5.609868094325065613e-03
1.823787577450275421e-02
5.262622609734535217e-03
8.632581681013107300e-03
-1.733575714752078056e-03
-4.479314386844635010e-02
2.647549286484718323e-02
-1.874369755387306213e-02
-3.608482331037521362e-02
7.303182780742645264e-02
-4.511188250035047531e-03
1.596935326233506203e-03
-4.492776095867156982e-02
-4.616059735417366028e-02
-1.794666238129138947e-02
-1.748922513797879219e-03
-1.214562333188951015e-03
-2.640112861990928650e-02
3.397265076637268066e-02
-2.075444161891937256e-02
3.262785729020833969e-03
-4.926463961601257324e-02
1.938788034021854401e-02
4.321126639842987061e-02
-1.800687052309513092e-02
7.510889321565628052e-02
3.428180888295173645e-02
-3.338936716318130493e-02
5.098969116806983948e-02
2.086182357743382454e-03
4.135890677571296692e-02
6.654059141874313354e-02
2.282219752669334412e-02
8.801339566707611084e-02
-4.098986461758613586e-02
-2.418275550007820129e-02
2.762025780975818634e-02
5.017135292291641235e-03
-2.702846191823482513e-02
-3.271817788481712341e-02
-4.622996225953102112e-02
5.326309055089950562e-02
-3.809283301234245300e-02
-1.120623759925365448e-02
-2.663920447230339050e-02
-8.566476753912866116e-04
8.109693974256515503e-02
1.683903113007545471e-02
-4.836340993642807007e-02
4.674885421991348267e-03
-1.103942468762397766e-02
-3.742636740207672119e-02
4.295492917299270630e-02
7.812245190143585205e-02
8.591164834797382355e-03
5.226676352322101593e-03
2.018794603645801544e-02
6.560418754816055298e-02
-6.008839607238769531e-02
-5.447549000382423401e-02
7.359804213047027588e-02
9.114734712056815624e-05
-1.986771449446678162e-02
-3.486400470137596130e-02
-4.019916057586669922e-02
1.173285953700542450e-02
4.935055971145629883e-02
-4.357329383492469788e-02
4.583517834544181824e-02
-2.832074649631977081e-02
3.968846518546342850e-03
-2.197152562439441681e-02
4.568449035286903381e-02
-2.972903894260525703e-04
4.241387173533439636e-02
3.295308351516723633e-02
9.097242727875709534e-03
-4.828318208456039429e-02
6.022190209478139877e-03
2.026687748730182648e-02
4.601031541824340820e-02
5.068919435143470764e-02
2.240652590990066528e-02
4.028299590572714806e-04
-2.370518818497657776e-02
1.034472230821847916e-02
2.175324782729148865e-02
-5.096890032291412354e-03
2.663198485970497131e-02
1.851678267121315002e-02
1.015980914235115051e-02
2.712810644879937172e-03
-5.970544740557670593e-02
1.910010725259780884e-02
3.994746506214141846e-02
-7.443342357873916626e-02
-7.747062295675277710e-02
-4.283384233713150024e-02
-6.767605245113372803e-02
2.776687219738960266e-02
6.818491499871015549e-03
5.495930835604667664e-02
4.237979650497436523e-03
-7.039697375148534775e-03
-5.957317352294921875e-02
2.133036777377128601e-02
8.095699548721313477e-02
1.660263165831565857e-02
-6.226405035704374313e-03
-6.957742734812200069e-04
-4.235716164112091064e-02
2.378601208329200745e-02
-2.252834383398294449e-03
-2.654007822275161743e-02
-6.556162238121032715e-02
-6.551400572061538696e-02
-3.136981744319200516e-03
5.861676298081874847e-03
-8.657207712531089783e-03
-2.395745366811752319e-02
1.167037151753902435e-02
4.223860800266265869e-02
2.638723887503147125e-02
-5.404793843626976013e-02
5.077333748340606689e-02
3.899644687771797180e-02
-1.180245820432901382e-02
-1.375296805053949356e-02
2.448521740734577179e-02
-7.347638905048370361e-02
-3.672512248158454895e-02
-3.955368418246507645e-03
3.758522495627403259e-02
3.246197476983070374e-02
-6.524599343538284302e-02
2.895279042422771454e-02
6.389454007148742676e-02
-9.984913468360900879e-02
3.634997084736824036e-02
2.433886937797069550e-02
-7.886836305260658264e-03
-8.393304795026779175e-02
-4.357357695698738098e-02
-1.315356791019439697e-02
1.589958928525447845e-02
6.962382048368453979e-02
-3.142531588673591614e-02
3.442562371492385864e-02
3.049107082188129425e-02
7.704217731952667236e-02
-1.703628711402416229e-02
-7.145527284592390060e-03
-5.827198922634124756e-02
2.808096446096897125e-02
1.029186323285102844e-02
-4.921741411089897156e-02
6.853993982076644897e-02
-6.988517008721828461e-03
-3.000794351100921631e-02
9.986619465053081512e-03
-2.065440267324447632e-02
4.710351675748825073e-02
5.116228014230728149e-02
-2.289153449237346649e-02
8.652117103338241577e-03
5.108767747879028320e-02
-2.025140076875686646e-02
-5.628901347517967224e-02
3.410275653004646301e-02
-1.884968206286430359e-02
-6.058610975742340088e-02
-4.113600403070449829e-02
-4.377635195851325989e-02
-8.615232072770595551e-03
-2.799079939723014832e-02
5.863926839083433151e-03
-6.292301416397094727e-02
-3.988557681441307068e-02
3.432516381144523621e-02
2.098388411104679108e-02
-2.310341410338878632e-02
-2.763427793979644775e-02
-2.558320015668869019e-02
5.408359318971633911e-02
3.861897438764572144e-02
-3.220852697268128395e-03
-3.954651579260826111e-02
-9.038923308253288269e-03
-2.482903422787785530e-03
-3.703782707452774048e-02
2.673235908150672913e-02
-5.806329660117626190e-03
-5.224690586328506470e-02
5.719782039523124695e-02
-7.680060714483261108e-02
3.986210748553276062e-02
5.439384281635284424e-02
7.375796884298324585e-02
1.837153732776641846e-02
1.259562559425830841e-02
-3.261231118813157082e-03
-4.589586518704891205e-03
-7.326285541057586670e-02
6.891715340316295624e-03
1.553576998412609100e-02
4.050723090767860413e-02
2.875154465436935425e-02
3.823053464293479919e-02
-4.524654150009155273e-02
-2.382430993020534515e-02
1.633922941982746124e-02
4.321699030697345734e-03
-8.297330886125564575e-02
-8.376376703381538391e-03
3.291134908795356750e-02
-3.743198141455650330e-02
4.570919275283813477e-02
1.702038757503032684e-02
-8.857702836394309998e-03
-1.767440699040889740e-02
-2.186708897352218628e-02
-1.429349929094314575e-02
6.287754327058792114e-02
5.097327381372451782e-02
5.564501881599426270e-02
-2.198285609483718872e-02
-2.125505916774272919e-02
-1.565640233457088470e-02
-6.230927631258964539e-02
7.248222082853317261e-02
1.733004697598516941e-03
-7.245697081089019775e-02
-1.067995466291904449e-02
1.535798981785774231e-02
-5.584766622632741928e-03
9.508509188890457153e-02
-1.082910131663084030e-02
4.284806177020072937e-02
8.311777561902999878e-02
-7.529252767562866211e-02
1.260874792933464050e-02
-1.670686714351177216e-02
-3.873585537075996399e-02
3.155112266540527344e-02
-8.809503912925720215e-02
-6.122194230556488037e-02
8.563992567360401154e-03
4.665477946400642395e-02
-2.608524821698665619e-02
1.208206824958324432e-02
-2.098769322037696838e-02
1.143847964704036713e-02
-3.045515529811382294e-02
7.843415439128875732e-02
-1.365141384303569794e-02
1.912303455173969269e-02
3.952679783105850220e-02
3.658039122819900513e-02
-6.163670332171022892e-04
5.736755207180976868e-02
-7.570004090666770935e-04
2.871482819318771362e-02
-6.475883722305297852e-02
9.979756549000740051e-03
1.410301029682159424e-02
-3.592471033334732056e-02
4.929664358496665955e-02
-1.566304825246334076e-02
-3.820229321718215942e-02
-6.941843032836914062e-02
-1.171899028122425079e-02
-3.782210499048233032e-02
1.755379140377044678e-02
9.624026715755462646e-03
-9.950361214578151703e-03
-3.224985301494598389e-02
-3.250284865498542786e-02
-6.910073012113571167e-02
9.127130731940269470e-03
1.103434935212135315e-01
6.005850806832313538e-02
1.843596925027668476e-03
5.411279574036598206e-02
7.065185159444808960e-02
2.441854402422904968e-02
-5.087519064545631409e-02
-5.489885061979293823e-02
-4.580590873956680298e-03
-5.737525969743728638e-02
2.364983083680272102e-03
5.518487840890884399e-02
8.972080796957015991e-02
1.685606129467487335e-02
9.187987446784973145e-02
-1.884185359813272953e-03
1.985435374081134796e-02
2.988070622086524963e-02
8.008687943220138550e-02
8.485120534896850586e-02
-1.027116551995277405e-02
1.128710061311721802e-02
-7.565279956907033920e-03
-1.988123543560504913e-02
-7.544747740030288696e-02
3.034296445548534393e-02
-3.489307686686515808e-02
4.679819196462631226e-02
2.379379048943519592e-02
-5.381488800048828125e-02
5.718244612216949463e-02
1.935208030045032501e-02
4.452999681234359741e-02
