-2.956482395529747009e-02
1.121826097369194031e-02
1.326754316687583923e-02
-5.795556306838989258e-02
-8.859820663928985596e-03
-1.009608209133148193e-01
-3.477641567587852478e-02
6.457429844886064529e-03
2.604531869292259216e-02
1.247764658182859421e-02
-6.587660871446132660e-03
-5.334207322448492050e-03
1.287532970309257507e-02
-1.262129098176956177e-01
-2.668559551239013672e-02
1.409230101853609085e-02
-2.688582986593246460e-02
1.090040989220142365e-02
2.928750356659293175e-03
5.794641748070716858e-02
-8.117134682834148407e-03
-1.718810386955738068e-02
4.983874503523111343e-03
3.440859168767929077e-02
-6.727827340364456177e-02
3.138957545161247253e-02
-2.348631434142589569e-02
3.357626497745513916e-02
3.081996925175189972e-02
-5.493982136249542236e-02
8.146175742149353027e-02
5.009727925062179565e-02
3.046465339139103889e-03
1.958445645868778229e-03
-3.385005518794059753e-02
7.794694975018501282e-03
-2.381419762969017029e-02
2.308246120810508728e-02
5.459196865558624268e-02
5.647950619459152222e-02
4.199701943434774876e-04
8.645733445882797241e-02
-3.558414801955223083e-02
-8.463129401206970215e-02
-4.307619854807853699e-02
-1.236526854336261749e-02
3.121372126042842865e-02
4.882041830569505692e-03
-4.229611530900001526e-02
1.264125015586614609e-02
4.275678470730781555e-02
4.505583550781011581e-03
-1.355587621219456196e-03
1.829566247761249542e-02
6.314691621810197830e-03
4.485696926712989807e-02
-1.196814421564340591e-02
-1.182929053902626038e-02
3.055641194805502892e-03
8.472017012536525726e-03
6.879495456814765930e-03
4.059198871254920959e-02
-3.693360090255737305e-02
7.321493700146675110e-03
-4.012210294604301453e-02
7.349242269992828369e-02
-9.872169047594070435e-02
-4.615829326212406158e-03
-4.816907271742820740e-02
3.801205754280090332e-02
4.358061403036117554e-02
-4.061920195817947388e-02
2.988173626363277435e-02
6.998904049396514893e-02
6.637745350599288940e-02
1.140287052839994431e-02
1.011702232062816620e-02
3.393631801009178162e-02
-3.333498537540435791e-02
7.174193114042282104e-02
3.267031908035278320e-02
-4.635880887508392334e-02
9.903872013092041016e-02
6.028039008378982544e-02
5.249764397740364075e-02
2.420279383659362793e-02
6.962510291486978531e-03
4.609628580510616302e-03
-4.455387219786643982e-02
-3.778773825615644455e-03
-2.508041076362133026e-02
-4.527893289923667908e-02
-6.967472378164529800e-03
6.152813881635665894e-02
1.800231076776981354e-02
-1.549459993839263916e-02
3.914450481534004211e-02
2.421254850924015045e-02
5.644924193620681763e-02
-1.222714874893426895e-02
3.807364031672477722e-02
-2.615097910165786743e-03
1.143367588520050049e-02
-1.807639002799987793e-02
1.423802319914102554e-02
1.456809695810079575e-02
-4.758539050817489624e-02
9.260181337594985962e-03
-2.193452417850494385e-02
1.854409649968147278e-02
-1.391973719000816345e-02
-5.681350454688072205e-02
8.642273396253585815e-02
-5.660495534539222717e-02
-4.747893661260604858e-03
3.353963792324066162e-02
-5.118542909622192383e-02
3.555264696478843689e-02
2.565854415297508240e-02
4.505021125078201294e-02
5.269259959459304810e-02
-2.676899358630180359e-02
1.392828300595283508e-02
3.870012238621711731e-02
5.778330960310995579e-04
-1.307062432169914246e-02
-2.352399984374642372e-03
-5.468132346868515015e-02
5.433402024209499359e-03
1.054452825337648392e-02
9.052994847297668457e-02
-1.238528918474912643e-02
-2.513396739959716797e-02
5.937875062227249146e-02
6.888225674629211426e-02
2.007299661636352539e-02
-1.415093778632581234e-03
-2.864219062030315399e-02
-2.586148306727409363e-02
3.566719219088554382e-02
-4.935742914676666260e-02
-4.064543917775154114e-02
-3.751120995730161667e-03
-2.974607236683368683e-02
1.306783873587846756e-03
4.513482376933097839e-02
-2.844293229281902313e-02
7.662423700094223022e-02
1.502378960140049458e-03
-2.001445181667804718e-02
-5.599607899785041809e-02
-2.890083566308021545e-02
-4.535617481451481581e-04
1.002644002437591553e-02
5.047601833939552307e-02
-5.580306518822908401e-03
3.927885740995407104e-02
4.271674528717994690e-02
-1.637668721377849579e-02
-1.666954159736633301e-02
-3.616888821125030518e-02
1.399587932974100113e-02
3.104822151362895966e-02
-5.256135761737823486e-02
-5.210006982088088989e-02
7.375483959913253784e-02
5.513053759932518005e-02
7.732711732387542725e-02
7.748699747025966644e-03
1.002202407107688487e-04
4.550885409116744995e-02
-7.709431648254394531e-02
-4.550680890679359436e-02
3.320188075304031372e-02
-3.897380828857421875e-02
2.191672101616859436e-02
-2.147721388610079885e-04
4.042903892695903778e-03
-1.445626746863126755e-02
4.364224150776863098e-02
-3.078017942607402802e-02
3.859950974583625793e-02
1.830342784523963928e-02
3.525646403431892395e-02
4.750122129917144775e-02
1.602248102426528931e-02
-3.158027678728103638e-02
5.650835577398538589e-03
-2.870956994593143463e-02
5.818198621273040771e-02
-2.117335610091686249e-02
5.678396672010421753e-02
-2.417063573375344276e-03
9.061051905155181885e-02
-1.523329131305217743e-02
-7.893794775009155273e-02
3.427064418792724609e-02
7.338745892047882080e-02
5.519443377852439880e-02
4.163510352373123169e-02
5.675946921110153198e-02
1.901703327894210815e-02
-4.529596120119094849e-02
-1.207676064223051071e-02
1.616694033145904541e-02
1.593643054366111755e-02
6.697411090135574341e-02
1.239934377372264862e-02
-2.725233882665634155e-02
4.899325221776962280e-02
3.624911978840827942e-02
-3.057952784001827240e-02
-2.141737937927246094e-02
-5.914064124226570129e-03
6.618029624223709106e-02
7.416578382253646851e-02
6.295332219451665878e-03
1.292327232658863068e-02
1.835056464187800884e-03
1.611235737800598145e-02
2.507655322551727295e-02
-7.848805980756878853e-04
3.272551693953573704e-04
-8.354935050010681152e-02
-1.798128895461559296e-02
-5.949266254901885986e-02
2.124816179275512695e-03
7.493729144334793091e-02
3.961652517318725586e-03
5.131116881966590881e-02
2.801157720386981964e-02
3.086037188768386841e-02
-2.919618226587772369e-02
-2.322668908163905144e-03
8.783716708421707153e-03
-1.118747293949127197e-01
-6.086337566375732422e-02
-6.619960814714431763e-02
-1.526344940066337585e-02
-3.309581056237220764e-02
-3.384361742064356804e-03
-2.166945114731788635e-02
3.426717361435294151e-03
-6.436084210872650146e-02
8.113332092761993408e-03
-1.827099360525608063e-02
-2.578763477504253387e-02
7.644710596650838852e-03
8.647102117538452148e-02
-5.160442367196083069e-02
1.549924910068511963e-02
-5.136993899941444397e-02
-5.406439304351806641e-03
-4.764773324131965637e-02
4.740969277918338776e-03
4.455129429697990417e-02
-6.946484092622995377e-03
-7.530038058757781982e-02
3.619767725467681885e-02
-4.099087417125701904e-02
7.222256064414978027e-02
-3.754283301532268524e-03
3.168936446309089661e-02
-6.736825406551361084e-02
2.958294004201889038e-02
3.434338793158531189e-02
-1.325684785842895508e-02
2.408427372574806213e-02
2.625094540417194366e-02
-3.169010579586029053e-02
9.592281654477119446e-03
-7.353169471025466919e-02
-1.131113469600677490e-01
1.151299476623535156e-02
-3.766088187694549561e-02
5.044426396489143372e-02
3.104415163397789001e-02
-5.520893260836601257e-02
1.634215936064720154e-02
-7.275062147527933121e-03
1.153477132320404053e-01
1.050439290702342987e-02
-1.537858135998249054e-02
-5.533718317747116089e-02
1.071840617805719376e-02
3.056391142308712006e-02
3.425284288823604584e-03
-2.282147761434316635e-03
1.519482210278511047e-02
5.417577922344207764e-02
2.583753690123558044e-02
3.634731471538543701e-02
4.842616617679595947e-02
7.777420338243246078e-03
7.339522242546081543e-02
-4.636543616652488708e-02
2.250793762505054474e-02
2.943406254053115845e-02
5.080079287290573120e-02
-8.968514204025268555e-02
1.020176801830530167e-02
-2.860861644148826599e-02
-4.684764519333839417e-02
-2.313087508082389832e-02
-8.235435932874679565e-03
2.585062058642506599e-03
7.541608065366744995e-02
7.081324700266122818e-03
2.240440808236598969e-02
-6.172456219792366028e-02
2.085507102310657501e-02
-1.726945280097424984e-03
-5.716852471232414246e-02
-6.427988409996032715e-03
6.204528361558914185e-02
-3.113646246492862701e-02
8.437605947256088257e-02
-2.411716431379318237e-02
4.898996651172637939e-02
4.639597237110137939e-02
3.936839103698730469e-02
1.278054621070623398e-02
-3.365127742290496826e-02
1.340907812118530273e-02
-2.125726267695426941e-02
4.592395201325416565e-02
-8.741285651922225952e-02
1.816224493086338043e-02
2.511029690504074097e-02
1.112120598554611206e-02
6.350176408886909485e-03
-4.845698177814483643e-02
-2.165093272924423218e-02
6.853281706571578979e-02
1.986262388527393341e-02
1.715550944209098816e-02
-4.969079419970512390e-02
-4.076970741152763367e-03
-3.185142949223518372e-02
-3.988796472549438477e-02
4.758995026350021362e-02
3.374090045690536499e-02
-1.547570712864398956e-02
2.198259718716144562e-02
1.347206719219684601e-02
7.092340383678674698e-04
-2.852990850806236267e-02
-7.575869560241699219e-03
9.823114378377795219e-04
1.385795045644044876e-02
2.971972338855266571e-02
-1.030049622058868408e-01
-8.038877695798873901e-02
-7.332352548837661743e-02
-5.282269045710563660e-02
-3.368486091494560242e-02
1.753989234566688538e-02
-1.920596137642860413e-02
-1.793509162962436676e-02
-1.638618647120893002e-03
-8.644217625260353088e-03
1.482319645583629608e-02
-2.387196384370326996e-02
3.009679168462753296e-02
-6.174216046929359436e-02
4.614974558353424072e-02
4.101991653442382812e-02
2.072413824498653412e-02
-4.093013703823089600e-02
-1.127727795392274857e-02
-2.139561064541339874e-02
-3.007800318300724030e-03
-7.028257846832275391e-02
-4.983979091048240662e-02
-1.195285841822624207e-02
1.810007542371749878e-02
-6.096479669213294983e-02
6.503690499812364578e-03
-9.148769825696945190e-02
-2.342049777507781982e-02
-3.307591378688812256e-02
2.128014340996742249e-02
-2.246527560055255890e-02
1.151885092258453369e-01
-4.683544486761093140e-02
-5.037037190049886703e-03
3.743626549839973450e-02
3.617427125573158264e-02
3.928182646632194519e-02
-6.631277501583099365e-02
-1.908273249864578247e-02
-1.367517095059156418e-02
-3.880886361002922058e-02
3.315657749772071838e-02
2.288026548922061920e-02
-7.943407632410526276e-03
1.090293191373348236e-02
7.911190390586853027e-02
3.161613643169403076e-02
2.766252309083938599e-02
4.297816008329391479e-02
-6.289406865835189819e-02
3.968455828726291656e-03
2.928377501666545868e-02
4.279395937919616699e-02
-9.216881357133388519e-03
-2.859483845531940460e-02
5.290374159812927246e-03
1.147990464232861996e-03
-4.649211093783378601e-02
-8.197370916604995728e-02
4.648132994771003723e-02
4.965064674615859985e-02
-8.522707968950271606e-02
-3.471628576517105103e-02
3.426015749573707581e-02
5.996140651404857635e-03
9.780016541481018066e-02
-1.329503953456878662e-02
6.606869399547576904e-03
2.403457276523113251e-02
-3.031175397336483002e-02
-7.194288074970245361e-02
-3.400181978940963745e-02
-1.929856650531291962e-02
-4.805133491754531860e-02
-6.956073921173810959e-03
-2.208310551941394806e-02
9.695773012936115265e-03
-1.122942660003900528e-02
-2.497983723878860474e-02
-4.146186634898185730e-02
-3.571070730686187744e-02
-3.056505694985389709e-02
-7.838837057352066040e-02
6.039157509803771973e-03
-5.102013051509857178e-02
-2.373674698173999786e-02
2.045524492859840393e-02
-2.899972908198833466e-02
-5.606988444924354553e-02
-3.458662331104278564e-02
3.700355812907218933e-02
3.362102666869759560e-03
-2.025591395795345306e-02
-4.069240391254425049e-02
6.855557207018136978e-03
-2.780026197433471680e-02
-2.358418423682451248e-03
6.149763707071542740e-03
2.719701640307903290e-02
1.557596400380134583e-02
-3.845325484871864319e-02
-7.161299884319305420e-02
-2.100953459739685059e-02
2.662329375743865967e-02
2.581270597875118256e-02
-2.585258334875106812e-02
3.125129640102386475e-02
4.072205349802970886e-02
3.469220362603664398e-03
-4.894383251667022705e-02
1.608662493526935577e-02
-1.529818959534168243e-02
1.283689215779304504e-02
-1.247668359428644180e-02
-1.042841235175728798e-03
-2.529934979975223541e-02
-3.507651761174201965e-02
-3.872517868876457214e-02
-4.552320763468742371e-02
1.455860957503318787e-02
-4.540781304240226746e-02
-2.374207973480224609e-02
3.081259131431579590e-02
-6.756132096052169800e-02
-5.892960727214813232e-02
-3.261984325945377350e-03
3.317548334598541260e-02
5.312064662575721741e-02
3.260471858084201813e-03
4.773101210594177246e-02
7.244558632373809814e-02
4.649321734905242920e-02
1.622335612773895264e-02
2.529681846499443054e-02
-2.316381968557834625e-02
-3.129735961556434631e-02
-5.540933925658464432e-03
4.043892491608858109e-03
-7.589611411094665527e-02
2.125844359397888184e-02
-2.815641462802886963e-03
-9.314349852502346039e-03
-6.115049123764038086e-02
8.127827197313308716e-03
-4.235582053661346436e-02
3.104759007692337036e-02
-1.799602620303630829e-02
1.895895600318908691e-02
-2.261319756507873535e-02
1.475815940648317337e-02
-6.869389861822128296e-02
-7.663672324270009995e-03
7.689926773309707642e-02
7.549714791821315885e-05
3.659818693995475769e-02
-5.232505500316619873e-02
-1.002045348286628723e-02
4.507391154766082764e-02
-9.011607617139816284e-03
1.660745963454246521e-02
5.160111188888549805e-02
-3.708187863230705261e-02
1.681475713849067688e-02
1.531733386218547821e-02
1.991686644032597542e-03
-5.231085792183876038e-02
-2.241125889122486115e-02
-1.996681094169616699e-03
-6.051274016499519348e-02
-4.985027760267257690e-02
4.511006921529769897e-02
-1.605568639934062958e-02
-1.653310470283031464e-02
2.560407295823097229e-02
-3.023073449730873108e-02
-4.509828239679336548e-02
2.106068097054958344e-02
1.665829122066497803e-02
-1.485514175146818161e-02
-7.052198052406311035e-02
5.558814108371734619e-02
-4.257836565375328064e-02
-1.506132539361715317e-02
-9.836069494485855103e-02
-5.298085138201713562e-02
1.157495826482772827e-01
7.003520429134368896e-02
4.574456065893173218e-02
-7.001463323831558228e-02
-9.313278831541538239e-03
1.511826273053884506e-02
4.555203393101692200e-02
-4.804759519174695015e-04
-1.874186843633651733e-02
-4.649465531110763550e-02
8.763434365391731262e-03
3.313294798135757446e-02
-6.278576701879501343e-02
-7.937887310981750488e-02
-1.760955899953842163e-02
6.341823935508728027e-02
-3.382553532719612122e-02
-2.394018927589058876e-03
7.757267914712429047e-03
-3.172293305397033691e-02
-4.056540504097938538e-02
-2.313548885285854340e-02
-5.147537216544151306e-03
4.664047062397003174e-02
2.636635303497314453e-02
-1.289894152432680130e-02
4.768664762377738953e-02
8.238200098276138306e-03
2.295940741896629333e-02
3.887728322297334671e-03
-4.362682998180389404e-02
1.021990645676851273e-02
5.520752631127834320e-03
-7.538588345050811768e-02
-3.622222691774368286e-02
-1.140738837420940399e-02
-8.111493661999702454e-03
3.306317375972867012e-03
4.403059557080268860e-02
2.231410471722483635e-03
4.793884232640266418e-02
-1.855748146772384644e-02
9.237119555473327637e-02
1.323618832975625992e-02
3.305849060416221619e-02
5.493911728262901306e-02
4.384741187095642090e-04
-5.955580156296491623e-03
6.312391161918640137e-02
-3.778962418437004089e-02
2.013932447880506516e-03
1.752781495451927185e-02
2.833726070821285248e-02
1.826549693942070007e-02
-6.435105204582214355e-02
1.769992150366306305e-02
4.434326663613319397e-02
-3.504694625735282898e-02
-2.213802933692932129e-02
3.321129456162452698e-02
1.596931181848049164e-02
-7.478004321455955505e-03
6.741893291473388672e-02
2.715148963034152985e-03
5.410584434866905212e-02
-2.657085843384265900e-02
-1.011926960200071335e-02
8.501210808753967285e-02
-1.915319450199604034e-02
-1.545104384422302246e-02
-1.020365307340398431e-04
-3.378500416874885559e-02
-2.921918965876102448e-02
-5.164957419037818909e-02
-3.492828086018562317e-02
4.174671694636344910e-02
-4.885482788085937500e-02
4.739539697766304016e-02
-6.825651042163372040e-03
-4.148526489734649658e-02
-4.429666697978973389e-02
4.103687778115272522e-02
-9.047999978065490723e-03
1.685830019414424896e-02
3.810618817806243896e-02
-1.986478827893733978e-02
-2.317572245374321938e-03
-7.222086191177368164e-02
-6.353008002042770386e-02
8.635534904897212982e-03
4.262527450919151306e-02
2.212668210268020630e-02
-1.366562955081462860e-02
-3.382057696580886841e-02
-3.076625801622867584e-02
1.324132271111011505e-02
3.727697581052780151e-02
-4.861130565404891968e-02
-8.480569720268249512e-02
5.355811491608619690e-02
-6.168859452009201050e-02
-1.576534658670425415e-02
-7.675879634916782379e-03
2.078363485634326935e-02
1.206418871879577637e-02
6.171353161334991455e-03
4.781519994139671326e-02
3.679892793297767639e-02
2.422694303095340729e-02
-8.149061352014541626e-03
1.824604906141757965e-02
-2.973177284002304077e-02
7.795246690511703491e-02
2.738640084862709045e-02
1.132135652005672455e-02
5.875392630696296692e-02
5.474342778325080872e-02
5.507506430149078369e-02
-5.492827296257019043e-02
-2.474184520542621613e-02
2.551385900005698204e-03
-4.993798956274986267e-02
-5.182843655347824097e-02
2.928184717893600464e-02
-2.288431674242019653e-02
-1.322107855230569839e-02
-3.654155880212783813e-02
-3.336223959922790527e-02
6.776103377342224121e-02
-3.381375968456268311e-02
-8.134941011667251587e-02
6.543056666851043701e-02
5.346237495541572571e-02
-1.674157753586769104e-02
-1.380414515733718872e-02
6.771447602659463882e-03
4.155870154500007629e-02
-1.039364468306303024e-02
-3.003562428057193756e-02
2.844724990427494049e-02
-3.292445838451385498e-02
-3.459675982594490051e-02
-1.029101312160491943e-01
-2.855679951608181000e-03
4.420827701687812805e-02
-3.675803542137145996e-02
1.189700234681367874e-02
1.826335676014423370e-02
6.862463802099227905e-02
2.755708247423171997e-02
2.969276532530784607e-02
-2.758122794330120087e-02
-2.414864115417003632e-02
-2.454812079668045044e-02
9.091338515281677246e-02
-4.007549211382865906e-02
3.205358609557151794e-02
-3.387324139475822449e-02
4.915304854512214661e-02
1.222223043441772461e-02
5.326402839273214340e-03
6.700647994875907898e-03
2.846948243677616119e-02
-7.929701358079910278e-03
-6.357768550515174866e-03
-1.868654042482376099e-02
8.340580016374588013e-02
2.332552336156368256e-02
4.070646315813064575e-02
-6.294135004281997681e-02
-1.400198694318532944e-02
-3.549499437212944031e-02
-1.453397516161203384e-02
-1.628221012651920319e-02
-6.110717356204986572e-02
-3.110537864267826080e-02
1.072907168418169022e-02
-2.101610228419303894e-02
3.830163180828094482e-02
-1.706682890653610229e-02
3.594255074858665466e-02
-2.542077563703060150e-02
1.653814455494284630e-03
4.503966867923736572e-02
-6.551635917276144028e-03
8.512614667415618896e-02
-1.236757729202508926e-03
-2.394047752022743225e-02
5.539705604314804077e-02
-2.464112639427185059e-02
-9.555350057780742645e-03
1.569754630327224731e-02
-5.274651944637298584e-02
8.835865184664726257e-03
7.869934290647506714e-02
2.639355510473251343e-02
2.042835392057895660e-02
-1.948000490665435791e-02
-2.060786634683609009e-02
-4.701358452439308167e-02
-2.067869715392589569e-02
2.943477407097816467e-02
-4.507150035351514816e-03
2.531255036592483521e-02
-1.260400563478469849e-02
2.720704302191734314e-02
-2.998730540275573730e-02
-3.900332003831863403e-02
-2.111574634909629822e-02
-6.701595336198806763e-02
-4.275557026267051697e-02
-3.947511687874794006e-02
-1.812672242522239685e-02
4.882482811808586121e-02
1.021300256252288818e-02
-2.896530181169509888e-02
-1.016688160598278046e-02
-6.141211092472076416e-02
-5.465766414999961853e-02
6.589134037494659424e-02
-5.083398520946502686e-02
-5.691486597061157227e-02
2.883175946772098541e-02
-4.495428502559661865e-02
3.046426922082901001e-02
4.005178436636924744e-02
2.188923209905624390e-02
8.077985793352127075e-02
2.475631237030029297e-02
1.990372128784656525e-02
7.604634761810302734e-02
6.222804263234138489e-02
-7.593020796775817871e-03
-6.129966303706169128e-02
4.504339396953582764e-02
3.214518725872039795e-02
3.455173224210739136e-02
-6.133628543466329575e-03
5.307565629482269287e-02
-1.766818575561046600e-02
-7.413886487483978271e-04
1.080358680337667465e-02
-6.390713900327682495e-02
-1.257107499986886978e-02
-1.123476587235927582e-02
-6.404564529657363892e-02
4.686949029564857483e-02
-5.035978928208351135e-02
4.592248424887657166e-02
5.400075390934944153e-02
-2.748606959357857704e-03
-1.880901306867599487e-02
-3.176396712660789490e-02
4.761247336864471436e-02
-9.734234958887100220e-02
-3.736491501331329346e-02
-2.327430434525012970e-02
-1.043459773063659668e-02
-2.272946946322917938e-02
-3.516497835516929626e-02
-2.476353943347930908e-02
3.747945278882980347e-02
-2.916106209158897400e-02
5.774795264005661011e-02
-2.767733111977577209e-02
4.600404296070337296e-03
5.639119818806648254e-02
-2.755517326295375824e-02
4.449227452278137207e-02
-1.015230547636747360e-02
-1.836275681853294373e-02
-5.931148305535316467e-03
3.693066164851188660e-02
8.052437752485275269e-02
-1.984350569546222687e-02
-2.888340968638658524e-03
3.517550975084304810e-02
-2.941284887492656708e-02
1.994378678500652313e-02
2.936633070930838585e-03
4.015310853719711304e-02
-7.967777550220489502e-02
-4.140456393361091614e-02
-2.271370030939579010e-02
7.872554473578929901e-03
1.103016138076782227e-01
-3.309625014662742615e-02
2.375721186399459839e-02
-1.060287118889391422e-03
-4.328676685690879822e-02
-2.900251187384128571e-03
1.903652027249336243e-02
2.912161173298954964e-03
5.275111645460128784e-02
3.397726267576217651e-02
-4.108139500021934509e-02
-1.329488027840852737e-02
-3.752087056636810303e-02
1.536760479211807251e-03
4.114596545696258545e-02
5.049167200922966003e-02
5.239101871848106384e-02
1.797841675579547882e-02
4.613240808248519897e-02
-3.077082522213459015e-02
-3.020402044057846069e-02
-9.913639724254608154e-02
-4.932293202728033066e-03
3.472262760624289513e-03
-4.754493385553359985e-02
1.058684755116701126e-02
2.624361775815486908e-02
2.742514386773109436e-02
2.766980603337287903e-02
1.431063190102577209e-02
9.249830991029739380e-02
2.760449051856994629e-02
1.842135936021804810e-02
-2.437141537666320801e-02
-8.247095346450805664e-02
-4.000149667263031006e-02
-2.468331344425678253e-02
-3.881845995783805847e-02
-2.059543738141655922e-03
7.350794225931167603e-02
-7.357625663280487061e-02
3.773263469338417053e-02
-5.763380788266658783e-03
-2.880783565342426300e-02
-1.708542928099632263e-02
4.157328233122825623e-02
2.210804261267185211e-02
5.555541440844535828e-02
-2.536274492740631104e-02
-6.329575181007385254e-02
-1.535518839955329895e-02
3.265551105141639709e-02
-5.699637159705162048e-02
-6.582680344581604004e-02
-9.118625521659851074e-02
-1.409560069441795349e-02
-7.506611943244934082e-02
-3.959517925977706909e-03
1.438987255096435547e-02
-5.241522192955017090e-02
6.816011667251586914e-02
-6.262958049774169922e-04
-3.378511965274810791e-02
-1.620282232761383057e-02
1.652293093502521515e-02
1.307599712163209915e-02
-5.862423405051231384e-02
-6.562685593962669373e-03
-2.787641622126102448e-02
-3.080836310982704163e-02
-1.078069675713777542e-02
-4.192889481782913208e-02
4.922552406787872314e-02
-4.519506543874740601e-02
-1.859292946755886078e-02
2.292671240866184235e-03
-5.041152611374855042e-02
-8.353773504495620728e-03
-4.034695401787757874e-02
2.039975952357053757e-03
-1.562646962702274323e-02
-3.059659153223037720e-02
2.990514971315860748e-02
-7.041886448860168457e-03
-1.538405008614063263e-02
3.472094237804412842e-02
-6.505692843347787857e-03
-3.480779752135276794e-02
-1.525001414120197296e-02
-5.750018358230590820e-02
-7.224320620298385620e-02
1.783302240073680878e-02
2.005190961062908173e-02
-3.648886457085609436e-02
1.356111653149127960e-02
-7.860691286623477936e-03
-2.470981143414974213e-02
-7.468636333942413330e-02
-1.428303960710763931e-02
-3.089858405292034149e-02
-8.366539329290390015e-02
3.648611903190612793e-02
-1.142728887498378754e-02
-2.417375892400741577e-02
-2.808172814548015594e-02
-1.027675718069076538e-02
-3.925454220734536648e-04
7.163380086421966553e-02
-5.099432170391082764e-02
3.239227086305618286e-02
1.231980789452791214e-02
-1.491660997271537781e-02
2.454645372927188873e-02
-3.684009192511439323e-03
9.059531614184379578e-03
1.968555897474288940e-02
1.824418455362319946e-02
-1.466805208474397659e-02
1.290642656385898590e-02
3.300729021430015564e-02
4.671749472618103027e-02
1.970526576042175293e-02
-3.914017230272293091e-02
5.901203257963061333e-04
2.497900836169719696e-02
3.389885649085044861e-02
2.400914207100868225e-02
8.482986688613891602e-02
-2.728218212723731995e-02
3.696973994374275208e-02
-1.568331196904182434e-02
3.046695329248905182e-02
9.012896567583084106e-03
-1.502733211964368820e-03
4.860001150518655777e-03
-1.351947616785764694e-02
-3.209742531180381775e-02
-4.483223333954811096e-02
-4.097318276762962341e-02
-1.767653413116931915e-02
2.059008553624153137e-02
3.068702481687068939e-02
-2.098934352397918701e-02
-2.789402939379215240e-02
6.456223130226135254e-02
-4.684067517518997192e-02
-1.827810518443584442e-02
5.089049786329269409e-02
5.116917565464973450e-02
1.853374182246625423e-03
5.827947333455085754e-02
-4.409192502498626709e-02
-2.499321475625038147e-02
1.329264882951974869e-02
5.129550117999315262e-03
-1.775008998811244965e-02
5.988693982362747192e-02
2.353487536311149597e-02
6.581871211528778076e-02
9.952755644917488098e-03
6.983487401157617569e-04
2.256038412451744080e-02
7.246780395507812500e-02
6.827919743955135345e-03
3.217121213674545288e-02
-5.251798033714294434e-02
-2.499365434050559998e-02
4.614611715078353882e-02
-9.823599457740783691e-02
5.331256240606307983e-02
-1.272017415612936020e-02
2.499784156680107117e-02
-2.698620036244392395e-02
-1.083178352564573288e-02
-6.078332662582397461e-04
-2.451610937714576721e-02
-2.234301343560218811e-02
1.669668219983577728e-02
-1.919877156615257263e-02
-9.832154214382171631e-02
1.970259658992290497e-02
-5.958479829132556915e-03
6.101195141673088074e-02
-8.933933824300765991e-02
2.065631560981273651e-02
-1.237901579588651657e-02
4.722857102751731873e-02
1.862326636910438538e-02
-4.307969287037849426e-02
5.149472877383232117e-02
1.799042150378227234e-02
-4.648362100124359131e-02
-3.094181045889854431e-02
-5.616260319948196411e-02
3.878438100218772888e-02
2.333482028916478157e-03
5.439298599958419800e-02
3.176663815975189209e-02
-5.426669120788574219e-02
1.458207145333290100e-02
-2.142145484685897827e-02
-3.605433180928230286e-02
