1.917859539389610291e-02
-5.597768817096948624e-03
6.749790161848068237e-02
7.315908372402191162e-02
4.391743801534175873e-03
3.522682189941406250e-02
3.765038028359413147e-02
-7.078342139720916748e-02
-5.803423374891281128e-02
-9.339415282011032104e-02
6.876179482787847519e-03
2.662975527346134186e-02
1.936709694564342499e-02
3.400551527738571167e-02
-9.642094373703002930e-03
5.056219920516014099e-02
3.437458351254463196e-02
1.815930940210819244e-03
2.298773080110549927e-02
8.990965783596038818e-02
-2.073369547724723816e-02
-2.734129503369331360e-02
5.323990806937217712e-02
5.352466925978660583e-02
-4.216369986534118652e-02
4.001522436738014221e-03
4.735225345939397812e-03
1.991621591150760651e-02
4.906586185097694397e-02
4.570598900318145752e-02
1.961126737296581268e-02
4.980310797691345215e-02
2.273024059832096100e-02
2.108141221106052399e-02
7.739496417343616486e-03
-9.146902710199356079e-03
-2.826029248535633087e-02
-5.318398028612136841e-02
9.850631654262542725e-02
7.467269897460937500e-03
1.714768819510936737e-02
3.118155337870121002e-02
-1.118765329010784626e-03
-2.809415198862552643e-02
7.079553604125976562e-02
2.986098825931549072e-02
6.463560275733470917e-03
3.483722731471061707e-02
-3.830990195274353027e-02
-3.440000489354133606e-02
1.338103786110877991e-02
-2.368770539760589600e-02
7.489860802888870239e-02
-2.337829023599624634e-02
-1.671447791159152985e-02
4.015010967850685120e-02
-5.020189285278320312e-02
4.312093928456306458e-02
-2.182938903570175171e-02
3.319707140326499939e-02
-3.318956494331359863e-02
3.845025086775422096e-03
4.915549978613853455e-02
1.163682062178850174e-02
-2.972023002803325653e-02
5.184478312730789185e-02
-1.074721068143844604e-01
3.398137167096138000e-02
-2.541569247841835022e-02
-1.184295676648616791e-02
3.212437406182289124e-02
4.383739829063415527e-02
1.759216748178005219e-02
-2.703656256198883057e-02
3.595130145549774170e-02
3.244351223111152649e-02
-6.353906821459531784e-03
2.011233195662498474e-02
-2.976610697805881500e-02
1.215748302638530731e-02
-6.661935150623321533e-02
4.327284113969653845e-04
-2.281459234654903412e-02
-4.945491999387741089e-02
-3.329727798700332642e-02
-5.012748390436172485e-02
-6.816866248846054077e-02
4.006236791610717773e-02
5.972157418727874756e-02
2.081849984824657440e-02
4.763530939817428589e-02
-5.376930162310600281e-02
6.129276007413864136e-03
4.413272067904472351e-02
3.345054388046264648e-02
-2.888148650527000427e-02
3.604795038700103760e-02
-3.881014510989189148e-02
6.489528343081474304e-03
-7.378457486629486084e-02
-2.448655664920806885e-02
-6.964623183012008667e-02
-3.838552534580230713e-02
2.298871986567974091e-02
-6.851460784673690796e-02
5.990248546004295349e-02
-2.528935670852661133e-03
5.208507180213928223e-02
-3.197881579399108887e-02
9.552888572216033936e-03
-2.970573864877223969e-02
6.330650299787521362e-02
-1.713284477591514587e-02
-9.308755397796630859e-03
-4.556155204772949219e-02
-3.498532995581626892e-02
-1.740588620305061340e-02
3.049449436366558075e-02
1.085878834128379822e-01
1.532319118268787861e-03
2.085355482995510101e-02
-3.936086967587471008e-02
6.373899430036544800e-02
-8.276815712451934814e-02
1.555647235363721848e-02
3.589916601777076721e-02
1.557662524282932281e-02
-5.177586525678634644e-02
-1.976594515144824982e-02
-1.669013872742652893e-02
1.023504883050918579e-02
3.881387040019035339e-02
-1.404644548892974854e-01
-7.433229684829711914e-02
-3.107209503650665283e-02
-5.310944095253944397e-02
1.956995838554576039e-04
-1.602223515510559082e-02
8.237100392580032349e-02
5.376088619232177734e-02
-1.554736285470426083e-03
-1.048727612942457199e-02
-5.806125234812498093e-03
-2.841596724465489388e-03
4.521034285426139832e-02
-8.775396272540092468e-03
2.182938717305660248e-02
-1.892367936670780182e-02
-3.081659320741891861e-03
-1.770422421395778656e-02
2.718865871429443359e-02
-4.525817930698394775e-03
2.229279465973377228e-02
6.499847397208213806e-03
6.669065356254577637e-02
2.688928321003913879e-02
-1.090115495026111603e-02
2.946050651371479034e-02
6.706188619136810303e-02
-5.556879565119743347e-02
1.252130884677171707e-02
4.985494539141654968e-02
1.106575876474380493e-02
1.358828600496053696e-02
1.475355401635169983e-02
-5.832199752330780029e-02
-6.447398569434881210e-03
-1.434721332043409348e-02
-6.684081256389617920e-02
5.058877542614936829e-02
2.483458723872900009e-03
2.552174404263496399e-02
3.134813904762268066e-02
-6.410534679889678955e-02
-1.486638560891151428e-02
3.523084893822669983e-02
1.198672503232955933e-02
5.355145037174224854e-02
-1.256141066551208496e-02
-7.764987647533416748e-02
-1.219144649803638458e-02
3.756304457783699036e-02
-5.841956660151481628e-02
6.138857081532478333e-02
7.772935926914215088e-02
-1.229958701878786087e-02
-1.850668527185916901e-02
1.059924662113189697e-01
-3.633956983685493469e-02
1.659001596271991730e-02
-2.307577058672904968e-03
3.681088099256157875e-03
-3.036651946604251862e-02
1.419195439666509628e-02
2.134316042065620422e-02
2.175141312181949615e-02
6.661925464868545532e-02
-8.201054297387599945e-03
2.702720090746879578e-02
-1.189829036593437195e-01
1.125397533178329468e-02
-5.250652879476547241e-02
-6.793701648712158203e-02
-2.470250055193901062e-02
3.652178496122360229e-02
-8.141139987856149673e-04
2.785530127584934235e-02
2.376623824238777161e-02
-2.175291441380977631e-02
-2.007728070020675659e-02
2.988610183820128441e-03
5.420130863785743713e-02
3.416090458631515503e-02
-2.456976100802421570e-02
-5.561096221208572388e-02
-1.929664984345436096e-02
-4.924926161766052246e-02
-7.755579799413681030e-02
1.180419698357582092e-02
-4.244696348905563354e-02
3.000911511480808258e-02
6.480543315410614014e-02
-5.598524212837219238e-02
5.807883106172084808e-03
3.290842100977897644e-02
-4.279911145567893982e-02
4.247407615184783936e-02
-4.454617202281951904e-02
-1.200713682919740677e-02
1.749526895582675934e-02
-4.588384926319122314e-02
4.523125663399696350e-02
2.511695958673954010e-02
2.676655910909175873e-02
-4.245822131633758545e-02
-4.755024984478950500e-02
-5.812788382172584534e-02
-3.168676421046257019e-02
-5.837748199701309204e-02
1.090984940528869629e-01
3.381101414561271667e-03
-3.946598991751670837e-02
7.510704547166824341e-02
-8.235007524490356445e-02
-1.122694183140993118e-02
2.586871199309825897e-02
-3.018982894718647003e-02
2.128727547824382782e-02
-3.017201088368892670e-02
-2.345929853618144989e-02
5.692003294825553894e-03
5.553939938545227051e-02
2.317784540355205536e-02
-1.227805167436599731e-01
-3.390986844897270203e-02
2.902569063007831573e-02
3.750590234994888306e-02
2.127114124596118927e-02
2.574203908443450928e-02
-1.407393906265497208e-02
3.640299662947654724e-02
1.292865723371505737e-02
7.221990823745727539e-02
9.332050383090972900e-02
1.905726641416549683e-02
-5.552801489830017090e-02
6.596712023019790649e-02
-1.416244357824325562e-02
-2.413796260952949524e-02
-5.159476399421691895e-02
-5.635335668921470642e-02
-3.653366118669509888e-03
1.231870241463184357e-02
-2.798438072204589844e-02
1.180697325617074966e-02
-8.718483150005340576e-03
5.659212172031402588e-02
1.306673139333724976e-02
2.697108127176761627e-02
2.566270343959331512e-02
3.215397149324417114e-02
2.776311151683330536e-02
-2.162415720522403717e-02
4.534415900707244873e-03
1.193540394306182861e-01
5.050730705261230469e-02
-9.033239446580410004e-03
3.623447194695472717e-02
-5.272890254855155945e-02
-7.608804851770401001e-02
-1.194517780095338821e-02
6.798133254051208496e-03
6.949879229068756104e-02
1.031266897916793823e-02
1.183831412345170975e-02
3.963059931993484497e-02
8.289164863526821136e-03
-9.490640833973884583e-03
-1.873562484979629517e-02
1.170534174889326096e-02
1.796268671751022339e-02
7.274177041836082935e-04
6.387196481227874756e-03
-5.193044617772102356e-02
2.463372424244880676e-03
2.693780325353145599e-02
1.273021996021270752e-01
-1.416597515344619751e-02
-1.105260625481605530e-01
2.427479624748229980e-02
-7.756408303976058960e-03
-3.431953489780426025e-02
-1.284556388854980469e-01
1.305601280182600021e-02
2.556042745709419250e-02
-6.032090634107589722e-03
8.901500143110752106e-03
5.145214125514030457e-02
4.044188559055328369e-02
5.566788837313652039e-03
4.304618388414382935e-02
-9.477715939283370972e-02
-9.685210883617401123e-03
3.080984763801097870e-02
-4.577140510082244873e-02
-3.903320804238319397e-02
2.161406166851520538e-02
-7.468890398740768433e-02
4.913109540939331055e-02
2.318757353350520134e-03
-3.208450507372617722e-03
1.268156152218580246e-02
-6.147393025457859039e-03
-6.152444519102573395e-03
8.160191029310226440e-02
-2.879454381763935089e-02
6.146471574902534485e-02
-1.731821685098111629e-03
-8.626987226307392120e-03
2.781897597014904022e-02
2.587991394102573395e-02
-4.207451641559600830e-02
1.059541851282119751e-02
-8.205183595418930054e-02
-2.304113283753395081e-02
-2.373562380671501160e-02
1.133238822221755981e-01
-7.043619453907012939e-02
2.236113883554935455e-02
4.766357690095901489e-02
1.759820431470870972e-02
-5.152912810444831848e-02
-5.143210291862487793e-03
6.189621984958648682e-02
1.595419459044933319e-02
1.686911098659038544e-02
3.784449305385351181e-03
4.270648956298828125e-02
4.127732012420892715e-03
6.872605998069047928e-03
6.778872758150100708e-02
-4.738071560859680176e-02
3.539495635777711868e-03
1.834434643387794495e-02
8.000261336565017700e-02
-2.302345447242259979e-02
-1.186955161392688751e-02
4.565767198801040649e-02
-4.068667069077491760e-02
7.227256894111633301e-02
2.644439041614532471e-02
-3.850966319441795349e-02
-5.596433207392692566e-02
-1.910847052931785583e-02
-1.371249649673700333e-02
7.257642596960067749e-02
-2.210486307740211487e-02
3.534392267465591431e-02
1.443235576152801514e-02
6.127992272377014160e-02
-2.004273235797882080e-03
1.766701228916645050e-02
4.701349511742591858e-02
2.833661437034606934e-02
-9.363788180053234100e-03
5.546492710709571838e-02
-4.314810037612915039e-02
-1.551899127662181854e-03
2.154564484953880310e-02
-1.934309606440365314e-03
-3.030181676149368286e-02
-3.079668991267681122e-02
-1.791630685329437256e-02
7.518214732408523560e-02
1.251331809908151627e-02
-2.778823254629969597e-04
7.348904758691787720e-02
-5.803723633289337158e-02
2.107610180974006653e-02
4.452049359679222107e-02
3.742273896932601929e-02
-4.536592587828636169e-02
-3.641016781330108643e-02
-2.445454150438308716e-02
-2.743319980800151825e-02
-6.870906800031661987e-03
5.066438019275665283e-02
2.247025072574615479e-02
2.919698506593704224e-02
1.976918242871761322e-02
-1.129738334566354752e-02
4.255881905555725098e-02
-5.596479400992393494e-02
-5.378969386219978333e-02
-9.953027591109275818e-03
-1.312011107802391052e-02
5.411481484770774841e-02
1.091809011995792389e-02
3.899045288562774658e-02
3.436456248164176941e-02
3.415435925126075745e-02
3.535724431276321411e-02
-8.111565373837947845e-03
-5.816422402858734131e-02
4.622112214565277100e-02
-1.682819612324237823e-02
5.071068927645683289e-02
2.365889213979244232e-02
6.837161257863044739e-03
-7.204250991344451904e-02
3.547297790646553040e-03
2.185875363647937775e-02
2.227886766195297241e-02
-5.009275674819946289e-02
4.423879832029342651e-02
3.151182457804679871e-02
3.427583351731300354e-02
5.149267613887786865e-02
-8.528310060501098633e-02
-3.114131651818752289e-02
2.462642965838313103e-03
1.047905720770359039e-02
3.242338821291923523e-02
-1.327072549611330032e-02
-2.419740334153175354e-02
-7.402422279119491577e-02
-3.818748146295547485e-02
-3.874987363815307617e-02
5.551861226558685303e-02
1.921817846596240997e-02
3.041401971131563187e-03
4.818263277411460876e-02
3.103614598512649536e-02
7.149033993482589722e-02
-4.482199903577566147e-03
-1.896980451419949532e-03
7.287053391337394714e-03
-1.565230451524257660e-02
-1.569232344627380371e-02
1.751809567213058472e-02
-1.637836173176765442e-02
2.078794687986373901e-02
2.409276552498340607e-02
9.391801804304122925e-02
-9.335776418447494507e-02
-1.611276157200336456e-02
3.799005597829818726e-02
2.278761938214302063e-02
-3.913382813334465027e-02
3.292383626103401184e-02
-7.437366247177124023e-02
3.621475398540496826e-02
-3.655770048499107361e-02
5.821829289197921753e-02
2.616843022406101227e-02
8.941271342337131500e-03
5.173640698194503784e-02
-2.674499712884426117e-02
-2.218701876699924469e-02
3.595463931560516357e-02
-4.724497720599174500e-02
-1.870448328554630280e-02
-2.586082182824611664e-02
8.664126694202423096e-02
-5.008253082633018494e-02
8.410672098398208618e-02
3.765409346669912338e-04
1.081779878586530685e-02
-1.511427015066146851e-02
-4.667640104889869690e-02
-2.880718675442039967e-04
6.268194317817687988e-02
-2.938424423336982727e-02
-8.003666065633296967e-03
1.290045958012342453e-02
-6.187194213271141052e-02
-2.339915931224822998e-02
-4.955852404236793518e-02
-1.673199608922004700e-02
-1.646448485553264618e-02
-2.191109955310821533e-02
-9.210471063852310181e-03
-3.258199989795684814e-02
1.579689234495162964e-02
2.491447515785694122e-02
5.186407640576362610e-02
8.286695182323455811e-02
-2.857686020433902740e-02
1.525661093182861805e-03
6.723717600107192993e-02
-3.081203624606132507e-02
1.054902467876672745e-02
5.870632454752922058e-02
1.084593124687671661e-02
-6.031194701790809631e-02
-3.567313030362129211e-02
5.308340117335319519e-02
-7.280033826828002930e-02
5.024500191211700439e-02
1.603901945054531097e-02
2.840780653059482574e-02
3.874590247869491577e-02
-2.865370130166411400e-03
-7.203222811222076416e-02
-7.594154030084609985e-02
2.516608685255050659e-02
3.930690512061119080e-02
-9.180675260722637177e-03
1.141019165515899658e-02
-3.769586235284805298e-02
-4.188520833849906921e-02
7.506489753723144531e-02
2.092582732439041138e-02
-2.147200889885425568e-02
8.110103756189346313e-02
4.881588369607925415e-02
-3.333418071269989014e-02
9.508920833468437195e-03
-9.338132804259657860e-04
-5.112360045313835144e-02
-1.472326926887035370e-02
1.437652669847011566e-02
-1.170829311013221741e-02
4.328828677535057068e-02
-7.836229167878627777e-03
6.333678960800170898e-02
-5.831652134656906128e-02
2.751343697309494019e-02
-1.714976131916046143e-02
-5.367788299918174744e-02
-1.934706047177314758e-02
-2.361083170399069786e-03
6.900023669004440308e-02
1.620179973542690277e-02
4.524663463234901428e-02
-7.581096887588500977e-02
1.540718227624893188e-02
2.694691531360149384e-02
4.927401617169380188e-02
9.340995922684669495e-03
-2.928998507559299469e-02
-4.465529322624206543e-02
2.094120532274246216e-02
2.042347751557826996e-02
3.275729343295097351e-02
1.038705557584762573e-02
7.036499679088592529e-03
2.204484492540359497e-02
3.017100878059864044e-02
1.624369807541370392e-02
2.755923569202423096e-02
5.067998543381690979e-02
-1.449343375861644745e-02
6.968260277062654495e-03
-5.528266727924346924e-02
-3.921385854482650757e-02
-1.833750493824481964e-02
-2.149712666869163513e-02
2.315818704664707184e-02
1.991968601942062378e-02
-9.309846907854080200e-02
1.714726351201534271e-02
-3.118307888507843018e-02
6.320977210998535156e-02
9.243673644959926605e-03
-8.063502609729766846e-03
-1.307322271168231964e-02
2.361553907394409180e-02
4.332593455910682678e-02
1.807177439332008362e-02
-1.889743283390998840e-02
8.108486980199813843e-02
-3.926011174917221069e-02
-2.528730966150760651e-02
-6.650495529174804688e-02
3.466520458459854126e-02
3.285937756299972534e-02
3.972635604441165924e-03
-2.455003000795841217e-02
1.719348505139350891e-02
1.492780819535255432e-02
-2.383000962436199188e-02
8.116871863603591919e-02
2.770038507878780365e-02
-3.388763964176177979e-02
-8.616562187671661377e-02
4.168959707021713257e-02
4.970893263816833496e-02
-2.199352160096168518e-02
-9.733952581882476807e-03
5.182882025837898254e-02
-2.939024753868579865e-02
-9.402540512382984161e-03
4.811767116189002991e-02
5.113697797060012817e-02
-4.360275715589523315e-02
1.774200610816478729e-02
4.721438977867364883e-03
-1.582492142915725708e-02
6.254831328988075256e-03
-2.171550691127777100e-02
5.473797768354415894e-02
9.071002900600433350e-02
3.256328403949737549e-03
8.162228763103485107e-02
-4.853666946291923523e-02
-6.880206521600484848e-03
-2.554530650377273560e-02
1.877887290902435780e-03
3.443333506584167480e-02
-3.214484453201293945e-02
-3.240412846207618713e-02
-3.249783068895339966e-02
-7.325221598148345947e-02
-9.651781991124153137e-03
3.556151688098907471e-02
-9.635883383452892303e-03
3.302924707531929016e-02
6.003286689519882202e-02
-6.023066863417625427e-02
-2.267242223024368286e-02
-1.057310495525598526e-02
-1.718056946992874146e-02
1.824040524661540985e-02
-2.778664045035839081e-02
1.561363507062196732e-02
-1.444981060922145844e-02
3.919092565774917603e-02
-4.109406098723411560e-02
6.174946576356887817e-02
1.412935648113489151e-02
6.691777706146240234e-02
6.362925469875335693e-02
-1.451860088855028152e-02
4.539469629526138306e-02
-9.097435511648654938e-03
-1.475141732953488827e-03
2.147987484931945801e-02
-6.308604963123798370e-03
-9.050492197275161743e-03
6.987208873033523560e-02
-2.677701786160469055e-02
3.829064220190048218e-02
3.982602432370185852e-02
1.151130814105272293e-02
-8.469007909297943115e-02
-7.736615370959043503e-03
2.835451811552047729e-02
5.250029265880584717e-02
-5.221790820360183716e-02
-9.298549592494964600e-02
4.091604053974151611e-02
-3.831004351377487183e-02
-1.741354237310588360e-03
-2.270054258406162262e-02
-1.688138023018836975e-02
1.186252199113368988e-02
-2.252510748803615570e-02
-8.092769421637058258e-03
-9.291313588619232178e-03
-4.524636082351207733e-03
2.621200121939182281e-02
4.156178608536720276e-02
5.904206261038780212e-02
2.796809934079647064e-02
-6.638628989458084106e-02
-6.243306025862693787e-02
-4.050279036164283752e-02
1.084606349468231201e-02
-7.009545713663101196e-02
-4.226283729076385498e-02
-2.821801602840423584e-02
2.988458145409822464e-03
5.526444315910339355e-02
-6.901001185178756714e-02
-1.206781622022390366e-02
3.780320286750793457e-02
2.565476670861244202e-02
-9.326714277267456055e-02
-1.719161681830883026e-02
2.256267890334129333e-02
3.370476141571998596e-02
6.646310538053512573e-02
-2.529889345169067383e-02
1.827338896691799164e-02
3.097555972635746002e-02
8.050132542848587036e-02
2.089639566838741302e-02
4.208591580390930176e-02
-2.373027801513671875e-02
-2.458181791007518768e-02
-3.221141174435615540e-02
1.402179710566997528e-02
7.233393192291259766e-02
-5.822272971272468567e-02
1.842592470347881317e-02
1.354916137643158436e-03
-2.457753755152225494e-02
1.683267392218112946e-02
3.046061657369136810e-02
-6.886433809995651245e-02
6.179996952414512634e-02
5.501512065529823303e-02
1.895488798618316650e-02
6.072022765874862671e-02
7.264300435781478882e-02
-6.094887107610702515e-02
3.132015466690063477e-03
-6.066440790891647339e-02
2.503317221999168396e-02
1.367708295583724976e-02
5.019615963101387024e-02
-1.810888387262821198e-02
-2.003405988216400146e-02
2.160005457699298859e-02
4.340476542711257935e-02
-5.240806192159652710e-02
-2.586199901998043060e-02
2.440363354980945587e-02
4.368194937705993652e-02
-2.305122278630733490e-02
-8.490328490734100342e-02
-2.891105040907859802e-02
-9.759975224733352661e-02
-4.801889136433601379e-02
-2.090154681354761124e-03
2.181635797023773193e-02
-2.355153858661651611e-02
-1.710562594234943390e-02
1.018010172992944717e-02
3.738075494766235352e-02
3.215242549777030945e-02
1.957025378942489624e-02
2.709440886974334717e-02
9.040401130914688110e-02
7.963810116052627563e-02
-2.530983183532953262e-03
8.212486654520034790e-02
1.513788942247629166e-02
-1.352452393621206284e-02
1.863133348524570465e-02
-1.262792479246854782e-02
4.423884674906730652e-02
-5.307675804942846298e-03
7.956166565418243408e-02
2.756742388010025024e-02
-8.141806349158287048e-03
-2.530158869922161102e-02
-3.670847415924072266e-02
-2.818183973431587219e-02
-3.777498751878738403e-02
-8.740691468119621277e-03
7.542803138494491577e-02
4.032638669013977051e-02
1.195105165243148804e-02
5.372994113713502884e-03
-3.272418305277824402e-02
3.820344805717468262e-02
-8.255300670862197876e-02
4.247100092470645905e-03
1.508544851094484329e-02
2.445062389597296715e-03
-6.529298424720764160e-02
-2.658919803798198700e-02
2.108797430992126465e-02
2.131404913961887360e-02
9.317817538976669312e-02
3.535289689898490906e-02
-2.976121008396148682e-02
-6.118574528954923153e-04
-3.573397547006607056e-02
-1.852313801646232605e-02
7.285673916339874268e-02
2.966511249542236328e-02
-1.578356325626373291e-02
-4.392600059509277344e-02
-7.409845013171434402e-03
4.341986030340194702e-03
1.973091065883636475e-02
-4.344436898827552795e-02
3.136886749416589737e-03
7.378125190734863281e-02
-5.672787129878997803e-02
2.381684631109237671e-02
-2.221314981579780579e-02
1.894901692867279053e-02
4.938354322803206742e-05
1.393822021782398224e-02
-3.163519501686096191e-02
-1.601262204349040985e-02
-4.583473131060600281e-02
4.016776569187641144e-03
3.942763060331344604e-02
-6.232391297817230225e-02
-3.252418711781501770e-02
-6.302956491708755493e-02
7.225158810615539551e-02
-1.662468537688255310e-02
-2.467181533575057983e-02
-2.367315813899040222e-02
9.438987821340560913e-03
-3.682528436183929443e-02
4.214079678058624268e-02
-5.118323862552642822e-02
2.564163506031036377e-02
-5.515253171324729919e-02
6.586306542158126831e-02
-1.411973871290683746e-02
5.437989160418510437e-02
5.715272948145866394e-02
-2.259848453104496002e-02
-3.395051136612892151e-02
7.587481290102005005e-02
6.949255615472793579e-02
-1.772689633071422577e-02
-1.994019560515880585e-02
-3.741010278463363647e-02
-9.160338900983333588e-03
-3.432473167777061462e-02
5.694642663002014160e-02
-7.157718390226364136e-02
-2.229181677103042603e-02
4.798142239451408386e-02
-3.221674636006355286e-02
-8.351735025644302368e-02
-4.658768326044082642e-02
-8.479340374469757080e-02
-9.521621279418468475e-03
1.863224618136882782e-02
1.062639150768518448e-02
-4.784925282001495361e-02
-8.258365839719772339e-02
3.820967674255371094e-02
-6.140252947807312012e-02
1.317185536026954651e-02
-3.097053058445453644e-02
-4.308188706636428833e-02
-5.050255917012691498e-03
4.424170032143592834e-02
5.819328129291534424e-02
-4.335771873593330383e-02
-2.176292054355144501e-02
-2.410088432952761650e-03
-5.431201308965682983e-02
-2.872529812157154083e-02
-2.832091227173805237e-02
4.251459613442420959e-02
3.392295911908149719e-02
-1.836563646793365479e-02
-4.341533035039901733e-02
1.455348823219537735e-02
9.166134148836135864e-02
4.741116985678672791e-02
2.651119977235794067e-02
-2.902461588382720947e-02
-5.694696307182312012e-02
-7.447574287652969360e-03
6.480570882558822632e-02
8.543511480093002319e-02
7.069388777017593384e-02
7.219785451889038086e-02
-3.049779310822486877e-02
7.712702732533216476e-03
2.317585237324237823e-02
-6.561715900897979736e-02
3.518906235694885254e-02
2.717946097254753113e-02
1.088542267680168152e-01
-3.467489778995513916e-02
-4.491972178220748901e-02
-5.438579246401786804e-03
5.012406036257743835e-03
-5.272292345762252808e-02
-1.658326387405395508e-02
1.083642337471246719e-02
-4.882179945707321167e-02
3.612438216805458069e-02
-5.312838032841682434e-02
3.972732648253440857e-02
3.490336611866950989e-02
7.871174067258834839e-02
1.527406740933656693e-03
-6.623642146587371826e-02
-4.897931590676307678e-02
-8.420930826105177402e-04
-5.885351449251174927e-02
-1.555777620524168015e-03
-5.954102054238319397e-02
5.975824221968650818e-02
-2.461877837777137756e-02
-1.199322007596492767e-02
-4.607335850596427917e-02
-7.035853713750839233e-02
3.013580292463302612e-02
-9.044807404279708862e-02
5.869712308049201965e-02
1.157833710312843323e-01
-1.004439517855644226e-01
2.041723020374774933e-02
-1.986835338175296783e-02
-5.664724856615066528e-02
5.785460397601127625e-02
-8.273305743932723999e-02
5.421729013323783875e-02
8.964236080646514893e-02
5.082139745354652405e-02
-4.000656679272651672e-02
-5.301776900887489319e-02
-3.140893578529357910e-02
5.300004035234451294e-02
-4.310090094804763794e-02
-4.733936488628387451e-02
-3.493241593241691589e-02
-9.368003904819488525e-02
-5.852677393704652786e-03
-1.190824620425701141e-02
-2.280287444591522217e-02
6.940424442291259766e-02
1.897134445607662201e-02
1.685351505875587463e-02
-6.342428177595138550e-02
-6.476893555372953415e-03
1.533020380884408951e-02
-1.582793332636356354e-02
-4.699453711509704590e-02
-2.716800943017005920e-02
7.141127437353134155e-02
-1.091347858309745789e-01
-2.416155859827995300e-02
1.369966473430395126e-02
2.365021966397762299e-02
-2.956963703036308289e-02
-1.987452246248722076e-02
2.368416450917720795e-02
-5.691122263669967651e-03
-8.145089447498321533e-02
-4.573089629411697388e-02
-5.147757008671760559e-02
7.182110100984573364e-02
4.922504723072052002e-02
3.147700801491737366e-02
2.009924314916133881e-02
6.089352536946535110e-03
3.658022033050656319e-03
1.375395432114601135e-02
-1.216584220528602600e-01
-1.181298028677701950e-02
5.277802702039480209e-04
-2.098618820309638977e-02
-2.245451696217060089e-02
-4.199560731649398804e-02
-4.930678755044937134e-03
-1.132736168801784515e-02
9.994670003652572632e-02
-3.395741106942296028e-03
-4.610684886574745178e-02
-6.912677548825740814e-03
-2.026724861934781075e-03
-1.026757881045341492e-01
5.423328839242458344e-03
2.447371743619441986e-02
-1.257898937910795212e-02
1.145213916897773743e-01
-3.438800200819969177e-02
-3.701467439532279968e-02
-4.139281436800956726e-02
3.707097843289375305e-02
1.230958849191665649e-03
-1.544487779028713703e-03
1.198073010891675949e-02
4.106673225760459900e-02
2.640107460319995880e-02
8.081035688519477844e-03
-2.182836085557937622e-02
-4.709195345640182495e-02
5.255951359868049622e-02
6.516944617033004761e-02
1.340121868997812271e-02
1.575703150592744350e-03
-5.129906162619590759e-02
-4.139643162488937378e-02
-8.704346604645252228e-03
-4.901529848575592041e-02
-1.223993748426437378e-01
2.721138298511505127e-02
3.041032515466213226e-02
6.298254430294036865e-02
7.048517465591430664e-03
6.128568574786186218e-02
-5.132350325584411621e-02
-4.223929252475500107e-03
-3.995231911540031433e-02
-2.660321630537509918e-02
3.941588476300239563e-02
2.754837274551391602e-03
-5.921939387917518616e-02
4.011436540167778730e-04
-9.578603319823741913e-03
-6.403853651136159897e-03
4.358157515525817871e-02
-3.341541811823844910e-02
3.692953661084175110e-02
-3.729471354745328426e-04
-1.517657283693552017e-02
