2.478223480284214020e-02
-4.944825172424316406e-02
-1.114876382052898407e-02
-6.523587740957736969e-03
-3.944593667984008789e-02
-3.198645543307065964e-03
-1.769180037081241608e-02
6.428439635783433914e-03
6.896127015352249146e-02
-8.873465470969676971e-03
1.717267371714115143e-02
-3.364973934367299080e-03
3.542032465338706970e-02
-7.479704916477203369e-02
-2.011195989325642586e-03
-4.810047894716262817e-02
-4.886019602417945862e-02
-4.235413670539855957e-02
-4.971578717231750488e-03
-1.022164449095726013e-01
-5.870869383215904236e-02
-1.420718245208263397e-02
5.984143167734146118e-02
1.128336787223815918e-02
3.304769471287727356e-02
-3.565656370483338833e-04
-1.543983630836009979e-02
-4.183328151702880859e-02
2.075943537056446075e-02
3.300975542515516281e-03
7.167927105911076069e-04
-4.581980034708976746e-02
2.569453092291951180e-03
3.249338269233703613e-02
2.549142576754093170e-02
3.009507991373538971e-02
6.407056748867034912e-02
1.039666309952735901e-01
-3.423869609832763672e-03
3.595476597547531128e-02
8.272858336567878723e-03
1.115411054342985153e-02
-5.411366745829582214e-02
2.327278442680835724e-02
1.830231770873069763e-02
-4.571359138935804367e-03
-2.909727208316326141e-02
-4.015672579407691956e-02
-5.772027000784873962e-02
3.169091418385505676e-02
4.918205365538597107e-02
4.738010838627815247e-02
-2.271293289959430695e-02
3.124699927866458893e-02
3.101636189967393875e-03
-1.000974550843238831e-01
-7.125937938690185547e-02
-5.906169489026069641e-02
2.965108864009380341e-02
-7.482289336621761322e-03
-2.377398777753114700e-03
-2.262139692902565002e-02
-9.423060342669487000e-03
-1.292557734996080399e-02
-1.777880825102329254e-02
-1.361565105617046356e-02
-1.183797325938940048e-02
2.480741217732429504e-02
-2.858696272596716881e-03
1.847568526864051819e-02
-1.010647192597389221e-01
3.803676366806030273e-02
5.817889422178268433e-02
8.629656396806240082e-03
6.593992561101913452e-02
8.060289919376373291e-02
-5.998023971915245056e-02
4.209453240036964417e-02
2.874444983899593353e-02
9.346574544906616211e-03
4.744249861687421799e-03
-6.851759552955627441e-02
4.947119206190109253e-02
-7.817377336323261261e-03
-8.188630454242229462e-03
9.391034021973609924e-03
-1.727290265262126923e-02
-2.537839300930500031e-02
-1.168444305658340454e-01
-2.754342975094914436e-03
-3.846130147576332092e-02
6.005195528268814087e-02
-5.185936018824577332e-02
1.739569380879402161e-02
2.454853057861328125e-02
-1.229049265384674072e-02
4.276847466826438904e-02
4.271219298243522644e-02
8.656884543597698212e-03
4.450540617108345032e-02
-8.354996889829635620e-02
3.995506558567285538e-03
4.699404910206794739e-02
5.399712547659873962e-02
5.816158279776573181e-02
-3.609596937894821167e-02
3.122744150459766388e-02
-6.109735742211341858e-02
5.611431226134300232e-02
4.842507094144821167e-02
-5.572924390435218811e-02
-4.594321921467781067e-02
1.095916423946619034e-02
-3.662816062569618225e-02
2.038629539310932159e-02
-1.080007664859294891e-02
7.621616870164871216e-02
1.067140139639377594e-02
4.943903908133506775e-02
4.359755665063858032e-02
5.097428709268569946e-02
-4.796216264367103577e-02
5.446892976760864258e-02
2.520953305065631866e-02
-4.335527867078781128e-02
3.972784057259559631e-02
1.363889873027801514e-02
-3.159420797601342201e-03
-1.302274875342845917e-02
1.229152269661426544e-02
4.507139697670936584e-02
7.068625837564468384e-02
-9.858645498752593994e-03
-6.579793244600296021e-02
4.045633226633071899e-02
7.538808882236480713e-02
-1.282989140599966049e-02
5.151510983705520630e-02
1.491810567677021027e-02
-7.556394487619400024e-02
1.443167775869369507e-02
-5.244472995400428772e-02
6.153932772576808929e-03
-1.754564978182315826e-02
-5.263952165842056274e-02
-5.362736061215400696e-02
-9.568881988525390625e-02
8.704233169555664062e-02
-6.718800961971282959e-02
-8.238693699240684509e-03
9.089676663279533386e-03
8.369679003953933716e-02
5.326870828866958618e-02
1.167567297816276550e-01
3.298021107912063599e-02
4.083713516592979431e-02
-1.525586703792214394e-03
2.313824370503425598e-02
-5.490530747920274734e-03
7.430751342326402664e-03
-1.507725659757852554e-02
6.821485701948404312e-03
3.506773337721824646e-02
4.203712195158004761e-02
2.741218917071819305e-02
6.442050915211439133e-03
-5.977528542280197144e-02
-4.647132381796836853e-02
5.675058811902999878e-03
1.158059574663639069e-02
-8.530831336975097656e-02
-2.942354790866374969e-02
4.198459163308143616e-02
-1.715013198554515839e-02
3.927665203809738159e-02
-7.125944830477237701e-03
-1.756110601127147675e-02
4.706143215298652649e-02
-3.289387747645378113e-02
5.433057900518178940e-03
4.298898205161094666e-02
-9.829597547650337219e-03
-4.735493659973144531e-02
5.810740962624549866e-02
2.950457111001014709e-02
-3.232330083847045898e-02
6.483039259910583496e-02
6.819748133420944214e-02
-1.642816700041294098e-02
-3.534212708473205566e-02
-5.677473265677690506e-03
-3.353318572044372559e-02
2.491258457303047180e-02
-1.444021519273519516e-02
-8.534371852874755859e-03
-5.605355277657508850e-02
1.159885078668594360e-01
1.509453635662794113e-02
-6.801278144121170044e-02
-4.631951823830604553e-02
-2.145638689398765564e-02
-2.231928706169128418e-02
7.867395877838134766e-02
-6.746836751699447632e-02
9.801157563924789429e-02
6.397779285907745361e-02
3.444029018282890320e-02
2.886202931404113770e-02
8.215209096670150757e-02
7.176162302494049072e-02
9.704866446554660797e-03
2.366541139781475067e-02
-2.593755535781383514e-02
-1.991794817149639130e-02
-8.293672651052474976e-02
4.264792427420616150e-02
8.168763667345046997e-02
-4.981207195669412613e-03
-4.491012915968894958e-02
5.655905976891517639e-02
-1.834025606513023376e-02
-4.623130708932876587e-02
5.406373366713523865e-02
4.632902890443801880e-02
1.035326495766639709e-01
-3.641163557767868042e-02
-3.335412219166755676e-02
-2.822102792561054230e-02
6.120014190673828125e-02
-6.028848886489868164e-02
-5.067655071616172791e-02
-7.576879113912582397e-02
5.206129327416419983e-02
3.366989642381668091e-02
4.399022459983825684e-02
6.776053458452224731e-02
-1.630643568933010101e-02
-2.939732372760772705e-02
-3.926062025129795074e-03
2.568435482680797577e-02
-2.264711819589138031e-02
-1.004596892744302750e-02
-6.621022522449493408e-02
-3.234646469354629517e-02
6.952890753746032715e-02
-9.031307697296142578e-02
-4.671615362167358398e-02
-1.127901021391153336e-02
-4.186857864260673523e-02
-6.916229147464036942e-03
7.562004961073398590e-03
-1.162919402122497559e-02
6.696049589663743973e-03
7.089026272296905518e-02
-4.844891373068094254e-03
1.542765088379383087e-02
-1.392436027526855469e-02
4.178459569811820984e-02
-4.981937631964683533e-02
4.166001081466674805e-02
2.586425654590129852e-02
-9.964793920516967773e-03
-4.511901736259460449e-02
-2.362152002751827240e-02
-3.367284685373306274e-02
-5.381521955132484436e-02
6.201538816094398499e-02
-4.605322703719139099e-02
3.481847816146910191e-04
3.491476550698280334e-02
2.044050255790352821e-03
-1.944407820701599121e-03
-2.139170188456773758e-03
-2.652354724705219269e-02
3.912027552723884583e-02
7.370433770120143890e-03
6.317024677991867065e-02
8.340842276811599731e-02
-3.390670195221900940e-02
2.924830093979835510e-02
2.842150069773197174e-02
1.226963754743337631e-02
-2.574020624160766602e-02
6.432069092988967896e-02
-1.160756219178438187e-02
-4.239118099212646484e-02
1.800652407109737396e-02
-5.716518685221672058e-02
2.843442931771278381e-02
4.454039409756660461e-02
3.789881616830825806e-02
1.960725523531436920e-02
7.465980947017669678e-02
3.821022063493728638e-02
8.240764960646629333e-03
-2.352083101868629456e-02
7.328959554433822632e-02
1.304750144481658936e-02
-1.871209009550511837e-03
-1.832483522593975067e-02
-4.124236106872558594e-02
-1.195802260190248489e-02
-1.369763747788965702e-03
8.691082708537578583e-03
-3.442703047767281532e-03
1.501328777521848679e-02
3.809901699423789978e-02
9.888104163110256195e-03
6.270880252122879028e-02
-6.641060858964920044e-02
1.603501150384545326e-03
-1.009443495422601700e-02
6.686635781079530716e-03
-4.658807069063186646e-02
-8.736915141344070435e-02
5.168759077787399292e-02
-6.043767184019088745e-02
3.735519200563430786e-02
2.686082152649760246e-03
5.535912886261940002e-02
-4.549084231257438660e-02
1.181369572877883911e-01
9.039741754531860352e-02
3.391811251640319824e-02
-4.044154658913612366e-02
6.674358248710632324e-02
-3.930565342307090759e-02
-1.720641739666461945e-02
-2.943477034568786621e-02
-1.079183630645275116e-02
-1.670895516872406006e-02
-2.083626389503479004e-02
-4.495024681091308594e-02
5.754178762435913086e-02
2.028036117553710938e-02
6.356007605791091919e-02
8.484614954795688391e-05
1.880060322582721710e-02
-4.072644934058189392e-02
1.083082426339387894e-02
-7.490611076354980469e-02
5.734432023018598557e-03
-6.694966554641723633e-02
2.065868116915225983e-02
3.253734484314918518e-02
5.347410961985588074e-02
7.158058136701583862e-02
5.592554807662963867e-04
-4.739516973495483398e-02
-5.876284092664718628e-02
2.550476463511586189e-03
-4.374325741082429886e-03
1.291229389607906342e-02
2.375649288296699524e-02
5.029688589274883270e-03
5.473335459828376770e-02
5.381683632731437683e-02
3.730214014649391174e-02
-2.470006421208381653e-02
6.326286587864160538e-03
4.635111615061759949e-02
2.268434874713420868e-02
2.795282378792762756e-02
1.096123084425926208e-01
-2.735873125493526459e-02
-2.269535884261131287e-02
-7.887383550405502319e-02
-3.232137113809585571e-02
-3.244199231266975403e-02
-8.507256954908370972e-02
-3.541735699400305748e-03
6.306324154138565063e-02
5.507404357194900513e-02
-2.120783738791942596e-02
-2.614588662981987000e-02
2.864661440253257751e-02
-1.113968435674905777e-02
5.136134847998619080e-02
2.386495098471641541e-02
-8.247056044638156891e-03
1.013959497213363647e-01
8.233263157308101654e-03
1.111731119453907013e-02
2.901519462466239929e-02
-3.378008678555488586e-02
3.895171731710433960e-02
7.798712700605392456e-02
-6.792683154344558716e-02
2.820186689496040344e-02
-9.970613755285739899e-03
-2.079503424465656281e-02
1.273242942988872528e-02
4.735777899622917175e-02
4.429016727954149246e-03
7.976441644132137299e-03
3.522387146949768066e-02
-5.271514505147933960e-02
-8.728758245706558228e-02
6.875521689653396606e-02
1.371686160564422607e-02
5.197549704462289810e-03
-1.239790115505456924e-02
-2.956484071910381317e-02
-2.209014026448130608e-03
-1.882701739668846130e-02
-7.494105398654937744e-02
-1.464008819311857224e-02
-8.984451740980148315e-02
-9.454501792788505554e-03
-2.789076790213584900e-02
9.923065081238746643e-03
6.824112497270107269e-03
-1.290768086910247803e-01
-1.239680778235197067e-02
1.100980793125927448e-03
4.140767827630043030e-02
1.845594681799411774e-02
3.621505945920944214e-02
4.690153524279594421e-02
-7.399477809667587280e-02
-2.371267788112163544e-02
-7.645265012979507446e-02
-6.228832062333822250e-03
-3.713079914450645447e-02
5.882813408970832825e-02
-1.026011481881141663e-01
3.232415765523910522e-03
-2.290625683963298798e-02
2.375927940011024475e-02
-7.273129653185606003e-03
-7.642155140638351440e-02
2.973595261573791504e-02
-4.217894002795219421e-02
-1.367157697677612305e-02
3.521882370114326477e-02
-4.577708244323730469e-02
1.572470180690288544e-02
-9.146933443844318390e-03
-1.989420689642429352e-02
1.295113703235983849e-03
-1.080470811575651169e-02
2.608082816004753113e-02
3.244704380631446838e-02
3.165248781442642212e-02
-4.272409155964851379e-02
-4.051618650555610657e-02
1.540795434266328812e-02
1.557334326207637787e-02
-6.638433784246444702e-02
-2.194242365658283234e-02
-4.666279628872871399e-02
2.030881308019161224e-02
2.000671997666358948e-02
7.175499945878982544e-02
1.785150170326232910e-02
-2.142058126628398895e-02
-4.409371875226497650e-03
-7.839109748601913452e-02
-4.644388332962989807e-02
-2.390408189967274666e-03
-2.243758551776409149e-02
5.760972946882247925e-02
2.746284008026123047e-02
2.081912942230701447e-02
4.483768716454505920e-02
-4.532126244157552719e-03
-4.281934350728988647e-03
9.675481170415878296e-02
-6.946186069399118423e-03
-6.902150809764862061e-03
6.299086660146713257e-02
1.977761276066303253e-02
4.590771347284317017e-02
-1.656246744096279144e-02
-8.993661962449550629e-03
-5.841703340411186218e-02
-1.970459241420030594e-03
-2.957812277600169182e-03
-3.935315832495689392e-02
3.469008952379226685e-02
-4.560951143503189087e-02
-1.695782132446765900e-02
-2.398515678942203522e-02
1.822612062096595764e-02
-1.936427142936736345e-04
-4.972428828477859497e-02
-5.269060283899307251e-02
2.767853811383247375e-02
3.623227402567863464e-02
-1.192542240023612976e-01
-3.613226860761642456e-02
-3.777153044939041138e-02
3.201860189437866211e-02
1.819328777492046356e-02
-8.557488024234771729e-02
3.481617197394371033e-02
8.529129438102245331e-03
-7.295757532119750977e-04
9.165557473897933960e-02
-2.427052520215511322e-02
-3.016113070771098137e-03
5.784300342202186584e-02
-2.763557247817516327e-02
-4.877128079533576965e-02
4.399711615405976772e-04
3.441527113318443298e-02
4.834657907485961914e-02
-1.226022373884916306e-02
4.848905839025974274e-03
-8.555972017347812653e-03
-1.386243104934692383e-02
-5.952251702547073364e-02
-2.062685415148735046e-02
-4.235381633043289185e-02
-7.199653424322605133e-03
9.859930723905563354e-04
4.494041949510574341e-02
9.300196170806884766e-02
-1.708399318158626556e-02
3.147663921117782593e-02
-2.090609446167945862e-02
6.300681270658969879e-03
-2.993614971637725830e-02
-3.051124513149261475e-03
6.445067469030618668e-03
1.073376014828681946e-01
5.547930672764778137e-02
-5.513256788253784180e-02
4.185005649924278259e-02
1.375163812190294266e-02
1.595226302742958069e-02
4.408427700400352478e-02
6.845085322856903076e-02
8.846239745616912842e-02
-3.947271779179573059e-02
-4.775000363588333130e-02
-2.354328706860542297e-02
2.303582429885864258e-02
-1.964487321674823761e-02
-3.248737426474690437e-03
-7.589142769575119019e-03
2.361709251999855042e-03
2.030334435403347015e-02
5.214448552578687668e-03
-4.514999315142631531e-02
-3.228191751986742020e-03
5.155648663640022278e-02
3.658199682831764221e-02
7.538490742444992065e-02
4.208996146917343140e-02
-5.084311589598655701e-02
-1.883310638368129730e-02
-6.651260890066623688e-03
-2.495981380343437195e-02
5.659633502364158630e-02
1.738134189508855343e-03
-3.712429432198405266e-03
4.107620567083358765e-02
-5.435005202889442444e-02
1.532284915447235107e-01
3.593117371201515198e-02
-2.124296315014362335e-02
-8.510939776897430420e-03
2.704056166112422943e-02
-2.216796576976776123e-02
3.894581273198127747e-02
-4.006136208772659302e-02
1.299384329468011856e-02
-1.874795556068420410e-02
-2.884195186197757721e-02
2.223467268049716949e-02
-8.514761924743652344e-02
2.234510891139507294e-02
9.477035142481327057e-03
4.065980389714241028e-02
1.037461450323462486e-03
-5.745197087526321411e-02
-4.119109362363815308e-02
3.237745165824890137e-02
2.171111991629004478e-03
2.174124307930469513e-02
-4.615861549973487854e-02
1.776519045233726501e-02
-4.863160848617553711e-02
1.363786030560731888e-02
3.580008074641227722e-02
6.023102998733520508e-02
1.308150030672550201e-02
-6.785809993743896484e-03
-1.567031256854534149e-02
7.642645388841629028e-02
4.924508184194564819e-02
-6.052621081471443176e-02
-3.347451984882354736e-02
-1.223395112901926041e-02
-1.115996465086936951e-01
-4.175881668925285339e-02
2.887824550271034241e-02
-6.510494858957827091e-04
3.385683894157409668e-02
4.370732977986335754e-02
6.147898361086845398e-02
-7.900049909949302673e-03
-7.236403971910476685e-02
-5.743141751736402512e-03
2.381472289562225342e-02
-4.655005410313606262e-02
-6.204176694154739380e-02
-9.141387417912483215e-03
-2.092239260673522949e-02
-2.483629994094371796e-02
-1.731627993285655975e-02
2.695254422724246979e-02
-8.464382588863372803e-02
-1.094831619411706924e-02
-4.750506207346916199e-02
-2.618645690381526947e-02
-4.450431093573570251e-02
1.658204593695700169e-03
-9.499831125140190125e-03
7.602208852767944336e-02
-4.741161689162254333e-02
4.668841138482093811e-02
5.796805396676063538e-02
1.977940090000629425e-02
-5.123689770698547363e-02
-2.394731156527996063e-02
-6.757766008377075195e-02
2.136646024882793427e-02
2.546100504696369171e-02
-8.638463914394378662e-03
8.364408463239669800e-02
-4.783912748098373413e-02
2.953730709850788116e-02
-1.785727404057979584e-02
-3.552671521902084351e-02
1.218484118580818176e-01
2.595888683572411537e-03
-2.743698842823505402e-02
3.762937709689140320e-02
4.248050227761268616e-02
-5.881500616669654846e-02
7.167249172925949097e-02
1.201090030372142792e-02
-3.665151819586753845e-02
9.824370034039020538e-03
-1.341403834521770477e-02
2.033466100692749023e-02
5.037505179643630981e-02
-3.193548321723937988e-02
1.708891429007053375e-02
-1.602109149098396301e-02
-1.365331653505563736e-02
-5.701927002519369125e-03
1.568632572889328003e-02
-2.808138728141784668e-02
3.506173845380544662e-03
6.378791481256484985e-02
2.919546701014041901e-02
-9.288301318883895874e-02
-2.693326584994792938e-02
-4.375612828880548477e-03
-3.488020272925496101e-03
5.882953852415084839e-02
3.245780989527702332e-02
-4.835338145494461060e-02
1.559902261942625046e-02
1.434509176760911942e-02
3.218832984566688538e-02
1.643860153853893280e-02
-7.767230272293090820e-03
-6.539342552423477173e-02
2.998428232967853546e-02
-4.625290632247924805e-02
6.069034337997436523e-03
-9.327649138867855072e-03
-7.740262895822525024e-02
1.486031617969274521e-02
2.014983072876930237e-02
-2.892138995230197906e-02
-6.413011997938156128e-02
-2.417311072349548340e-02
-1.387523300945758820e-02
-2.390968427062034607e-02
-6.129379849880933762e-03
-6.493713008239865303e-04
2.107140049338340759e-02
3.038979135453701019e-02
4.490969702601432800e-02
1.978085935115814209e-02
4.308423958718776703e-03
-3.264286788180470467e-03
6.083161383867263794e-02
1.064982041716575623e-01
2.699865214526653290e-02
9.974075853824615479e-02
-1.381520330905914307e-01
-8.117049932479858398e-02
1.015972625464200974e-02
-4.891493357717990875e-03
2.445513010025024414e-02
-5.936387553811073303e-02
1.002125255763530731e-02
-7.591692265123128891e-03
2.287510596215724945e-02
1.279155723750591278e-02
4.616504162549972534e-02
2.734723314642906189e-02
5.437069758772850037e-02
-3.586333245038986206e-02
-3.274623304605484009e-02
5.380589887499809265e-02
2.428013086318969727e-02
-1.094605177640914917e-01
-5.878529325127601624e-02
-1.388308405876159668e-02
-6.548386812210083008e-02
2.886309102177619934e-02
2.671972289681434631e-02
-5.332118272781372070e-02
9.458521381020545959e-03
1.214087009429931641e-02
3.849115222692489624e-02
-4.369441047310829163e-02
7.962965220212936401e-02
7.658471167087554932e-02
-3.766494989395141602e-02
-2.146759070456027985e-02
-4.079063609242439270e-02
-6.086244434118270874e-02
-1.092588435858488083e-02
-5.313278175890445709e-03
4.192149266600608826e-02
-3.314759582281112671e-02
-3.015457652509212494e-02
-3.476489707827568054e-02
-1.172036025673151016e-02
2.722145430743694305e-02
-3.558692056685686111e-03
8.930739946663379669e-03
-4.868954420089721680e-02
-3.392847999930381775e-02
-9.625607170164585114e-03
-1.058580726385116577e-01
3.242449834942817688e-02
3.722288878634572029e-03
3.498160978779196739e-03
-5.370701476931571960e-02
-2.000322751700878143e-02
3.790758177638053894e-02
2.587771741673350334e-03
2.357521839439868927e-02
3.196031600236892700e-02
7.654421031475067139e-02
2.633950486779212952e-02
-2.170075895264744759e-03
7.391764223575592041e-02
-7.389406114816665649e-02
2.099041454493999481e-02
-7.602464407682418823e-02
-1.140482947230339050e-01
-2.103342302143573761e-02
1.687740907073020935e-02
-4.501967504620552063e-02
1.474751066416501999e-02
4.811953380703926086e-02
8.213485777378082275e-02
-5.940692871809005737e-02
2.811564318835735321e-02
-9.136944264173507690e-02
-2.092375978827476501e-02
7.230736315250396729e-02
2.974170446395874023e-02
-2.137588337063789368e-03
-4.236520268023014069e-03
-5.633429624140262604e-03
-7.211995124816894531e-02
-3.024298325181007385e-02
6.857815664261579514e-03
4.324879497289657593e-02
1.645467127673327923e-03
-2.449700422585010529e-02
2.089532837271690369e-02
-2.419212833046913147e-03
-1.346810348331928253e-02
-3.074124827980995178e-02
-4.211741685867309570e-02
2.697381656616926193e-03
-1.488306676037609577e-03
2.162012271583080292e-02
3.330175578594207764e-02
1.505801174789667130e-02
9.544670581817626953e-02
4.184887930750846863e-02
-7.869583554565906525e-03
-1.652468554675579071e-02
1.689478754997253418e-02
1.722161844372749329e-02
-7.817329838871955872e-03
-6.071846932172775269e-02
-4.843350965529680252e-03
3.150808811187744141e-02
-5.354407429695129395e-02
7.648492604494094849e-02
-2.525256387889385223e-02
6.861904694233089685e-05
1.745568588376045227e-02
-8.572037331759929657e-03
-6.308012455701828003e-02
8.202360011637210846e-03
-1.333618443459272385e-02
-4.112746194005012512e-02
-1.611081068404018879e-03
-3.857512027025222778e-02
3.753125667572021484e-02
1.215834170579910278e-03
5.664165690541267395e-02
3.379688784480094910e-02
5.960460379719734192e-02
6.066522002220153809e-02
-6.173675507307052612e-02
-1.469977851957082748e-02
7.842493057250976562e-02
-7.403396070003509521e-02
2.825117483735084534e-02
4.181405529379844666e-03
7.211454212665557861e-02
-5.402645096182823181e-02
9.595261886715888977e-03
5.216232314705848694e-02
-4.734972491860389709e-02
-3.056454285979270935e-02
-2.525141462683677673e-02
-2.452040649950504303e-02
-1.358269713819026947e-02
-3.375509753823280334e-02
8.189879357814788818e-02
-4.664325341582298279e-02
-2.823773026466369629e-02
-4.324964806437492371e-02
-5.195574834942817688e-02
2.128880284726619720e-02
9.133132174611091614e-03
1.120364386588335037e-02
1.278896164149045944e-02
3.598365560173988342e-02
1.284433994442224503e-02
-1.482658088207244873e-02
-3.065263852477073669e-03
8.690725080668926239e-03
4.665737599134445190e-02
-2.219061367213726044e-02
3.282933263108134270e-03
5.611783266067504883e-02
2.996053732931613922e-02
1.839025877416133881e-02
-1.195982191711664200e-02
3.507982566952705383e-02
1.974662765860557556e-02
-1.676000095903873444e-02
9.099327027797698975e-02
1.706283725798130035e-02
-3.889877349138259888e-02
-1.392248738557100296e-02
3.261625394225120544e-02
-2.004598453640937805e-02
-2.593018300831317902e-02
4.553612787276506424e-03
-5.944698303937911987e-02
-8.746298402547836304e-02
1.304919924587011337e-02
3.688838705420494080e-02
-9.959051758050918579e-02
-1.803976297378540039e-02
2.233856916427612305e-02
-2.997031249105930328e-02
3.249643370509147644e-02
2.726380340754985809e-02
3.804393485188484192e-02
-5.461474135518074036e-02
-7.569290697574615479e-02
1.030008308589458466e-02
4.525592550635337830e-02
4.754755645990371704e-02
3.320416808128356934e-02
4.598566517233848572e-02
-6.134365219622850418e-03
4.286241903901100159e-02
-3.295182064175605774e-02
-3.694543987512588501e-02
3.779205307364463806e-02
-2.257466316223144531e-02
6.227138265967369080e-02
2.859446592628955841e-02
-6.436683237552642822e-02
-9.410282596945762634e-03
1.080531720072031021e-02
-1.858329959213733673e-02
-7.833135128021240234e-02
2.830041013658046722e-02
3.354026237502694130e-03
-2.920456603169441223e-02
5.997174978256225586e-02
-3.257723525166511536e-02
5.285011976957321167e-02
-1.816416159272193909e-02
-1.374041847884654999e-02
-1.459902990609407425e-02
1.237878948450088501e-02
-2.632013347465544939e-04
2.423323318362236023e-02
4.214823991060256958e-02
-7.999718189239501953e-03
3.029461018741130829e-02
5.345735326409339905e-02
-5.088991299271583557e-02
6.277725845575332642e-02
4.313530772924423218e-02
5.322513356804847717e-02
-7.627035677433013916e-02
4.456438496708869934e-02
-5.258503556251525879e-02
-1.346372999250888824e-02
-3.087703324854373932e-02
-5.797599628567695618e-02
-1.108142826706171036e-02
-3.260374069213867188e-03
9.792004711925983429e-03
4.335426539182662964e-02
-2.553693018853664398e-02
-3.489025309681892395e-02
6.862927228212356567e-02
-3.256127238273620605e-02
-1.652934215962886810e-02
-7.762830704450607300e-02
-2.615811536088585854e-03
1.631047576665878296e-02
-3.598404303193092346e-02
7.535710185766220093e-02
4.022943321615457535e-03
-1.853178255259990692e-02
-9.285549074411392212e-02
7.007788121700286865e-02
4.623283818364143372e-02
-4.873744770884513855e-02
-2.814872376620769501e-02
-4.836469143629074097e-02
5.381495133042335510e-02
4.157097265124320984e-02
1.408984232693910599e-02
-1.099901739507913589e-02
-3.240569680929183960e-02
4.814050719141960144e-02
-4.500290378928184509e-02
-2.124145627021789551e-02
5.142398551106452942e-02
-1.640148647129535675e-02
5.414562765508890152e-03
-3.144223615527153015e-02
1.789645850658416748e-02
1.043238490819931030e-01
-7.441771682351827621e-03
-3.681992739439010620e-02
-2.608142606914043427e-02
-3.746764734387397766e-02
1.002437062561511993e-02
-3.166327625513076782e-02
-1.773279742337763309e-03
-6.083983182907104492e-02
5.718649551272392273e-02
6.946568936109542847e-02
5.977218598127365112e-02
4.252954572439193726e-02
1.748694851994514465e-02
-2.937428094446659088e-02
-3.124674037098884583e-02
4.370230436325073242e-02
2.160573378205299377e-02
-9.231982752680778503e-03
2.757524512708187103e-02
-7.959840819239616394e-03
5.687160044908523560e-02
1.971211656928062439e-02
-7.375182956457138062e-02
3.030490875244140625e-02
-7.344852387905120850e-02
3.932859282940626144e-03
-6.824116408824920654e-02
-4.994944110512733459e-02
-1.166031416505575180e-02
-5.501919984817504883e-02
5.557341128587722778e-02
-2.143429825082421303e-03
-2.189696021378040314e-02
-4.318193718791007996e-02
1.186266308650374413e-03
2.998200245201587677e-02
-5.234170332551002502e-02
1.513077225536108017e-02
5.092871106171514839e-06
3.599223215132951736e-03
3.865177184343338013e-02
5.758627876639366150e-02
1.067416928708553314e-02
8.983179926872253418e-03
-4.132599383592605591e-02
6.238422356545925140e-03
5.229418724775314331e-02
1.434907596558332443e-02
-4.643178358674049377e-02
-6.632918864488601685e-02
-1.900147460401058197e-02
3.565887361764907837e-02
-4.883246496319770813e-02
6.163354264572262764e-04
3.270927071571350098e-02
2.129851281642913818e-02
-2.110863663256168365e-02
-6.165047641843557358e-03
3.673702105879783630e-02
4.087022319436073303e-02
-3.441030904650688171e-02
5.546279996633529663e-02
2.964888513088226318e-02
