1.997566409409046173e-02
-3.300416097044944763e-02
-1.172754075378179550e-02
2.658170647919178009e-02
8.327864110469818115e-02
2.882639179006218910e-03
5.520191043615341187e-02
3.004458732903003693e-02
-5.064554139971733093e-02
1.070065889507532120e-02
4.349696263670921326e-02
-8.228003233671188354e-02
-3.983254358172416687e-02
-4.662228748202323914e-02
2.643902786076068878e-02
-3.062509931623935699e-02
4.294286947697401047e-03
3.204670175909996033e-02
5.737819243222475052e-03
3.198764100670814514e-02
7.002676278352737427e-02
7.217549253255128860e-03
7.610965520143508911e-02
-4.274662211537361145e-02
-3.067577071487903595e-02
5.411401763558387756e-02
2.220933325588703156e-02
4.911362007260322571e-02
5.505603924393653870e-02
1.296412665396928787e-02
-3.248447552323341370e-02
5.911527574062347412e-02
3.640728816390037537e-02
-4.088161140680313110e-02
9.503144770860671997e-03
-6.370755843818187714e-03
7.915917783975601196e-03
-1.153597887605428696e-02
-7.620430737733840942e-02
-5.687407031655311584e-02
-2.467994019389152527e-02
-8.933014236390590668e-03
6.929039210081100464e-02
-1.865897886455059052e-02
6.014513969421386719e-02
-6.329776346683502197e-02
-3.224418312311172485e-02
-6.723380088806152344e-02
-2.005218900740146637e-02
2.068424411118030548e-02
4.265587776899337769e-04
1.949390210211277008e-02
7.418319582939147949e-02
-8.406954258680343628e-02
-7.935155183076858521e-03
1.529238745570182800e-02
6.975910067558288574e-02
6.748315691947937012e-02
-6.355880945920944214e-02
4.286963958293199539e-03
3.155984741169959307e-04
9.201439679600298405e-04
-9.957024827599525452e-03
3.848223481327295303e-03
7.686174008995294571e-03
5.110573768615722656e-02
-6.126156542450189590e-03
2.904530614614486694e-02
6.090794503688812256e-02
-5.523904412984848022e-02
9.288273286074399948e-04
-6.311509013175964355e-02
7.348526269197463989e-02
-3.895172476768493652e-02
-2.707237564027309418e-02
1.484880410134792328e-02
1.461182627826929092e-02
-3.441421687602996826e-02
3.195650875568389893e-02
3.993513807654380798e-02
1.482833269983530045e-02
2.234484069049358368e-02
-2.842580666765570641e-03
-2.395273931324481964e-02
1.635325513780117035e-02
4.882505908608436584e-02
-3.804962337017059326e-02
3.262786567211151123e-02
1.992642879486083984e-03
6.045399606227874756e-02
-5.751878023147583008e-02
-3.993971645832061768e-02
-1.178917288780212402e-02
-4.943304695188999176e-03
-1.909135654568672180e-02
-1.819029636681079865e-02
-5.155122280120849609e-02
3.080449812114238739e-02
-1.880240626633167267e-02
4.379434511065483093e-02
3.854926303029060364e-02
-2.167029306292533875e-02
-1.022768393158912659e-02
-6.957521662116050720e-03
5.805014446377754211e-02
4.754005372524261475e-02
4.065482318401336670e-02
-5.739897862076759338e-02
-4.273512959480285645e-02
8.682084828615188599e-02
-3.760661184787750244e-02
7.549211382865905762e-03
-3.722313046455383301e-02
4.346886649727821350e-02
4.135563597083091736e-02
4.803834017366170883e-03
1.837616413831710815e-02
5.852641165256500244e-02
2.341368608176708221e-02
-1.117347553372383118e-02
3.104983642697334290e-02
-4.399875923991203308e-02
1.625209301710128784e-02
1.304817106574773788e-02
-1.027478836476802826e-02
7.012942805886268616e-03
-7.882214151322841644e-03
-2.326982095837593079e-02
-4.616574198007583618e-02
7.370581850409507751e-03
-2.829958684742450714e-02
-1.055121645331382751e-01
9.980761259794235229e-02
1.738178171217441559e-02
-6.289058178663253784e-02
5.252882465720176697e-02
5.697587877511978149e-02
1.197933591902256012e-02
-3.393790870904922485e-02
3.298546746373176575e-02
1.718553528189659119e-02
3.233799338340759277e-02
1.450577098876237869e-02
3.566913306713104248e-02
2.324480004608631134e-02
3.519880399107933044e-02
1.138645783066749573e-02
-2.642802521586418152e-02
-9.056150913238525391e-02
2.798349224030971527e-02
1.147756847785785794e-04
-2.432301826775074005e-02
-4.369230195879936218e-02
-9.657081961631774902e-02
1.953752525150775909e-02
-3.497948497533798218e-02
-2.309602499008178711e-02
-9.694430977106094360e-02
-1.585054793395102024e-03
8.457079529762268066e-02
3.509273380041122437e-02
-3.392853960394859314e-02
-1.983241364359855652e-02
1.289869472384452820e-02
-5.766918882727622986e-03
3.205703943967819214e-02
3.138590836897492409e-03
-5.706290900707244873e-02
-2.984059415757656097e-02
-2.870969288051128387e-02
6.622847914695739746e-02
-4.629276227205991745e-03
3.291600570082664490e-02
-7.061416655778884888e-02
2.550919540226459503e-03
4.225168004631996155e-02
4.821357503533363342e-02
1.175151672214269638e-02
-2.767227403819561005e-02
-9.583798237144947052e-03
-1.508190035820007324e-01
3.992253914475440979e-02
-6.032774224877357483e-03
-1.151791140437126160e-01
1.353074237704277039e-02
-3.552713617682456970e-02
-7.412894815206527710e-02
-1.394134201109409332e-02
-1.529526803642511368e-02
-4.740834236145019531e-03
-6.753148883581161499e-02
4.158715903759002686e-02
3.401956334710121155e-02
-9.976107627153396606e-03
-5.499209463596343994e-02
-5.933644995093345642e-02
3.460626350715756416e-03
2.580121345818042755e-02
-7.822454720735549927e-02
9.143421798944473267e-02
-9.657695144414901733e-02
1.278128940612077713e-02
-5.838206037878990173e-03
4.877676069736480713e-02
-7.718637585639953613e-02
1.011902987957000732e-01
-3.506679087877273560e-02
-3.599437698721885681e-02
-2.808363549411296844e-02
-8.987778425216674805e-02
-5.055421218276023865e-02
1.207870244979858398e-02
-5.368445068597793579e-02
3.286155685782432556e-02
-3.338868170976638794e-02
-2.274435572326183319e-02
-3.761114925146102905e-02
1.057955473661422729e-01
1.177885290235280991e-02
-4.749153275042772293e-03
-5.218083783984184265e-02
5.480493232607841492e-02
1.442723069339990616e-02
-5.609215237200260162e-03
1.699675247073173523e-02
-4.005337879061698914e-02
9.380903095006942749e-03
-3.939679637551307678e-02
3.592457622289657593e-02
-4.865973815321922302e-02
-7.150945067405700684e-02
-1.783638447523117065e-02
1.284068543463945389e-02
-7.833917438983917236e-02
8.827369660139083862e-03
-1.623039948754012585e-03
-4.810420051217079163e-02
1.315683126449584961e-02
-6.669005006551742554e-02
7.705102115869522095e-02
4.487220942974090576e-02
-6.507995724678039551e-02
3.383591026067733765e-02
3.362026065587997437e-02
1.867860369384288788e-02
-3.105005063116550446e-02
-1.413333788514137268e-02
-2.722585387527942657e-02
-1.063080281019210815e-01
1.101696789264678955e-01
-1.858818717300891876e-02
-6.842552870512008667e-02
1.051650568842887878e-02
3.820649534463882446e-02
-2.372096106410026550e-02
6.886174529790878296e-02
-3.394898958504199982e-03
-4.893689975142478943e-02
-2.826330810785293579e-02
-1.433067955076694489e-02
4.124787077307701111e-02
4.620332643389701843e-02
-3.189323097467422485e-02
6.516063120216131210e-03
6.945144385099411011e-02
-1.297413185238838196e-02
5.375302955508232117e-02
2.950561046600341797e-02
-1.258914321660995483e-01
-4.895430430769920349e-02
-3.200003877282142639e-02
-1.846099831163883209e-02
2.970579080283641815e-02
-5.315305292606353760e-02
3.090563230216503143e-03
-3.630543872714042664e-02
6.704498082399368286e-02
-1.181040611118078232e-02
-9.748708456754684448e-02
6.655950099229812622e-02
-3.943469375371932983e-02
-2.563545852899551392e-02
5.240945890545845032e-02
-2.742214687168598175e-02
-9.828598052263259888e-02
1.329848426394164562e-03
-4.446308594197034836e-03
-2.960065566003322601e-02
-6.537958979606628418e-04
4.713506624102592468e-02
5.357672274112701416e-02
1.391708943992853165e-02
-3.851887583732604980e-02
-8.337793499231338501e-02
7.507748156785964966e-02
1.050942298024892807e-02
-8.586558513343334198e-03
-6.703167408704757690e-02
5.296831950545310974e-02
-5.946090072393417358e-02
1.480920705944299698e-02
-3.896815329790115356e-02
7.032079249620437622e-02
-3.853605687618255615e-02
-1.905417256057262421e-02
-2.073142118752002716e-02
7.599546015262603760e-02
5.264362320303916931e-02
-6.781344115734100342e-02
5.997981131076812744e-02
-8.477699942886829376e-03
2.632840722799301147e-02
-5.508915986865758896e-03
3.495310246944427490e-02
-2.032754011452198029e-02
-8.554155379533767700e-02
-7.542810589075088501e-02
-5.160905048251152039e-02
5.758339539170265198e-02
-7.073781639337539673e-02
4.026259412057697773e-04
2.012601494789123535e-02
4.970673099160194397e-02
-7.969108223915100098e-02
-2.348717069253325462e-03
-2.911262027919292450e-02
8.963801711797714233e-02
-5.984828621149063110e-02
-3.211297467350959778e-02
2.750824904069304466e-03
-1.114315539598464966e-01
-3.259534761309623718e-02
7.568324357271194458e-02
-1.860410161316394806e-02
-1.898799440823495388e-03
5.786069855093955994e-02
8.241836912930011749e-03
3.387491405010223389e-02
6.304649263620376587e-02
1.201531961560249329e-01
-7.219075411558151245e-02
1.125854719430208206e-02
-8.703130483627319336e-02
7.816009968519210815e-02
-1.994111342355608940e-03
5.757515132427215576e-02
3.759875893592834473e-02
6.036305427551269531e-02
-1.081550028175115585e-02
3.176896274089813232e-02
2.439346164464950562e-02
-1.172629073262214661e-01
-6.302011199295520782e-03
-7.502382621169090271e-03
-5.985921248793601990e-02
-6.113953888416290283e-02
2.584812045097351074e-02
1.308353897184133530e-02
-8.486051857471466064e-02
5.146227031946182251e-02
6.687393784523010254e-02
8.130175620317459106e-02
-6.020888313651084900e-02
2.006174437701702118e-02
-1.915174536406993866e-02
4.632932320237159729e-02
-1.491592545062303543e-02
-5.501451343297958374e-02
-2.011534757912158966e-02
-2.894170954823493958e-02
7.773502264171838760e-03
-6.811428070068359375e-02
2.655476890504360199e-02
-5.081705749034881592e-02
-4.138066247105598450e-02
-4.376952722668647766e-02
-5.288936942815780640e-02
5.125418677926063538e-02
-1.528833899646997452e-02
5.213166400790214539e-02
9.677579998970031738e-02
-9.097955375909805298e-02
5.636793747544288635e-02
-4.386662691831588745e-02
-8.721052855253219604e-02
-3.432290628552436829e-02
-4.496335238218307495e-02
3.214003890752792358e-02
1.030448228120803833e-01
9.746625274419784546e-02
4.645903035998344421e-02
-3.177519142627716064e-02
-4.235090315341949463e-02
-3.809878602623939514e-02
-1.587836258113384247e-02
4.880093410611152649e-02
5.476505495607852936e-03
5.276221036911010742e-02
1.959880255162715912e-02
-5.148060247302055359e-02
4.660949110984802246e-03
4.180299118161201477e-03
5.507072061300277710e-02
6.618958897888660431e-03
-8.727538585662841797e-02
-1.340734586119651794e-02
-1.983665674924850464e-02
-3.076188080012798309e-02
-2.824459783732891083e-02
2.172577567398548126e-02
-2.545701153576374054e-02
-1.889488101005554199e-02
-9.092040359973907471e-03
4.859693348407745361e-02
2.912542037665843964e-02
2.065973123535513878e-03
-1.930579356849193573e-02
4.966621473431587219e-02
-3.325323760509490967e-02
-4.560550674796104431e-02
3.852749988436698914e-02
-4.391039907932281494e-02
1.174620073288679123e-02
-8.384040556848049164e-03
-2.758376486599445343e-02
3.839485347270965576e-02
-3.096763044595718384e-02
-7.710105925798416138e-02
1.510136201977729797e-02
-3.238904103636741638e-02
5.235777795314788818e-02
-4.380029160529375076e-03
-3.896965831518173218e-02
-4.403403028845787048e-02
-6.959486752748489380e-02
1.787056960165500641e-02
-6.205315887928009033e-02
-1.996252918615937233e-03
-4.010412469506263733e-02
-6.161851808428764343e-03
-3.727007890120148659e-03
3.664726624265313148e-03
-2.826180076226592064e-03
2.843571826815605164e-02
6.818990409374237061e-02
4.900639876723289490e-02
5.067352950572967529e-02
4.292307421565055847e-02
-1.906682737171649933e-02
-1.830761088058352470e-03
-1.395038608461618423e-02
-3.178787417709827423e-03
-5.052376911044120789e-02
4.995363578200340271e-02
2.038572356104850769e-02
1.628317986615002155e-03
8.838742971420288086e-03
-8.730289526283740997e-03
6.299661844968795776e-02
-8.021905273199081421e-02
-2.831384725868701935e-02
-1.282396609894931316e-03
7.928000413812696934e-04
7.639880478382110596e-02
2.051876112818717957e-02
-7.567530963569879532e-03
-1.829358749091625214e-02
5.323844775557518005e-02
-1.096804440021514893e-02
-5.672806501388549805e-02
-5.106674134731292725e-02
3.922959789633750916e-03
5.339786875993013382e-03
-6.464392691850662231e-02
4.665967077016830444e-02
8.300490677356719971e-02
-5.818549171090126038e-02
-1.900582760572433472e-02
-2.820160426199436188e-02
1.005962640047073364e-01
-2.124153450131416321e-02
-9.818796068429946899e-03
1.052759680896997452e-02
-9.498424828052520752e-03
1.287162024527788162e-02
-2.486391179263591766e-02
-3.205622732639312744e-02
-3.875877708196640015e-02
6.478537339717149734e-03
-5.431229248642921448e-03
-5.332995578646659851e-02
-3.352624364197254181e-03
-3.523253276944160461e-02
2.347242087125778198e-02
3.415943309664726257e-02
-7.546641677618026733e-02
-5.301914364099502563e-02
-1.993909291923046112e-02
-2.796099707484245300e-02
-9.819831699132919312e-02
6.892855465412139893e-02
-1.108953729271888733e-01
-6.938678771257400513e-02
1.255529280751943588e-02
-1.145659666508436203e-02
-2.243266627192497253e-02
4.383450746536254883e-02
-3.693783283233642578e-02
-9.454199671745300293e-02
5.771786347031593323e-02
2.808807976543903351e-02
-3.796209022402763367e-02
2.218037843704223633e-05
-6.731498241424560547e-02
-3.262139158323407173e-03
-8.932731579989194870e-04
7.329855859279632568e-02
-4.144433885812759399e-02
-2.420506626367568970e-02
5.280879326164722443e-03
4.719525575637817383e-02
6.660759449005126953e-02
-1.327913603745400906e-03
4.787248373031616211e-02
3.219272196292877197e-02
-4.915920272469520569e-02
-6.446847319602966309e-02
-4.983584396541118622e-03
-2.747157821431756020e-03
1.816909201443195343e-02
3.197509050369262695e-02
6.014728918671607971e-03
-3.974330797791481018e-02
4.257451370358467102e-02
1.500537991523742676e-02
2.483547292649745941e-02
1.911127753555774689e-02
2.801251225173473358e-02
-6.334599852561950684e-02
-4.100640490651130676e-02
-8.465193957090377808e-02
-4.809457343071699142e-03
1.123721990734338760e-02
3.139252215623855591e-02
1.051885858178138733e-01
-5.166612099856138229e-03
-1.921824552118778229e-02
-2.467362210154533386e-02
-8.361815661191940308e-02
6.774661131203174591e-03
3.862265124917030334e-02
-3.812424466013908386e-02
1.717694848775863647e-02
-4.878461360931396484e-03
-3.624035790562629700e-02
-2.152355760335922241e-02
-1.057022288441658020e-01
7.676847744733095169e-03
-1.722252555191516876e-02
5.101346969604492188e-02
4.540191590785980225e-02
6.923688203096389771e-02
4.274532198905944824e-02
-8.513419330120086670e-02
5.540417134761810303e-02
-8.652343600988388062e-02
-6.088287010788917542e-02
6.688965111970901489e-02
2.010221220552921295e-02
-3.749588876962661743e-02
-4.394531995058059692e-02
-6.325678434222936630e-03
-4.474671185016632080e-02
-9.155138395726680756e-03
7.159398496150970459e-02
-6.363174319267272949e-02
-2.573716081678867340e-02
3.376320749521255493e-02
-4.993968829512596130e-02
-1.366872712969779968e-02
5.683485418558120728e-02
6.672465056180953979e-02
6.411450915038585663e-03
1.340036187320947647e-02
2.675682492554187775e-02
5.796568095684051514e-02
-2.027550898492336273e-02
-4.351749643683433533e-02
1.831880584359169006e-02
-1.844441704452037811e-02
3.937468305230140686e-02
-2.153716050088405609e-03
-7.757847756147384644e-02
4.695677757263183594e-02
4.048915207386016846e-02
2.298031561076641083e-02
8.002045750617980957e-02
-8.380240947008132935e-02
-5.450195446610450745e-02
-3.966096043586730957e-02
-7.511041313409805298e-02
-6.304764002561569214e-02
-7.736712694168090820e-03
3.127830103039741516e-02
-9.114399552345275879e-02
-2.382901497185230255e-03
-6.949239969253540039e-02
-4.123127833008766174e-02
7.463410031050443649e-03
-6.355347484350204468e-02
6.683486700057983398e-02
-4.021495953202247620e-02
3.719122614711523056e-03
4.409249499440193176e-02
6.474442780017852783e-02
-4.663252830505371094e-02
-1.815310213714838028e-03
1.648753322660923004e-02
-2.496473677456378937e-02
2.770329080522060394e-02
-5.880589783191680908e-02
3.486227244138717651e-02
-3.586741909384727478e-02
-8.375956676900386810e-03
5.124133825302124023e-02
5.400170013308525085e-02
-6.390266120433807373e-02
2.983948774635791779e-02
6.543648429214954376e-03
1.884725992567837238e-03
-9.432905167341232300e-02
-1.916059106588363647e-02
-7.251279801130294800e-02
9.458569809794425964e-03
-1.382144074887037277e-02
2.907244116067886353e-02
7.244600355625152588e-02
5.543483421206474304e-02
-2.298377081751823425e-02
4.913389682769775391e-02
-4.044232144951820374e-02
-8.946695365011692047e-03
5.752549320459365845e-02
5.976770073175430298e-02
2.678314596414566040e-02
5.889584124088287354e-02
-3.770022885873913765e-03
-4.726214334368705750e-02
6.257706135511398315e-02
-8.453789353370666504e-02
7.683989405632019043e-02
1.154133025556802750e-02
9.858100675046443939e-03
-6.328136473894119263e-02
1.234714016318321228e-01
2.386958152055740356e-02
-1.104644220322370529e-02
1.699505932629108429e-02
4.681771993637084961e-02
4.826463293284177780e-03
-2.421375131234526634e-03
4.592040926218032837e-02
3.769530355930328369e-02
2.300332926097325981e-05
-4.206320270895957947e-02
5.283667892217636108e-02
-7.485053967684507370e-03
-3.386084735393524170e-02
3.628406673669815063e-02
7.472090423107147217e-02
2.950699813663959503e-02
-2.736641280353069305e-02
-9.138062596321105957e-02
5.352857336401939392e-02
-5.245970189571380615e-02
4.038411751389503479e-02
6.273818016052246094e-02
5.044911801815032959e-02
4.612860828638076782e-02
-9.343180805444717407e-03
-6.720430403947830200e-02
6.613858789205551147e-02
-6.083200126886367798e-02
-2.184906043112277985e-02
1.731594838201999664e-02
2.129710279405117035e-02
3.649637848138809204e-02
-6.367092952132225037e-03
-3.530451282858848572e-02
3.843219950795173645e-02
-6.657748669385910034e-02
7.333290576934814453e-02
7.008207030594348907e-03
-5.454811081290245056e-02
4.719594493508338928e-02
-9.711912833154201508e-03
1.686877105385065079e-03
9.441828727722167969e-02
-8.808410912752151489e-02
-7.153494749218225479e-03
-6.474531441926956177e-02
1.066693067550659180e-01
-1.690415106713771820e-02
-2.591022057458758354e-03
3.962635621428489685e-02
5.297982692718505859e-02
-1.376569271087646484e-02
-1.077676471322774887e-02
-9.818863868713378906e-02
-2.597256936132907867e-02
-8.713394403457641602e-02
-6.038956344127655029e-02
6.805399060249328613e-02
3.236940503120422363e-02
-4.097882285714149475e-02
3.388310596346855164e-02
3.140121325850486755e-02
-1.908216439187526703e-02
-1.277032773941755295e-02
-1.079851388931274414e-01
-5.783381313085556030e-02
6.658529490232467651e-02
-4.657734930515289307e-02
4.332200065255165100e-02
-5.666580051183700562e-02
5.535470321774482727e-02
5.767785478383302689e-03
-7.494986802339553833e-02
-5.016672238707542419e-02
3.253336763009428978e-03
-6.460391730070114136e-02
-3.530201688408851624e-02
-5.723644793033599854e-02
-4.542973265051841736e-02
-2.674480527639389038e-02
-2.194964140653610229e-02
-5.013895407319068909e-02
1.729481853544712067e-02
8.641674369573593140e-02
-2.691916190087795258e-02
-2.132813259959220886e-02
-5.200224742293357849e-02
-1.171022132039070129e-01
4.425710067152976990e-02
8.310703188180923462e-02
-4.131517559289932251e-02
-1.897544041275978088e-02
2.257538028061389923e-02
-7.669997960329055786e-02
5.110012367367744446e-02
1.376959402114152908e-02
-1.025191601365804672e-02
-2.131957560777664185e-02
-5.797615274786949158e-03
7.189973723143339157e-03
-1.026610098779201508e-02
2.579378336668014526e-02
-6.871105730533599854e-02
-2.121563628315925598e-02
-9.662639349699020386e-03
3.418998327106237411e-03
4.475974664092063904e-02
4.746565595269203186e-02
7.914628833532333374e-02
-6.262495368719100952e-02
-4.479423910379409790e-02
-7.040252536535263062e-02
4.390514642000198364e-02
3.815041482448577881e-02
-1.583161205053329468e-02
4.398819431662559509e-02
7.846941798925399780e-02
3.412090614438056946e-02
8.911687880754470825e-03
-8.590175211429595947e-02
4.153408110141754150e-02
-9.685885161161422729e-02
2.302189823240041733e-03
-6.469235569238662720e-02
-2.033783309161663055e-02
2.669642493128776550e-02
3.831655159592628479e-02
-2.552057430148124695e-02
2.339562587440013885e-02
-6.004438549280166626e-02
5.496947467327117920e-02
-1.882026903331279755e-02
7.464928179979324341e-02
7.881870120763778687e-02
7.037735730409622192e-02
4.593682661652565002e-02
9.063915163278579712e-02
6.452119443565607071e-03
-3.031349182128906250e-02
1.489849481731653214e-02
1.862274669110774994e-02
2.483914606273174286e-02
7.731601595878601074e-02
-1.172255910933017731e-02
-7.634131610393524170e-02
2.218098379671573639e-02
1.224544947035610676e-03
-5.671528354287147522e-02
2.063593268394470215e-02
-4.802238941192626953e-02
7.475623488426208496e-02
-3.469249233603477478e-02
-7.357882708311080933e-02
-5.975856631994247437e-02
-3.415229544043540955e-02
7.431896030902862549e-02
-3.546937555074691772e-02
-5.081116780638694763e-02
1.892045326530933380e-02
5.478422343730926514e-02
8.169431239366531372e-03
-4.846544191241264343e-02
5.902387946844100952e-02
1.958942413330078125e-02
-7.232820242643356323e-02
-5.487522110342979431e-03
-4.295764490962028503e-02
-9.474556893110275269e-02
-2.976361894980072975e-03
1.770765287801623344e-03
1.115128397941589355e-03
-7.857031375169754028e-02
-2.021049894392490387e-02
4.793895781040191650e-02
5.033190827816724777e-03
5.091178044676780701e-02
6.478918343782424927e-02
3.555746283382177353e-03
-7.595071569085121155e-03
-5.123122036457061768e-02
1.022616866976022720e-02
-7.626720238476991653e-03
1.082834880799055099e-02
4.155685007572174072e-02
-3.190620243549346924e-02
3.264562785625457764e-02
-3.790239244699478149e-02
8.483577519655227661e-03
-8.225513249635696411e-02
-1.068283896893262863e-02
-1.053783576935529709e-02
3.483381494879722595e-02
3.254102170467376709e-02
6.936918944120407104e-02
8.048620820045471191e-02
-7.390201091766357422e-02
-6.288013886660337448e-03
6.930822879076004028e-02
6.063136272132396698e-03
-4.617846384644508362e-02
-3.157579526305198669e-02
-4.735467210412025452e-02
6.590070575475692749e-02
5.584831535816192627e-02
-1.052119955420494080e-01
2.019224315881729126e-02
-2.079465193673968315e-03
-6.123054027557373047e-02
1.013661827892065048e-02
9.280469268560409546e-03
6.432723999023437500e-02
-1.722525432705879211e-02
-1.106393709778785706e-02
4.202286154031753540e-02
-1.839110162109136581e-03
9.161203354597091675e-02
4.718907177448272705e-02
2.243505604565143585e-02
7.310623303055763245e-03
6.398283690214157104e-02
2.356541156768798828e-02
9.724459052085876465e-02
1.812308281660079956e-02
5.902154371142387390e-02
-6.928067654371261597e-02
-7.981248199939727783e-02
-2.926567010581493378e-02
5.587470158934593201e-02
3.093045391142368317e-02
3.083545528352260590e-02
-4.144554492086172104e-03
1.115060374140739441e-01
2.059121243655681610e-02
5.120073631405830383e-02
6.514954380691051483e-03
-4.383443295955657959e-02
-2.560412883758544922e-02
-1.395907998085021973e-01
2.674395684152841568e-03
-4.602500423789024353e-02
-4.340079054236412048e-02
6.639478355646133423e-02
-4.031098634004592896e-02
-2.780331764370203018e-03
-4.558589309453964233e-02
-9.009980410337448120e-02
-9.220366366207599640e-03
8.448080718517303467e-02
6.591458618640899658e-02
9.957551024854183197e-03
7.735410705208778381e-03
7.055597752332687378e-02
-1.368824392557144165e-01
3.748109936714172363e-02
-6.612264364957809448e-02
-3.961520642042160034e-02
-1.619763486087322235e-02
-8.844543248414993286e-03
-3.472161479294300079e-03
1.911950297653675079e-02
-3.557886928319931030e-02
3.055522404611110687e-02
8.961733430624008179e-03
9.962473064661026001e-02
6.044010818004608154e-02
-3.526800125837326050e-02
1.123283132910728455e-01
-4.918887466192245483e-02
-3.973994031548500061e-02
7.136387377977371216e-02
1.116745825856924057e-02
2.763767167925834656e-02
-8.777489885687828064e-03
6.222909688949584961e-02
9.519781917333602905e-02
3.923631086945533752e-02
1.208428479731082916e-02
7.446095347404479980e-02
-1.913126208819448948e-03
1.660365983843803406e-02
2.955648116767406464e-03
6.913265585899353027e-02
-6.807358562946319580e-02
8.430222421884536743e-02
-4.373827949166297913e-03
-6.931545212864875793e-03
8.351088315248489380e-02
-7.821996510028839111e-02
-1.007289439439773560e-01
2.568492479622364044e-02
1.409716811031103134e-02
-2.610827051103115082e-02
-2.636364288628101349e-02
8.722739666700363159e-02
-2.232292480766773224e-02
4.340230301022529602e-02
-2.129083126783370972e-02
-2.199648413807153702e-03
-1.294198334217071533e-01
-7.742881029844284058e-02
-7.997945882380008698e-03
4.707121476531028748e-02
7.740525901317596436e-02
1.381499692797660828e-02
5.389752797782421112e-03
2.775743603706359863e-02
-3.267094865441322327e-02
-1.630043238401412964e-02
-5.809978023171424866e-02
-4.579016193747520447e-02
4.761411994695663452e-02
4.658604785799980164e-02
-4.691889509558677673e-02
-9.988266974687576294e-03
3.606495633721351624e-02
-1.128871440887451172e-01
8.936428464949131012e-03
-2.621807903051376343e-02
3.875237330794334412e-02
1.667031273245811462e-02
-3.812965005636215210e-02
-5.291735008358955383e-02
2.184753865003585815e-02
4.447334632277488708e-02
-6.190645694732666016e-02
6.072590500116348267e-02
3.661559522151947021e-02
-2.451158128678798676e-02
2.410924993455410004e-02
-2.193124778568744659e-02
-2.353651914745569229e-03
2.151624532416462898e-03
3.953054547309875488e-02
-3.265821561217308044e-02
2.838519401848316193e-02
-1.183536276221275330e-02
-6.015645340085029602e-02
1.830788142979145050e-02
-7.229088991880416870e-02
-9.356454946100711823e-03
8.114936202764511108e-02
-4.294199496507644653e-02
9.484662674367427826e-03
2.761797793209552765e-02
-4.827326908707618713e-02
2.273901738226413727e-02
-5.055418983101844788e-02
5.235369503498077393e-02
6.968223303556442261e-02
-6.894885748624801636e-02
-2.722323697526007891e-04
3.170659765601158142e-02
1.226965487003326416e-01
4.298106208443641663e-02
-6.304433196783065796e-02
-2.791626006364822388e-02
-6.662388145923614502e-02
-6.201541423797607422e-02
-1.765160448849201202e-02
-3.603260219097137451e-02
-3.820589557290077209e-02
1.363057177513837814e-02
8.857972174882888794e-02
-8.981643617153167725e-02
5.988392047584056854e-03
-1.952698081731796265e-02
1.029470637440681458e-01
-1.189110241830348969e-02
-1.124918907880783081e-01
