-1.348351407796144485e-02
3.410385921597480774e-02
8.980397135019302368e-02
7.333742920309305191e-03
-1.855427585542201996e-02
7.302927225828170776e-02
6.716915965080261230e-02
-6.425366550683975220e-02
-2.864724025130271912e-02
-2.271708659827709198e-02
2.978181652724742889e-02
-1.422019395977258682e-02
-7.948777079582214355e-02
6.531373411417007446e-02
-7.167220860719680786e-02
1.974193193018436432e-02
-2.321415767073631287e-02
-6.910578906536102295e-02
1.267562765860930085e-04
-7.236088160425424576e-03
-3.194601088762283325e-02
4.317569732666015625e-02
7.263007014989852905e-02
2.330751717090606689e-02
-4.574189428240060806e-03
6.987959146499633789e-02
-9.161984920501708984e-02
-2.279404923319816589e-02
-2.422575838863849640e-02
-1.901652663946151733e-02
1.060328632593154907e-02
2.153138816356658936e-02
6.345482170581817627e-02
9.331671893596649170e-02
-3.760856017470359802e-02
-2.195708826184272766e-02
-7.345417141914367676e-02
1.427031867206096649e-02
-8.956611901521682739e-02
7.760079205036163330e-02
3.385224938392639160e-02
1.625232212245464325e-02
3.682997822761535645e-02
-6.003836169838905334e-02
-4.648406803607940674e-02
1.092554628849029541e-02
6.957991980016231537e-03
1.192922983318567276e-02
8.967888541519641876e-03
4.038546234369277954e-02
9.606592357158660889e-03
6.823714822530746460e-02
-6.610067095607519150e-03
1.274504791945219040e-02
-7.902756333351135254e-02
-1.230184361338615417e-02
-5.817470699548721313e-02
-2.555856667459011078e-02
-3.419617936015129089e-02
-1.598675549030303955e-02
-5.991482175886631012e-03
1.924903690814971924e-02
-9.092835336923599243e-02
2.477757818996906281e-02
2.408875711262226105e-02
-2.018594369292259216e-02
-6.761899590492248535e-02
-2.942446433007717133e-02
-4.346422106027603149e-02
9.868334978818893433e-02
1.784784533083438873e-02
1.877855136990547180e-02
-1.508856005966663361e-02
-2.333926409482955933e-02
6.355754286050796509e-02
-4.243000596761703491e-02
-6.748605053871870041e-03
-5.724500864744186401e-03
-3.208349645137786865e-02
1.543965074233710766e-03
5.238676816225051880e-02
-7.101588696241378784e-02
8.056361228227615356e-02
-5.112578719854354858e-02
-5.038901418447494507e-02
5.008298438042402267e-03
-8.171870373189449310e-03
-1.270281244069337845e-02
-8.651608228683471680e-02
5.150270089507102966e-02
3.482608497142791748e-02
-3.127319738268852234e-02
-1.038860902190208435e-02
4.744327440857887268e-02
-1.619596406817436218e-02
5.329844728112220764e-02
7.008308172225952148e-02
1.299217995256185532e-02
-3.633158281445503235e-02
6.872949004173278809e-02
-2.454812638461589813e-03
4.382472112774848938e-02
-4.850017838180065155e-03
2.273368090391159058e-02
3.113193251192569733e-02
5.938937142491340637e-02
1.625325530767440796e-02
1.367333345115184784e-02
7.207453995943069458e-02
5.528443958610296249e-03
-5.623207613825798035e-02
-1.847816631197929382e-02
2.509519830346107483e-02
8.016405999660491943e-02
3.978953510522842407e-02
2.101318910717964172e-02
-9.775671362876892090e-02
4.843156039714813232e-02
-3.430911526083946228e-02
1.467998791486024857e-02
7.588990032672882080e-03
2.728169038891792297e-02
-4.996695369482040405e-02
-2.971824258565902710e-02
-1.124825421720743179e-02
-6.038600578904151917e-02
6.369732320308685303e-02
-8.184829726815223694e-03
-4.495703801512718201e-02
5.750151351094245911e-03
-6.214545667171478271e-02
-2.516478486359119415e-02
-1.089131343178451061e-03
5.419446900486946106e-02
4.262225236743688583e-03
-4.480463638901710510e-02
8.516704291105270386e-02
1.101030316203832626e-02
1.798775792121887207e-02
-9.523181617259979248e-02
-2.396386303007602692e-02
2.591914869844913483e-02
-3.347762301564216614e-02
2.807541377842426300e-02
-5.141365900635719299e-02
-5.914665758609771729e-03
7.710712403059005737e-02
-3.629603236913681030e-02
-5.210789386183023453e-03
2.297479659318923950e-02
1.078868098556995392e-02
-1.299743074923753738e-02
-2.839695662260055542e-02
2.811643108725547791e-02
-3.296059742569923401e-02
-2.007750881602987647e-04
1.339570153504610062e-02
3.244598163291811943e-03
-7.965218275785446167e-02
7.042265497148036957e-03
1.336711272597312927e-02
-4.506312310695648193e-02
-3.065469488501548767e-02
1.417022012174129486e-02
4.964882880449295044e-02
-8.093871176242828369e-02
6.316758692264556885e-02
3.581733629107475281e-02
1.909048762172460556e-03
2.371868304908275604e-02
3.728199377655982971e-02
4.417494311928749084e-02
1.052562892436981201e-02
-2.419033786281943321e-03
-3.160887584090232849e-02
2.219731174409389496e-02
1.520409341901540756e-02
-1.500067953020334244e-02
-2.004769071936607361e-02
6.755772978067398071e-03
-3.722856193780899048e-02
-3.362710401415824890e-02
6.780548393726348877e-02
3.747178614139556885e-02
9.834472835063934326e-02
2.180066891014575958e-02
-7.581241894513368607e-03
2.340127341449260712e-02
2.160252258181571960e-02
4.469434544444084167e-02
-3.680219128727912903e-02
5.205450952053070068e-02
1.128047518432140350e-02
4.006029665470123291e-02
1.971844956278800964e-02
-8.206988871097564697e-02
1.142425648868083954e-02
-8.270258083939552307e-03
4.508311301469802856e-02
-1.156923919916152954e-02
-1.422180421650409698e-02
6.504480540752410889e-02
8.616785518825054169e-03
2.934073843061923981e-02
-1.973289810121059418e-02
-6.064249575138092041e-02
3.697699680924415588e-02
4.105749353766441345e-02
5.707988981157541275e-03
2.683399058878421783e-02
-5.724504962563514709e-02
-5.303375050425529480e-02
6.847993005067110062e-03
4.257590509951114655e-03
1.941579766571521759e-02
-3.088119626045227051e-02
-2.341896481812000275e-02
-4.430066049098968506e-02
-2.537699416279792786e-02
3.269666433334350586e-02
-5.686645861715078354e-03
-2.192182093858718872e-02
-3.284558281302452087e-02
-5.300939083099365234e-02
4.195734485983848572e-02
2.743042632937431335e-02
-3.784826770424842834e-02
9.791380725800991058e-03
-1.757705956697463989e-02
-1.546337176114320755e-02
-1.938633061945438385e-02
-8.340354263782501221e-02
3.663781657814979553e-02
1.599963568150997162e-02
2.265112660825252533e-02
7.556572090834379196e-03
-8.923530578613281250e-03
-9.470568038523197174e-03
4.791380092501640320e-02
1.699166186153888702e-02
1.989206112921237946e-02
5.718396045267581940e-03
1.001692041754722595e-01
-3.859223052859306335e-02
-5.946043878793716431e-02
-8.375055342912673950e-02
-6.602287292480468750e-03
-4.786804784089326859e-03
-1.416032016277313232e-02
4.069979861378669739e-02
5.121881514787673950e-02
1.521807722747325897e-02
4.842284321784973145e-02
1.601445488631725311e-02
3.295143693685531616e-02
-2.889494784176349640e-02
3.964833158534020185e-04
-6.232813000679016113e-02
5.782151222229003906e-02
-1.955213211476802826e-02
-8.236888051033020020e-02
2.901336364448070526e-02
-2.809196151793003082e-02
3.811397030949592590e-02
-1.586719416081905365e-02
7.222974300384521484e-02
7.540391292423009872e-03
3.325170278549194336e-02
2.867520600557327271e-02
-4.154851194471120834e-03
2.234280481934547424e-02
-6.030612438917160034e-02
-2.425740472972393036e-02
-3.858801349997520447e-02
-3.678971529006958008e-02
1.022387412376701832e-03
-2.580134756863117218e-02
-5.052956193685531616e-02
7.710361480712890625e-02
6.044123321771621704e-02
6.826900690793991089e-02
-3.438251093029975891e-02
-1.516676694154739380e-02
7.954902015626430511e-03
4.605789855122566223e-02
-2.689535496756434441e-03
1.141464561223983765e-01
2.497946843504905701e-02
4.786682873964309692e-02
-6.126896943897008896e-03
-1.228457689285278320e-02
-2.877932041883468628e-03
-1.439798064529895782e-02
-3.448860079515725374e-04
9.196748584508895874e-02
-4.414873663336038589e-03
3.230122476816177368e-02
-9.699415415525436401e-03
-3.897544741630554199e-02
9.789320826530456543e-02
7.350433617830276489e-03
2.455914206802845001e-02
1.412485726177692413e-02
4.270691052079200745e-02
-2.241208218038082123e-03
3.053513355553150177e-02
2.213219180703163147e-02
1.887884177267551422e-02
9.703401476144790649e-02
7.221506536006927490e-02
-3.628597781062126160e-02
-3.398358821868896484e-02
2.443528547883033752e-02
-4.815025255084037781e-02
-1.279630661010742188e-01
3.464274480938911438e-02
-6.364730000495910645e-02
-1.006066054105758667e-02
-6.877446919679641724e-02
-1.092224754393100739e-02
1.153055205941200256e-02
-5.679450556635856628e-02
-3.951652615796774626e-05
8.116922341287136078e-03
6.660474836826324463e-02
-9.622529894113540649e-02
1.422770693898200989e-02
6.770286709070205688e-02
3.591194376349449158e-02
-5.984910205006599426e-02
-3.218650352209806442e-03
4.499359428882598877e-02
3.906757570803165436e-03
3.836002573370933533e-02
3.991316631436347961e-02
9.709594398736953735e-02
-1.026019826531410217e-02
2.998505905270576477e-02
1.547966530779376626e-04
3.941573575139045715e-02
-2.163187228143215179e-02
4.481638967990875244e-02
4.750520735979080200e-02
8.640564628876745701e-04
2.942658960819244385e-02
-1.523981988430023193e-02
-1.447206921875476837e-02
5.940119177103042603e-02
1.338321566581726074e-01
2.412467822432518005e-02
3.008282557129859924e-02
-8.318055421113967896e-03
-2.018083445727825165e-02
-6.264456547796726227e-03
-7.202628534287214279e-03
-3.252423554658889771e-02
1.275586523115634918e-02
-2.677380852401256561e-02
-1.328366156667470932e-02
5.786222591996192932e-02
-3.057879023253917694e-02
-6.370317190885543823e-02
-8.049798756837844849e-02
3.177708014845848083e-02
1.062422394752502441e-01
-2.489713951945304871e-02
-2.823608182370662689e-02
-5.164034664630889893e-02
-5.405141972005367279e-03
6.824806332588195801e-03
-3.688951209187507629e-02
-1.947374455630779266e-02
2.923153154551982880e-02
3.904487565159797668e-02
-5.923860892653465271e-02
3.170710429549217224e-02
2.526744641363620758e-02
1.255670469254255295e-02
-6.113150715827941895e-02
4.712228477001190186e-02
-7.524856179952621460e-02
-2.174680121243000031e-02
8.355965837836265564e-03
-8.698038011789321899e-02
-9.786275215446949005e-03
2.573854289948940277e-02
3.752977773547172546e-02
-2.565698884427547455e-02
-5.158394575119018555e-02
-5.067368969321250916e-03
-1.961273699998855591e-02
3.870331915095448494e-03
-2.023299783468246460e-02
4.775133728981018066e-02
1.219347212463617325e-02
-1.740672253072261810e-02
-1.561530772596597672e-02
6.230436637997627258e-02
-9.667809121310710907e-03
4.213315248489379883e-02
5.424015969038009644e-02
-1.559475157409906387e-02
-4.785489290952682495e-02
2.039101906120777130e-02
2.693705074489116669e-02
2.341535314917564392e-02
1.052794903516769409e-01
-1.754046604037284851e-02
-1.690713316202163696e-02
5.967023968696594238e-02
-6.024216488003730774e-02
-1.222086953930556774e-03
-3.377296775579452515e-02
5.424581095576286316e-02
-1.058538537472486496e-02
3.813654929399490356e-02
1.573234051465988159e-02
2.124975901097059250e-03
2.284088544547557831e-02
1.974168990273028612e-04
4.014899581670761108e-02
-4.309077560901641846e-02
7.020873576402664185e-02
6.042927131056785583e-02
-1.126327924430370331e-02
1.311342784902080894e-04
-1.749049499630928040e-02
8.365763351321220398e-03
-3.522501140832901001e-02
-1.948628458194434643e-03
-1.335990801453590393e-02
-1.984676718711853027e-02
-6.573504209518432617e-02
2.063666097819805145e-02
-3.093466395512223244e-03
-4.154333099722862244e-02
6.121816113591194153e-02
-2.534779533743858337e-02
2.891500853002071381e-02
3.264856711030006409e-02
-7.368612289428710938e-02
-4.569347575306892395e-02
-5.865529179573059082e-03
1.020794957876205444e-01
3.598035871982574463e-02
3.484691679477691650e-02
2.069966122508049011e-02
9.143397957086563110e-02
2.245222777128219604e-02
-1.012010592967271805e-02
-5.492478609085083008e-02
6.257565319538116455e-02
-4.552866145968437195e-02
-7.944301702082157135e-03
1.023641880601644516e-02
5.037843808531761169e-02
-1.604167371988296509e-02
7.254394702613353729e-03
3.971296548843383789e-02
7.204912602901458740e-02
7.838822156190872192e-02
6.288240663707256317e-03
-5.132009088993072510e-02
-2.910271659493446350e-02
-1.731184870004653931e-02
-1.598113588988780975e-02
-4.386778548359870911e-02
4.834926500916481018e-02
1.622496359050273895e-02
-1.047060010023415089e-03
-7.215233147144317627e-02
-7.878551259636878967e-03
-1.703073084354400635e-02
6.605120748281478882e-02
1.997560448944568634e-02
1.297745271585881710e-03
-4.903937131166458130e-02
4.703593906015157700e-03
-3.173747658729553223e-02
3.821965074166655540e-04
-2.715796977281570435e-02
4.776518046855926514e-02
-1.480962266214191914e-03
3.282488137483596802e-02
-3.464469313621520996e-02
5.724405124783515930e-02
-3.829238563776016235e-02
-1.654092967510223389e-02
-7.873647660017013550e-02
3.515205159783363342e-02
-7.311411947011947632e-02
3.176364302635192871e-02
4.458715021610260010e-02
-1.794160902500152588e-02
9.109560400247573853e-03
-3.621951490640640259e-02
-8.016525208950042725e-02
5.778464674949645996e-02
2.228143066167831421e-02
-2.207318320870399475e-02
1.041440665721893311e-02
-2.969116345047950745e-02
2.568289637565612793e-02
-3.532627224922180176e-02
-4.323002323508262634e-02
6.962992250919342041e-02
-1.274999580346047878e-03
6.863003224134445190e-02
-9.705439209938049316e-03
1.118492800742387772e-02
-1.875970140099525452e-02
-5.156422033905982971e-02
-9.100721217691898346e-03
-6.274200975894927979e-02
-1.059196330606937408e-02
5.390601232647895813e-02
1.463394239544868469e-02
1.639311201870441437e-02
7.188735902309417725e-02
4.398772493004798889e-02
-6.268706172704696655e-03
1.933796890079975128e-02
-1.627504010684788227e-03
-1.890927739441394806e-02
-2.706780098378658295e-02
3.426789864897727966e-02
-4.319914802908897400e-02
-8.503472805023193359e-02
-5.979439709335565567e-03
-6.384583562612533569e-02
-4.018586874008178711e-02
-4.769733920693397522e-02
5.851529538631439209e-02
-1.652990467846393585e-02
-5.500630941241979599e-04
-4.839397594332695007e-02
2.916404744610190392e-03
1.579827629029750824e-02
2.661899849772453308e-02
-3.518459573388099670e-02
-4.180469084531068802e-03
-8.415652438998222351e-03
3.320906683802604675e-02
-7.810132205486297607e-02
-1.880029030144214630e-02
-6.329087913036346436e-02
1.731237582862377167e-02
1.633728854358196259e-02
3.831848502159118652e-02
-1.403381954878568649e-02
-7.360225170850753784e-02
3.805569186806678772e-02
-6.216263771057128906e-02
-6.227997131645679474e-03
-8.496703580021858215e-03
8.849296718835830688e-03
7.872243411839008331e-03
-2.136716246604919434e-02
1.315237116068601608e-02
3.889602143317461014e-03
-4.552742466330528259e-02
3.928175941109657288e-02
2.015315927565097809e-02
-3.743759915232658386e-02
-5.556463450193405151e-02
4.912165179848670959e-02
-4.833881556987762451e-02
6.754311174154281616e-02
3.240938531234860420e-03
5.522529780864715576e-02
-3.046257235109806061e-02
-1.871999911963939667e-02
9.238517284393310547e-02
-1.454746350646018982e-02
8.137506991624832153e-02
1.843987777829170227e-02
5.538825411349534988e-03
-4.461538419127464294e-02
-3.414509445428848267e-02
-4.537700489163398743e-02
-3.027595765888690948e-02
1.137971039861440659e-02
7.218216359615325928e-02
-7.049994170665740967e-02
8.175894618034362793e-03
4.875849559903144836e-02
5.987745244055986404e-04
2.295053191483020782e-02
1.661959476768970490e-02
4.089099541306495667e-02
5.363566428422927856e-02
-3.860314935445785522e-02
-4.327758401632308960e-02
7.553661614656448364e-02
-8.087102323770523071e-02
2.519708313047885895e-02
-5.755190551280975342e-02
-4.913967102766036987e-02
4.555085673928260803e-02
-9.177710115909576416e-02
-4.487826675176620483e-02
-6.883331388235092163e-02
-2.270022220909595490e-02
5.390269216150045395e-03
3.258538898080587387e-03
-7.431924343109130859e-02
-4.834171012043952942e-02
2.592102997004985809e-02
-3.447690978646278381e-02
-6.818033754825592041e-02
5.928420275449752808e-02
-4.433941468596458435e-02
3.279285132884979248e-02
-2.538478700444102287e-03
3.429764881730079651e-02
1.273441314697265625e-02
-7.614431902766227722e-03
-7.609576918184757233e-03
4.380556195974349976e-02
5.944086238741874695e-02
-5.750981159508228302e-03
-9.589804336428642273e-03
9.070114046335220337e-02
-3.576150164008140564e-02
-3.049210645258426666e-02
7.514668256044387817e-02
-4.654519259929656982e-03
-3.846900165081024170e-02
-1.563112251460552216e-02
1.297113113105297089e-02
-2.755492553114891052e-02
-2.512988634407520294e-02
-1.522450707852840424e-02
-3.589564561843872070e-02
5.630892142653465271e-02
2.315207943320274353e-02
5.420524254441261292e-02
-1.144841015338897705e-01
1.121226791292428970e-02
4.851635918021202087e-02
-6.927877198904752731e-03
-3.375077992677688599e-02
-4.878327250480651855e-02
3.139802068471908569e-02
-2.109406888484954834e-02
-7.555482536554336548e-02
-2.752939611673355103e-02
-7.485822588205337524e-02
3.560516517609357834e-03
3.038934431970119476e-02
-3.408693149685859680e-02
-4.400069266557693481e-02
-5.122391134500503540e-02
3.333940636366605759e-03
3.125720843672752380e-02
-2.535774186253547668e-02
3.401527926325798035e-02
-1.213615573942661285e-02
-2.054489776492118835e-02
8.376311510801315308e-03
4.737066570669412613e-03
-8.647636510431766510e-03
-9.068096987903118134e-03
-3.472358360886573792e-02
7.043295539915561676e-03
4.140798747539520264e-02
-3.834757208824157715e-02
2.432619221508502960e-02
-3.614226728677749634e-02
2.232591249048709869e-02
-7.385168969631195068e-02
2.916038408875465393e-02
8.598429150879383087e-03
9.373399615287780762e-02
4.162034019827842712e-02
-3.706143051385879517e-02
-9.178096428513526917e-03
4.203244671225547791e-02
4.870139062404632568e-03
-1.200018078088760376e-02
3.361266106367111206e-02
-4.547969251871109009e-02
-4.706508293747901917e-02
1.568754087202250957e-03
-3.099893918260931969e-03
-3.018184797838330269e-03
1.883390545845031738e-02
-3.442265093326568604e-02
-4.844947252422571182e-03
3.330449759960174561e-02
8.163452148437500000e-02
-2.212615869939327240e-02
1.803036779165267944e-02
9.154152870178222656e-02
2.159067615866661072e-02
-5.956849455833435059e-02
-6.147823855280876160e-02
4.933063685894012451e-02
4.725542291998863220e-02
-2.777521498501300812e-02
-5.535016581416130066e-02
-4.817057028412818909e-02
6.827585864812135696e-03
7.776623219251632690e-02
-5.468388646841049194e-02
-2.050492353737354279e-02
-3.809408843517303467e-02
-7.526118308305740356e-02
-7.625087630003690720e-03
-3.887111321091651917e-02
-5.023473501205444336e-02
-5.533628538250923157e-02
-3.972550481557846069e-02
6.970668327994644642e-04
3.180259838700294495e-02
1.234646234661340714e-02
-1.955551467835903168e-02
9.592515416443347931e-03
1.268437784165143967e-02
8.718615770339965820e-02
-3.394142165780067444e-02
6.569773703813552856e-02
-2.825395576655864716e-02
6.549558788537979126e-02
-7.177548110485076904e-02
4.778333380818367004e-02
1.040075626224279404e-02
1.963551715016365051e-02
-8.379226177930831909e-02
-4.168123379349708557e-02
-3.584380075335502625e-02
-4.713869467377662659e-02
-2.607991173863410950e-02
7.031949609518051147e-02
1.930764317512512207e-02
-4.966417700052261353e-02
-1.969905942678451538e-02
-4.379416629672050476e-02
5.675750318914651871e-03
-2.069686166942119598e-02
-2.424006722867488861e-02
4.647418484091758728e-02
-5.325964838266372681e-02
2.010888978838920593e-02
5.958489701151847839e-02
2.502947114408016205e-02
3.125350922346115112e-02
-6.455065310001373291e-02
8.654096722602844238e-02
2.435686998069286346e-02
5.346792936325073242e-02
-3.389330208301544189e-02
-5.082381516695022583e-02
7.638693600893020630e-02
-7.339382171630859375e-02
-2.359039708971977234e-02
2.150553651154041290e-02
-5.091988481581211090e-03
-3.781307023018598557e-03
-6.289347261190414429e-02
-6.199043616652488708e-02
2.511306479573249817e-02
9.216410666704177856e-02
2.590693160891532898e-02
-2.722720056772232056e-02
-4.279812274035066366e-04
1.477796863764524460e-02
-7.670456543564796448e-03
3.660681098699569702e-02
-3.977751731872558594e-02
3.805962204933166504e-02
1.002030745148658752e-01
-5.017320811748504639e-02
7.203469867818057537e-04
2.384180761873722076e-02
-7.996443659067153931e-02
4.818358272314071655e-02
6.812221556901931763e-02
-4.122266918420791626e-02
-8.141334168612957001e-03
-3.275274112820625305e-02
7.408744189888238907e-03
-4.845007881522178650e-02
-4.642256721854209900e-02
-9.263062966056168079e-04
4.962287843227386475e-02
6.981327384710311890e-02
2.688849531114101410e-02
3.027012571692466736e-02
-2.848171070218086243e-02
-2.255198732018470764e-02
-4.936515167355537415e-02
-6.372726708650588989e-02
-2.778778597712516785e-02
6.945268809795379639e-02
-2.356851473450660706e-02
7.163708657026290894e-02
-5.715586245059967041e-03
6.634611636400222778e-02
9.437926858663558960e-02
-6.668391078710556030e-02
7.501789182424545288e-02
-1.735217869281768799e-02
2.846901677548885345e-02
4.545008763670921326e-02
-2.410624921321868896e-02
5.398477986454963684e-02
1.992872543632984161e-02
-3.377642855048179626e-02
-4.775677248835563660e-02
2.021750807762145996e-02
2.771657332777976990e-02
3.046214114874601364e-03
-2.856969088315963745e-02
-4.333718866109848022e-02
8.735635876655578613e-02
-5.375413596630096436e-02
-9.762212634086608887e-03
-3.439208492636680603e-02
-5.920128896832466125e-02
3.075303882360458374e-02
-5.055909976363182068e-03
5.361526086926460266e-02
-3.436302766203880310e-02
3.794299066066741943e-02
1.968273892998695374e-02
5.902215093374252319e-02
-1.359794288873672485e-02
-1.491918321698904037e-02
4.025645926594734192e-02
-2.840766916051506996e-03
-4.262701794505119324e-02
-1.714441552758216858e-02
4.603792354464530945e-02
6.115431338548660278e-02
8.144117891788482666e-02
4.029902443289756775e-02
1.406395342200994492e-02
-5.884980410337448120e-02
8.733968436717987061e-02
1.194978356361389160e-01
5.283968523144721985e-03
-2.040890231728553772e-02
8.012086898088455200e-02
4.454128816723823547e-02
3.112541139125823975e-02
2.874063327908515930e-02
1.451093121431767941e-04
2.284771017730236053e-02
-5.091589409857988358e-03
1.845427788794040680e-02
-5.483320355415344238e-02
6.088865175843238831e-02
2.644980093464255333e-03
1.244182977825403214e-02
-1.608830317854881287e-02
3.398480266332626343e-02
-1.607112027704715729e-02
4.556966945528984070e-02
-9.910071268677711487e-03
2.898517623543739319e-02
-2.255063503980636597e-03
7.275798171758651733e-02
5.282128602266311646e-02
-4.201847314834594727e-02
-3.620093688368797302e-02
-4.162840545177459717e-03
7.513223215937614441e-03
-5.986270480207167566e-05
-4.213748965412378311e-03
2.558330446481704712e-02
-4.786283150315284729e-02
5.636984109878540039e-02
5.669430643320083618e-02
6.045337021350860596e-02
-3.531657904386520386e-02
4.121984168887138367e-02
-1.708951592445373535e-02
3.476220369338989258e-02
-2.630296722054481506e-02
8.893934637308120728e-02
1.022842898964881897e-02
5.617936328053474426e-02
1.643526926636695862e-02
3.492526477202773094e-03
-8.420556038618087769e-02
-3.403680399060249329e-02
1.541010942310094833e-02
3.312545642256736755e-02
-3.618356585502624512e-02
-5.150347575545310974e-02
5.299906805157661438e-02
7.716987282037734985e-02
-7.336341589689254761e-02
2.082819119095802307e-02
6.114752218127250671e-02
-5.262959375977516174e-02
2.797057852149009705e-03
-8.597474545240402222e-02
2.013158798217773438e-02
1.155122648924589157e-02
7.375828921794891357e-02
2.991325035691261292e-02
-4.635662585496902466e-02
-2.158394642174243927e-02
-1.719244383275508881e-02
3.628564998507499695e-02
-7.359375804662704468e-02
2.781194821000099182e-02
3.422493487596511841e-02
-4.318862780928611755e-02
-6.396918743848800659e-02
2.579255588352680206e-02
-4.173584748059511185e-03
2.357345540076494217e-03
-2.001898549497127533e-02
2.317276783287525177e-03
-8.870255202054977417e-02
3.728770092129707336e-02
6.126095354557037354e-02
9.318148344755172729e-02
-3.274168446660041809e-02
1.048061400651931763e-01
7.825015112757682800e-03
-7.329921703785657883e-03
-3.345412015914916992e-02
9.271695464849472046e-02
1.257781777530908585e-02
2.693289145827293396e-02
-3.501034900546073914e-02
-3.429671050980687141e-03
-5.348725989460945129e-02
-9.953582659363746643e-03
-1.465904153883457184e-02
-9.696078300476074219e-02
-5.500845983624458313e-02
3.786156326532363892e-02
-4.305112734436988831e-02
-4.330706223845481873e-02
4.900994524359703064e-02
-1.201660372316837311e-02
-7.579636294394731522e-03
-4.271763563156127930e-02
7.773754745721817017e-02
3.341611474752426147e-02
6.347146630287170410e-02
-3.984302282333374023e-02
2.177489735186100006e-02
2.982375957071781158e-02
-3.266333788633346558e-02
-1.430754549801349640e-02
1.705881953239440918e-02
3.918370231986045837e-02
-2.093052677810192108e-02
5.876868590712547302e-02
-4.458712041378021240e-02
5.917490273714065552e-02
-8.971302770078182220e-03
1.102270483970642090e-01
-2.328320220112800598e-02
-2.263169176876544952e-02
1.899827271699905396e-02
-7.182607427239418030e-03
2.472897060215473175e-02
4.242836311459541321e-02
-2.886104024946689606e-02
-1.404120493680238724e-02
-1.443068124353885651e-02
1.339812669903039932e-02
-2.281556092202663422e-02
-1.510164048522710800e-02
-4.274285957217216492e-02
-8.577039092779159546e-02
-1.789563894271850586e-02
3.429114073514938354e-02
8.092815056443214417e-03
6.824964657425880432e-04
3.111329302191734314e-02
3.619738295674324036e-02
-3.867417946457862854e-02
-9.949295781552791595e-03
5.383745580911636353e-02
-8.271284401416778564e-03
3.650307282805442810e-02
-5.085701588541269302e-03
7.803379558026790619e-03
-7.927961647510528564e-02
-6.425598263740539551e-02
-8.839922398328781128e-02
1.376110594719648361e-02
-1.008876636624336243e-01
1.208557281643152237e-02
-3.901024162769317627e-02
5.691296886652708054e-03
-1.351668220013380051e-02
-8.477520197629928589e-03
-2.074450626969337463e-02
8.938864804804325104e-03
-6.836876273155212402e-02
5.397700704634189606e-03
1.182129457592964172e-01
-5.125357583165168762e-02
1.623891666531562805e-02
3.263679146766662598e-02
-1.480632275342941284e-02
-1.835885457694530487e-02
-3.439928963780403137e-02
-8.061289787292480469e-02
-4.908198118209838867e-02
3.586180135607719421e-02
-2.731719519942998886e-03
5.977610126137733459e-02
-8.128531277179718018e-02
-1.560920104384422302e-02
-3.316313400864601135e-02
-5.123131349682807922e-02
5.002970620989799500e-02
8.275972306728363037e-02
-1.508395187556743622e-02
3.020280227065086365e-02
-1.633590273559093475e-02
-2.223563194274902344e-02
5.637234449386596680e-02
-6.098660454154014587e-02
