7.249797880649566650e-02
4.430146515369415283e-02
-3.254471346735954285e-02
2.589604118838906288e-03
1.952115446329116821e-02
1.397876068949699402e-03
-2.666177973151206970e-02
-3.192063421010971069e-02
4.451829195022583008e-02
1.026883870363235474e-01
-4.123523831367492676e-05
-2.039156109094619751e-02
2.002496831119060516e-02
-2.768058329820632935e-02
1.207483559846878052e-02
4.603535681962966919e-02
-7.076679728925228119e-03
1.158742792904376984e-02
-6.699210405349731445e-02
-6.233113631606101990e-02
-4.308398440480232239e-02
-1.208161935210227966e-02
8.898830972611904144e-03
-2.247353829443454742e-02
2.308580279350280762e-02
1.060799416154623032e-02
-6.530591286718845367e-03
1.179504208266735077e-02
2.761084958910942078e-02
7.777633517980575562e-02
4.922489076852798462e-02
-3.377067297697067261e-02
3.361335024237632751e-02
-2.156384848058223724e-02
-5.261166021227836609e-02
-2.849081903696060181e-02
-1.575674302875995636e-02
5.494006350636482239e-02
-8.916967362165451050e-02
-4.248803853988647461e-02
5.795553699135780334e-02
5.294198170304298401e-02
-5.332865938544273376e-02
2.212364226579666138e-02
-3.310761600732803345e-02
-5.918134003877639771e-03
-3.365943580865859985e-02
3.865924663841724396e-03
-1.332040224224328995e-02
-1.292301621288061142e-02
3.056951612234115601e-02
-5.638578161597251892e-02
-5.970522761344909668e-03
-4.990263376384973526e-03
-2.297526597976684570e-02
6.436438858509063721e-02
-3.156414255499839783e-02
-1.670529134571552277e-02
1.219221390783786774e-03
-3.289981186389923096e-02
2.515100687742233276e-02
-1.650721393525600433e-02
-7.865872234106063843e-03
-1.392045244574546814e-02
2.059400780126452446e-03
4.714600741863250732e-03
7.398353517055511475e-02
-2.385086193680763245e-02
-3.146917745471000671e-02
3.419272601604461670e-02
-5.785486660897731781e-03
7.061900198459625244e-02
4.662188887596130371e-02
4.152881726622581482e-02
4.572194069623947144e-02
-1.131901443004608154e-01
2.177803590893745422e-02
1.715070754289627075e-02
1.946008019149303436e-02
6.785106845200061798e-03
-3.284477442502975464e-02
-3.905909135937690735e-03
-4.618174955248832703e-02
1.253370661288499832e-02
-1.159285288304090500e-02
-4.268039017915725708e-02
-9.651947766542434692e-04
6.863452494144439697e-02
-9.882070124149322510e-03
4.248754680156707764e-02
-3.245465084910392761e-02
-3.184979781508445740e-02
-3.876253031194210052e-03
-4.418718814849853516e-02
-1.749598607420921326e-02
-3.159847483038902283e-02
-2.753111720085144043e-02
-7.416189461946487427e-02
-5.557825043797492981e-02
-2.549382857978343964e-02
3.502234816551208496e-02
5.969211459159851074e-03
-2.212701924145221710e-02
6.540594995021820068e-02
2.083778195083141327e-02
-4.046129435300827026e-02
2.832596562802791595e-02
3.222852945327758789e-02
-6.348931789398193359e-02
6.086352467536926270e-02
-6.809809803962707520e-02
-5.709858983755111694e-02
-4.779603332281112671e-03
-2.461116295307874680e-03
9.655836969614028931e-02
2.301916852593421936e-02
1.162958610802888870e-02
5.305398255586624146e-02
4.473974928259849548e-03
-6.623288150876760483e-03
-4.987400770187377930e-02
6.636080332100391388e-03
-1.081054285168647766e-02
2.976247854530811310e-02
2.459723502397537231e-02
3.942747414112091064e-02
-2.942208759486675262e-02
-3.221987746655941010e-03
-2.934269234538078308e-02
5.564064532518386841e-02
1.792816817760467529e-02
-3.937304019927978516e-03
5.665552988648414612e-02
1.005695573985576630e-02
-1.846820674836635590e-02
-9.977513551712036133e-02
3.318599238991737366e-02
9.861512482166290283e-02
2.892418392002582550e-02
2.236321941018104553e-02
-1.640889048576354980e-02
3.943777829408645630e-02
4.498146846890449524e-02
-2.926218137145042419e-02
-2.355831116437911987e-02
7.831567199900746346e-04
-1.413634046912193298e-02
-5.698542576283216476e-03
1.532395277172327042e-02
3.596775606274604797e-02
1.347583252936601639e-02
-4.167567193508148193e-02
1.352163031697273254e-03
-5.103436857461929321e-02
7.620176672935485840e-02
5.106351152062416077e-02
3.241928294301033020e-02
-1.350948587059974670e-03
-2.917997539043426514e-03
-2.123005501925945282e-02
-4.499550908803939819e-02
2.794733271002769470e-03
1.908187754452228546e-02
-1.958619803190231323e-03
-3.711637109518051147e-02
4.021461680531501770e-02
-3.061953559517860413e-02
-3.672159090638160706e-02
5.205069482326507568e-02
1.174826361238956451e-02
-9.313635528087615967e-04
5.966283753514289856e-02
-1.913906633853912354e-02
6.494318135082721710e-03
-9.812181815505027771e-04
7.864660583436489105e-03
6.693509966135025024e-02
3.099134750664234161e-02
-2.473903261125087738e-02
8.772613480687141418e-03
2.989981882274150848e-02
-4.719463735818862915e-02
4.791687801480293274e-02
2.310169674456119537e-02
-1.020151656121015549e-02
-5.088257417082786560e-02
2.481287345290184021e-02
4.202254861593246460e-02
-3.053583763539791107e-02
-3.759676218032836914e-02
5.231494456529617310e-02
-5.025291070342063904e-02
1.778701320290565491e-02
-7.753959298133850098e-02
6.490200757980346680e-02
-2.543623000383377075e-02
8.580436930060386658e-03
2.444122917950153351e-02
3.225694224238395691e-02
-3.071489185094833374e-02
9.043507277965545654e-02
2.727402001619338989e-02
-4.948797821998596191e-02
9.114400483667850494e-03
-3.670442849397659302e-03
4.378725588321685791e-02
-4.602549970149993896e-02
7.439950108528137207e-02
-2.345572784543037415e-02
-2.460737898945808411e-02
-4.072499647736549377e-02
2.912893705070018768e-02
2.691382169723510742e-02
-1.284903846681118011e-02
-7.312098145484924316e-02
4.922775179147720337e-02
5.180709064006805420e-03
-1.739915832877159119e-02
8.770012110471725464e-02
2.634576149284839630e-02
3.090504184365272522e-02
-2.515496686100959778e-03
2.786992490291595459e-02
5.822858959436416626e-02
-1.254276093095541000e-02
-2.621750719845294952e-02
-6.333124637603759766e-02
-8.762162178754806519e-03
-8.082995563745498657e-02
-1.236426178365945816e-02
-3.235483169555664062e-02
-5.715841054916381836e-02
1.337821185588836670e-01
4.166441410779953003e-02
-2.833128347992897034e-02
-4.088344424962997437e-02
5.051799491047859192e-02
6.334084272384643555e-02
-8.334101736545562744e-02
-3.592248633503913879e-02
-1.731998845934867859e-02
-3.330076858401298523e-02
-3.858949989080429077e-02
-3.738847561180591583e-03
-1.323675923049449921e-02
-3.301415964961051941e-02
3.342637792229652405e-02
2.951649948954582214e-03
-3.466850519180297852e-02
-3.423210605978965759e-02
-9.167851880192756653e-03
-2.319977246224880219e-02
4.206799715757369995e-02
9.051938541233539581e-03
-6.294412910938262939e-02
4.110367596149444580e-02
1.106693409383296967e-02
-3.572803735733032227e-02
5.384142324328422546e-02
-7.908944785594940186e-02
2.197139710187911987e-02
9.620846807956695557e-02
8.111586421728134155e-02
5.907233059406280518e-02
-1.110773831605911255e-01
-5.100074037909507751e-02
-6.462725810706615448e-03
4.477775469422340393e-02
9.554649703204631805e-03
6.732163578271865845e-02
9.298786520957946777e-03
-6.881324946880340576e-02
-5.000606179237365723e-04
-2.159846201539039612e-02
2.326882444322109222e-02
7.003800570964813232e-02
-2.929760143160820007e-02
-2.084361389279365540e-03
-4.680158942937850952e-02
-6.397209316492080688e-02
2.369493059813976288e-02
3.097570873796939850e-02
3.865762799978256226e-02
-3.213529475033283234e-03
-4.122372716665267944e-02
4.167627543210983276e-02
-8.538550138473510742e-02
-4.745428450405597687e-04
-1.841831952333450317e-03
-9.806303307414054871e-03
-4.497542977333068848e-02
-3.250722587108612061e-02
-3.643070161342620850e-02
-4.175981879234313965e-02
-1.575941778719425201e-02
1.066046673804521561e-02
7.188516855239868164e-02
9.133729152381420135e-03
2.397529780864715576e-02
4.230354446917772293e-03
3.313985839486122131e-02
-2.101248130202293396e-03
-2.333417907357215881e-02
-4.688800498843193054e-02
-5.344790220260620117e-02
-1.365021616220474243e-02
-7.233456708490848541e-04
-1.307643763720989227e-02
9.862047433853149414e-02
-3.166284412145614624e-02
2.068948559463024139e-02
-6.660793721675872803e-02
-4.257061332464218140e-02
-3.927105572074651718e-03
1.008952409029006958e-01
4.079475253820419312e-02
5.376592651009559631e-02
-9.761510789394378662e-02
-5.512372404336929321e-02
-2.797474898397922516e-02
-7.344128191471099854e-02
-3.664942458271980286e-02
1.272616088390350342e-01
7.506500184535980225e-02
-8.814369142055511475e-02
2.123933099210262299e-02
7.999256253242492676e-03
-1.132065895944833755e-02
-1.033947020769119263e-01
-5.689632892608642578e-02
-1.450673770159482956e-02
-4.065062105655670166e-02
8.779465220868587494e-03
-3.804324194788932800e-03
-6.337797641754150391e-02
-6.503893528133630753e-03
-7.959819585084915161e-02
-9.026294574141502380e-03
-1.145244203507900238e-02
5.539945513010025024e-02
-1.947620511054992676e-02
-4.262156039476394653e-02
3.620266169309616089e-02
-2.438944578170776367e-02
2.335845306515693665e-02
4.206470027565956116e-02
-3.295718692243099213e-03
-2.253553457558155060e-02
3.647752851247787476e-02
-8.757495321333408356e-03
-1.086973585188388824e-02
-5.842482205480337143e-03
-6.752323359251022339e-02
-2.543621882796287537e-02
8.166486769914627075e-02
-4.088864475488662720e-02
-3.447838127613067627e-02
1.651001907885074615e-02
-5.630023032426834106e-02
-1.317481510341167450e-02
-5.867575854063034058e-02
-6.703306734561920166e-02
1.187101006507873535e-02
-4.444897919893264771e-02
5.389500409364700317e-02
7.262744009494781494e-03
6.602593511343002319e-02
-5.043415725231170654e-02
-4.118467867374420166e-02
3.700449317693710327e-02
-9.375901520252227783e-02
-6.254640966653823853e-02
3.196381404995918274e-02
2.379920706152915955e-02
1.903002709150314331e-02
5.055794864892959595e-02
-5.796650797128677368e-02
-2.436067443341016769e-03
3.019250743091106415e-02
2.228341251611709595e-02
-8.172635734081268311e-02
1.348335016518831253e-02
1.732965745031833649e-02
1.721990481019020081e-02
4.559602588415145874e-03
-1.218168064951896667e-02
-3.561009466648101807e-02
-3.641318902373313904e-02
-4.637835174798965454e-02
2.544317767024040222e-02
4.413294605910778046e-03
6.026951596140861511e-03
-2.960316650569438934e-02
-5.720509588718414307e-02
2.104288339614868164e-02
1.059196610003709793e-02
-4.857821017503738403e-02
1.503138709813356400e-02
-7.673851214349269867e-04
-5.415473505854606628e-02
3.387401252985000610e-02
3.660004585981369019e-02
-1.769535057246685028e-02
-2.806454151868820190e-02
5.010083317756652832e-02
1.248359214514493942e-02
3.774075210094451904e-02
-5.754956230521202087e-02
-3.045861795544624329e-02
3.184976987540721893e-03
5.651143938302993774e-02
3.755838423967361450e-02
1.283201389014720917e-02
-3.622185438871383667e-02
-1.750141382217407227e-04
-6.358491256833076477e-03
1.885310932993888855e-02
1.861320622265338898e-02
3.825609385967254639e-02
-3.327400982379913330e-02
1.331032160669565201e-02
3.219372779130935669e-02
1.293781213462352753e-02
1.079519987106323242e-01
7.667136192321777344e-02
-9.444308467209339142e-03
-8.252720348536968231e-03
4.126625135540962219e-04
1.722167991101741791e-02
-1.923986710608005524e-02
2.442096360027790070e-03
-1.051699556410312653e-02
2.235813438892364502e-02
4.373998939990997314e-02
-2.444891072809696198e-02
-6.704752892255783081e-02
-9.661301970481872559e-03
-4.397148266434669495e-02
-5.554854869842529297e-04
3.938142955303192139e-02
1.890278048813343048e-02
3.531456738710403442e-02
5.787455663084983826e-02
-2.000227943062782288e-02
-6.989927589893341064e-02
5.336183682084083557e-02
-2.071762084960937500e-02
7.108339667320251465e-02
-2.908723428845405579e-02
-5.157708376646041870e-02
-2.587897703051567078e-03
-1.066004857420921326e-02
4.934670776128768921e-02
1.959424279630184174e-02
3.564421832561492920e-02
2.482303418219089508e-02
-3.627395629882812500e-02
-3.928143531084060669e-02
1.418886799365282059e-02
-2.739083580672740936e-02
3.277496621012687683e-02
-7.271878421306610107e-02
-8.026091381907463074e-03
-5.337080359458923340e-02
2.022268064320087433e-02
2.770087309181690216e-02
4.701680317521095276e-02
2.796141244471073151e-02
3.106946358457207680e-03
-7.223498821258544922e-02
9.869199246168136597e-03
2.557956380769610405e-03
-3.629173338413238525e-02
4.614794626832008362e-02
3.912666440010070801e-02
6.415558047592639923e-03
-1.275177393108606339e-02
7.170300930738449097e-03
1.235627010464668274e-02
-4.226651042699813843e-02
5.108591169118881226e-03
-3.146890550851821899e-02
-3.201726078987121582e-02
2.457767538726329803e-02
-3.477951884269714355e-02
1.402046531438827515e-02
-3.883876278996467590e-02
5.888814479112625122e-02
4.731919616460800171e-03
2.372769080102443695e-02
4.530641436576843262e-02
-2.841164357960224152e-03
-1.138705108314752579e-02
1.932287588715553284e-02
2.942960709333419800e-02
-4.738615825772285461e-02
-7.608163356781005859e-02
2.240883931517601013e-02
-9.178638458251953125e-02
-2.741916105151176453e-02
-1.649879477918148041e-02
-5.378270894289016724e-02
5.971351638436317444e-03
4.402468353509902954e-02
-7.750289142131805420e-02
-3.207935020327568054e-03
3.577132243663072586e-03
-2.950856462121009827e-02
-8.169238269329071045e-02
-9.987098164856433868e-03
3.377480432391166687e-03
-1.277857273817062378e-01
2.707085013389587402e-02
-1.121899485588073730e-02
-2.407689392566680908e-02
5.565312132239341736e-02
4.045009240508079529e-02
-3.358869254589080811e-02
2.529789507389068604e-02
3.618668392300605774e-02
4.181936383247375488e-04
-5.815546028316020966e-03
1.673294603824615479e-02
-1.847708411514759064e-02
1.078911311924457550e-02
-1.031443849205970764e-02
1.016969978809356689e-02
1.851498708128929138e-02
2.370684221386909485e-02
-6.030982360243797302e-02
-1.270577218383550644e-02
-8.441552519798278809e-03
3.125949949026107788e-02
2.370227314531803131e-02
1.163984462618827820e-02
-2.736427262425422668e-02
3.367861732840538025e-02
-4.443173762410879135e-03
-3.375503420829772949e-02
7.175630889832973480e-03
-7.842992991209030151e-02
4.751555155962705612e-03
4.528677463531494141e-02
4.968748427927494049e-03
4.329016059637069702e-02
2.305535599589347839e-03
1.684531569480895996e-02
8.579298853874206543e-03
-3.469971939921379089e-02
9.807200171053409576e-03
-9.592860937118530273e-03
3.680774942040443420e-03
4.029787331819534302e-02
6.124750524759292603e-02
-1.998810097575187683e-03
1.132074557244777679e-02
-4.930200427770614624e-02
-2.747009694576263428e-02
1.712957397103309631e-02
2.810967154800891876e-02
-3.135909326374530792e-03
1.538444310426712036e-02
2.078834921121597290e-02
4.683186113834381104e-02
-7.024686038494110107e-02
4.214275255799293518e-02
3.720355220139026642e-03
1.002640724182128906e-01
-5.983880907297134399e-02
3.040721453726291656e-02
-5.380490794777870178e-02
-4.772136919200420380e-03
1.561591681092977524e-02
1.940051279962062836e-02
2.709495276212692261e-02
-1.348195504397153854e-02
-7.221316546201705933e-02
4.251950886100530624e-03
-2.681019017472863197e-03
4.685926437377929688e-02
2.345404401421546936e-02
-8.454641699790954590e-02
5.175445973873138428e-02
-2.653187513351440430e-02
1.490983925759792328e-02
6.519725080579519272e-03
6.976938247680664062e-02
-6.154596805572509766e-02
-4.277846775949001312e-03
-3.176003322005271912e-02
7.562781684100627899e-03
3.348856419324874878e-02
-2.207412943243980408e-02
3.410911560058593750e-02
-4.294362664222717285e-02
9.102964401245117188e-02
-3.428848087787628174e-02
7.308770716190338135e-02
2.991677261888980865e-03
-9.141097776591777802e-03
-9.837719798088073730e-02
3.510419279336929321e-02
1.460982114076614380e-02
-2.086066454648971558e-02
6.709212809801101685e-02
7.244485616683959961e-02
6.195691600441932678e-02
-2.575174346566200256e-02
-3.007081337273120880e-02
-9.205262362957000732e-02
2.690070495009422302e-02
-1.161713153123855591e-02
-1.379581168293952942e-02
6.207072176039218903e-03
2.753170952200889587e-02
8.727489411830902100e-02
-8.207984268665313721e-03
2.292335033416748047e-02
2.871044352650642395e-02
1.051809638738632202e-03
2.500557713210582733e-02
2.029795758426189423e-02
5.754917114973068237e-02
2.622640505433082581e-02
-1.957003213465213776e-02
-4.381547123193740845e-02
3.823649138212203979e-03
2.785053849220275879e-02
-4.076092690229415894e-02
3.852052986621856689e-02
-3.179203718900680542e-02
-8.436867967247962952e-03
-6.241548061370849609e-02
-4.391713440418243408e-02
-3.562019765377044678e-02
3.547681495547294617e-03
-3.137143701314926147e-02
5.647876858711242676e-02
1.036192663013935089e-02
1.954760774970054626e-02
-4.770823940634727478e-02
1.451210491359233856e-02
-3.959365934133529663e-02
-2.817435190081596375e-03
-4.826376959681510925e-02
1.297673489898443222e-02
-4.180265963077545166e-02
3.513731434941291809e-02
1.019812077283859253e-01
-5.071888864040374756e-02
1.404861360788345337e-02
1.724559068679809570e-02
-7.490934431552886963e-02
4.805345088243484497e-03
7.356186211109161377e-02
4.311451315879821777e-02
4.901269823312759399e-02
7.079699635505676270e-02
-1.683256402611732483e-02
-5.613237619400024414e-02
9.071708470582962036e-02
7.406078279018402100e-02
3.717842698097229004e-02
-7.910646498203277588e-02
-7.272079586982727051e-03
-5.974723026156425476e-03
-5.250187218189239502e-02
3.528692200779914856e-02
2.705994434654712677e-02
-2.906194701790809631e-02
5.869256705045700073e-02
-1.614548265933990479e-02
5.108840763568878174e-02
-7.185816019773483276e-02
7.372249662876129150e-02
-1.580991037189960480e-02
1.073815971612930298e-01
1.316742226481437683e-02
3.482703119516372681e-03
5.316489934921264648e-02
1.746596395969390869e-02
2.277218922972679138e-02
-4.978025332093238831e-02
7.579222321510314941e-02
-1.785675436258316040e-02
3.937902301549911499e-02
3.895166516304016113e-02
-3.209328278899192810e-04
-3.894527442753314972e-03
6.318334490060806274e-02
-9.698268957436084747e-03
3.164895623922348022e-02
5.908323451876640320e-03
5.194022133946418762e-02
7.054822891950607300e-02
1.234937924891710281e-03
4.987409710884094238e-02
1.019399836659431458e-01
7.806420326232910156e-02
-4.488094523549079895e-02
2.259504050016403198e-02
1.827966421842575073e-02
-3.875679895281791687e-02
3.989554941654205322e-03
-5.929528735578060150e-03
-7.734369020909070969e-03
1.134590245783329010e-02
-7.130777835845947266e-02
-8.325198292732238770e-02
-2.768293768167495728e-02
3.645289689302444458e-03
4.348314553499221802e-02
-4.527509212493896484e-03
2.467192895710468292e-02
3.149544447660446167e-02
1.262683272361755371e-01
2.479011192917823792e-02
4.248252883553504944e-02
7.303787022829055786e-02
1.058039516210556030e-01
7.929988205432891846e-02
-6.502580642700195312e-02
-9.588685631752014160e-02
1.996157877147197723e-02
8.100684732198715210e-02
7.537214457988739014e-02
5.852071195840835571e-02
3.011457994580268860e-02
5.699343979358673096e-02
6.693849805742502213e-03
5.010321363806724548e-02
8.803331851959228516e-02
2.159434743225574493e-02
-2.531960606575012207e-02
4.398861154913902283e-02
4.917596466839313507e-03
-2.324223890900611877e-02
6.959974020719528198e-02
6.472766399383544922e-04
-3.914198838174343109e-03
-7.105041295289993286e-04
-3.196847438812255859e-02
1.612193137407302856e-02
-5.202245712280273438e-02
3.619607165455818176e-02
1.082580536603927612e-03
-4.502823203802108765e-02
-5.099999904632568359e-02
-2.386327646672725677e-02
2.411498222500085831e-03
5.061222240328788757e-02
-4.156640172004699707e-02
5.935110151767730713e-02
1.299942657351493835e-02
2.867634221911430359e-02
9.643326699733734131e-02
-4.191257804632186890e-02
-1.333677209913730621e-02
5.969924852252006531e-03
3.175377147272229195e-03
-4.045642912387847900e-02
-1.909687649458646774e-03
-3.695071861147880554e-02
-8.396844379603862762e-03
9.429842233657836914e-03
6.003879755735397339e-02
-2.748336829245090485e-02
-1.415510661900043488e-02
-4.448750242590904236e-02
-8.595931529998779297e-02
-9.771546348929405212e-03
4.815917462110519409e-03
-3.706952556967735291e-02
1.126358285546302795e-01
7.816985249519348145e-02
2.651909179985523224e-02
4.282697662711143494e-02
-2.258759923279285431e-03
-8.569775149226188660e-03
-5.058549344539642334e-03
2.269555255770683289e-02
2.457764744758605957e-02
4.742946475744247437e-04
1.880988664925098419e-02
-2.907377853989601135e-02
1.996463909745216370e-02
8.729122579097747803e-03
-7.362614572048187256e-02
-4.341283813118934631e-02
-1.709618419408798218e-02
-1.609579846262931824e-02
-3.882661461830139160e-02
8.065921068191528320e-02
-1.899489015340805054e-02
1.729885861277580261e-02
3.839615732431411743e-02
-6.374269723892211914e-04
-8.298625051975250244e-02
6.766673177480697632e-04
-5.613564327359199524e-02
-1.441832631826400757e-03
-2.927150763571262360e-02
-1.071274094283580780e-02
2.759448252618312836e-02
3.436719998717308044e-05
2.629118040204048157e-02
3.691123425960540771e-02
-4.586572945117950439e-02
-5.943414196372032166e-02
-6.024221330881118774e-02
-1.348004024475812912e-02
-1.411233097314834595e-02
-3.967760130763053894e-04
-9.719634428620338440e-03
3.655731445178389549e-03
-1.849221298471093178e-03
3.778902441263198853e-02
-6.780476309359073639e-03
3.982744738459587097e-02
7.851204276084899902e-02
2.038824558258056641e-02
-7.871477864682674408e-03
-1.678392477333545685e-02
-4.308252781629562378e-02
8.013620041310787201e-03
-7.191317155957221985e-03
-6.815912202000617981e-04
5.829615052789449692e-03
-5.082069709897041321e-02
-4.249549657106399536e-02
-8.545467257499694824e-02
3.754444792866706848e-02
-6.047521531581878662e-02
2.164328843355178833e-02
1.820829510688781738e-02
-3.270157054066658020e-02
2.025903202593326569e-03
3.387414850294589996e-03
-3.033729456365108490e-02
1.565541699528694153e-02
-9.102353826165199280e-03
-7.289810106158256531e-03
-8.318413048982620239e-02
8.213289082050323486e-02
-2.975789085030555725e-02
5.067638307809829712e-02
4.179594106972217560e-03
2.541822195053100586e-02
-4.891788214445114136e-02
1.186804845929145813e-03
7.029716670513153076e-02
-1.655025407671928406e-02
-3.457246348261833191e-03
-8.388420566916465759e-03
5.279402248561382294e-03
3.534592455253005028e-03
-3.225158900022506714e-02
3.228809684514999390e-02
6.225055456161499023e-02
-3.951741009950637817e-02
-1.798096485435962677e-02
2.387223578989505768e-02
3.300400823354721069e-02
2.126378752291202545e-02
1.998186577111482620e-03
-4.974739253520965576e-02
9.042946621775627136e-03
2.119709551334381104e-02
3.955863788723945618e-02
3.371407836675643921e-02
3.084354288876056671e-02
-7.901883125305175781e-02
-8.511245250701904297e-02
5.351392924785614014e-02
-4.434041678905487061e-03
3.368797898292541504e-02
-3.327171877026557922e-02
-2.245880104601383209e-02
-5.734373629093170166e-02
5.428100004792213440e-03
-7.925040274858474731e-02
5.692033469676971436e-02
-2.373022213578224182e-02
9.757261723279953003e-03
-4.920716211199760437e-02
-1.604679599404335022e-02
6.288651376962661743e-02
-2.055259048938751221e-02
2.424478344619274139e-02
3.071260638535022736e-02
8.637533523142337799e-03
3.896851092576980591e-02
8.330384641885757446e-02
-5.830166861414909363e-03
-1.545400545001029968e-02
6.794814951717853546e-03
-8.869988843798637390e-03
-4.922353103756904602e-02
6.115242373198270798e-03
-8.599236607551574707e-04
1.824655011296272278e-02
-4.434045404195785522e-02
-2.301613241434097290e-02
1.898233033716678619e-02
3.597755357623100281e-02
-7.172976434230804443e-02
-2.912204526364803314e-02
-2.844424918293952942e-03
-8.571827784180641174e-03
-7.650022208690643311e-02
-1.451822556555271149e-02
-4.047806188464164734e-02
-4.485573619604110718e-02
-1.252549700438976288e-04
-4.517520219087600708e-02
1.425476372241973877e-02
-3.746072575449943542e-02
-2.853436581790447235e-02
6.219024769961833954e-03
8.365808054804801941e-03
8.368806913495063782e-03
4.853639006614685059e-02
1.406167820096015930e-02
1.856474205851554871e-02
-2.039010450243949890e-02
8.062048256397247314e-02
-8.774514496326446533e-02
-7.754528522491455078e-02
-2.645184472203254700e-02
-4.395064711570739746e-02
6.184472888708114624e-02
7.955522090196609497e-02
1.471094787120819092e-02
-2.155572921037673950e-02
4.889702424407005310e-03
8.227139711380004883e-03
-3.225078806281089783e-02
-4.905525594949722290e-03
1.039512362331151962e-02
-3.905240818858146667e-02
3.082573413848876953e-02
-4.266950860619544983e-02
8.244125638157129288e-04
1.733447425067424774e-02
-7.008132338523864746e-02
1.393363904207944870e-02
-2.818149700760841370e-02
-2.049370110034942627e-02
1.638031564652919769e-03
1.776784472167491913e-02
1.470594666898250580e-02
4.809645563364028931e-02
7.793669402599334717e-02
3.752478212118148804e-02
-4.641346260905265808e-02
1.388125959783792496e-02
1.073976233601570129e-01
5.899021029472351074e-02
1.492643170058727264e-02
-3.382855653762817383e-02
-3.385882079601287842e-02
3.507937490940093994e-02
-3.827992826700210571e-03
-5.619253963232040405e-02
1.112457271665334702e-02
-7.819198817014694214e-02
1.279996708035469055e-03
-6.663380563259124756e-02
-6.243973504751920700e-03
2.661182731389999390e-02
-3.990380093455314636e-02
1.599475741386413574e-02
4.295532777905464172e-02
2.893446385860443115e-02
2.565810456871986389e-02
-4.888074472546577454e-03
-1.265244744718074799e-02
-2.744721248745918274e-02
1.811618357896804810e-02
6.653264164924621582e-03
2.392041683197021484e-02
4.806490987539291382e-02
-4.301296919584274292e-02
-7.972869277000427246e-02
-2.060127444565296173e-03
6.275175511837005615e-02
-5.618546530604362488e-02
4.557554423809051514e-02
2.834297902882099152e-02
2.363096550107002258e-02
-7.821749895811080933e-04
-1.015409734100103378e-02
-1.890690997242927551e-02
2.777563966810703278e-02
-3.164928406476974487e-03
3.962668403983116150e-02
-1.568283513188362122e-02
-8.595149964094161987e-03
-1.206448581069707870e-02
-2.837588265538215637e-02
-5.575468391180038452e-02
-4.722951352596282959e-02
2.898402325809001923e-02
4.306921735405921936e-02
3.729566931724548340e-02
2.642885781824588776e-02
1.848875079303979874e-03
-1.739834249019622803e-02
-6.190779618918895721e-03
-6.183808669447898865e-03
-4.333028197288513184e-02
4.113088361918926239e-03
1.495290733873844147e-02
4.839239642024040222e-02
-1.146813631057739258e-01
6.309755146503448486e-02
4.438213631510734558e-02
-7.307268679141998291e-02
-1.665243320167064667e-02
6.705369055271148682e-02
-1.184246130287647247e-02
2.579673007130622864e-02
3.998411819338798523e-02
4.816703498363494873e-03
