-1.379354950040578842e-02
1.185391750186681747e-02
3.200091654434800148e-03
6.502862274646759033e-02
-2.888182736933231354e-02
3.316838666796684265e-02
-1.804902032017707825e-02
-3.507234156131744385e-02
6.171317398548126221e-02
-7.008743286132812500e-02
3.811746137216687202e-03
-3.853306919336318970e-02
-8.798331953585147858e-03
3.643842414021492004e-03
-4.883724823594093323e-02
-6.209257245063781738e-02
-4.770373553037643433e-02
5.038795247673988342e-02
-4.930154234170913696e-02
-4.171463847160339355e-02
-1.388957817107439041e-02
-3.085708478465676308e-03
5.011313781142234802e-02
-1.439002226106822491e-03
-9.886794723570346832e-03
-3.747589513659477234e-02
-6.399583071470260620e-02
1.474292203783988953e-02
-3.965121880173683167e-02
-8.994790911674499512e-02
-3.630376607179641724e-02
9.616427123546600342e-02
4.209831729531288147e-02
-1.010694075375795364e-02
1.227178797125816345e-02
2.835380379110574722e-03
7.753119617700576782e-02
-4.247192293405532837e-02
-4.381760582327842712e-02
5.879950523376464844e-02
2.790009370073676109e-03
-8.001870661973953247e-02
2.017201855778694153e-02
-4.623869806528091431e-02
1.343917753547430038e-02
-2.442783303558826447e-02
-4.677907098084688187e-03
-3.623700514435768127e-02
3.264690516516566277e-03
3.385028615593910217e-02
-3.507866337895393372e-02
-1.036642212420701981e-02
5.317311297403648496e-05
5.821116734296083450e-03
-5.060234665870666504e-02
-1.619012840092182159e-02
1.422532554715871811e-02
4.707456566393375397e-03
-6.924524903297424316e-02
4.310945421457290649e-02
-5.758017674088478088e-02
-2.372237294912338257e-02
3.055800870060920715e-02
-8.824493736028671265e-03
-6.461144238710403442e-02
2.230679616332054138e-02
2.732702344655990601e-02
3.325243294239044189e-02
5.949663929641246796e-03
2.153141796588897705e-02
-4.008641932159662247e-03
4.710503667593002319e-02
1.107247266918420792e-02
5.275287851691246033e-02
1.275438368320465088e-01
4.015881195664405823e-02
-2.714190445840358734e-02
-3.866062685847282410e-02
4.519531968981027603e-03
-5.140843987464904785e-02
-2.363619580864906311e-02
-2.093078754842281342e-02
-1.462625339627265930e-02
3.161923587322235107e-02
-9.186285547912120819e-03
5.878861248493194580e-02
-1.450786273926496506e-02
-1.013958454132080078e-01
1.945058256387710571e-02
-2.278697863221168518e-02
7.701687049120664597e-03
-5.286554340273141861e-03
6.983938068151473999e-02
-9.472268633544445038e-03
-7.279235869646072388e-02
4.411992430686950684e-02
-8.940295875072479248e-02
-6.199201103299856186e-03
6.582958996295928955e-02
-9.876886755228042603e-02
-2.605019882321357727e-02
-8.713486604392528534e-03
-6.885509355925023556e-04
-1.647990196943283081e-02
4.992983862757682800e-02
-2.354621887207031250e-02
5.523250624537467957e-02
5.946857854723930359e-02
-4.542254842817783356e-03
-1.537336036562919617e-02
3.896472603082656860e-02
6.111342832446098328e-02
-2.259957976639270782e-02
2.253332175314426422e-02
4.083948582410812378e-02
8.851123601198196411e-02
2.940431796014308929e-02
6.592098623514175415e-02
3.345498070120811462e-02
-3.256710991263389587e-02
5.556514021009206772e-03
-5.143659934401512146e-02
3.190614655613899231e-02
-7.741827517747879028e-02
5.759174376726150513e-02
-2.342755906283855438e-02
-2.133340202271938324e-02
-4.128168895840644836e-02
5.145029723644256592e-02
-3.589888662099838257e-02
-1.596008241176605225e-02
-6.359655875712633133e-03
-2.412118203938007355e-02
-8.920981734991073608e-02
3.893823176622390747e-02
9.001064300537109375e-02
-4.293517023324966431e-02
-5.370625481009483337e-02
4.768720641732215881e-02
3.739504143595695496e-02
6.783014629036188126e-03
4.829361662268638611e-02
2.663169987499713898e-02
-3.824202716350555420e-02
-5.278604850172996521e-02
3.249499201774597168e-02
-8.407461456954479218e-03
7.453084737062454224e-02
1.618587784469127655e-02
-5.364774540066719055e-02
-1.396986190229654312e-02
-1.989441737532615662e-02
-2.282866463065147400e-02
-6.405922770500183105e-02
-1.591841317713260651e-02
3.854447975754737854e-02
-1.396347880363464355e-01
-9.076239541172981262e-03
-1.360892690718173981e-02
5.601209029555320740e-02
5.101128667593002319e-02
-2.857591211795806885e-02
1.709034666419029236e-02
-4.885906726121902466e-02
-2.197440899908542633e-02
-8.527612686157226562e-02
-2.772957086563110352e-02
-2.555417641997337341e-02
4.324522987008094788e-02
-9.766990691423416138e-02
-3.201684355735778809e-02
3.427810594439506531e-02
1.404189318418502808e-02
1.106311287730932236e-02
-6.887593120336532593e-02
6.219691596925258636e-03
4.856485500931739807e-02
1.946965418756008148e-02
2.112697809934616089e-02
-1.575100759509950876e-05
4.465467855334281921e-02
-1.880799792706966400e-02
-6.930591166019439697e-02
4.268833994865417480e-02
5.443090945482254028e-02
-7.523642852902412415e-03
-2.876858972012996674e-02
7.206755131483078003e-02
5.721051990985870361e-02
2.909968048334121704e-02
-3.443020209670066833e-02
1.509733963757753372e-02
-1.055079046636819839e-02
2.982927951961755753e-03
1.486020628362894058e-02
9.166394174098968506e-02
2.496177097782492638e-03
-3.975605592131614685e-02
1.900819130241870880e-02
3.002225421369075775e-02
1.662788167595863342e-02
2.251412905752658844e-02
4.956426564604043961e-03
-2.373451134189963341e-03
-2.617419697344303131e-02
-8.398474194109439850e-03
7.554198056459426880e-02
-2.303371392190456390e-02
-3.856445476412773132e-02
6.193773448467254639e-02
3.860723972320556641e-02
-5.899155512452125549e-02
4.866726323962211609e-02
-4.716897010803222656e-02
-5.550939124077558517e-03
-3.978971391916275024e-02
1.090064458549022675e-02
1.767626032233238220e-02
-4.713043104857206345e-03
2.271538414061069489e-02
1.050419919192790985e-02
-8.023177087306976318e-02
-1.910682208836078644e-02
-3.991948440670967102e-02
-5.911640077829360962e-02
-4.619268327951431274e-02
-5.334765836596488953e-02
5.509153008460998535e-03
-3.848148882389068604e-02
-3.948588296771049500e-02
-6.546731572598218918e-03
-1.938109472393989563e-02
2.913200110197067261e-02
-7.655434310436248779e-02
1.506031863391399384e-02
-3.286170214414596558e-02
7.442074269056320190e-02
7.735916972160339355e-02
6.361035257577896118e-02
2.547616697847843170e-02
3.842315450310707092e-02
-6.114683672785758972e-02
-3.616141527891159058e-02
6.401771306991577148e-02
3.010264784097671509e-02
3.043274767696857452e-02
-2.782235620543360710e-03
-3.344951942563056946e-02
2.546818926930427551e-02
2.101945690810680389e-02
8.616296201944351196e-02
-4.540475085377693176e-02
2.779549174010753632e-02
4.553631413727998734e-03
2.647702582180500031e-02
3.986226394772529602e-02
3.604866936802864075e-02
-3.807433182373642921e-03
4.687287285923957825e-02
-4.177783429622650146e-02
-1.019285526126623154e-03
3.250117227435112000e-02
-5.220265686511993408e-02
2.743290737271308899e-02
-4.903469979763031006e-02
5.476845428347587585e-02
-2.272379770874977112e-02
2.325720153748989105e-02
-2.305761910974979401e-02
7.981111109256744385e-02
-7.938173413276672363e-02
2.777157723903656006e-02
5.376720055937767029e-02
2.963362634181976318e-02
-5.452151596546173096e-02
1.008898764848709106e-02
3.947351500391960144e-02
-6.689375638961791992e-02
-1.419801712036132812e-01
4.201186075806617737e-02
9.502917528152465820e-03
-1.174044213257730007e-03
-7.640432566404342651e-02
-1.028229370713233948e-01
-6.638171523809432983e-02
-1.202310472726821899e-01
-1.411593705415725708e-02
-3.424220532178878784e-02
4.673026874661445618e-02
-6.918887956999242306e-04
1.155234593898057938e-02
4.248674586415290833e-02
-6.774972379207611084e-02
-2.032148651778697968e-02
-1.497717946767807007e-02
6.030606571584939957e-03
8.311740309000015259e-02
2.556669339537620544e-02
2.905228920280933380e-02
-3.666626289486885071e-02
1.735964976251125336e-02
4.441474564373493195e-03
-3.520245372783392668e-04
7.452736049890518188e-02
-3.018850833177566528e-02
-3.830871358513832092e-02
1.466568745672702789e-02
-3.063979931175708771e-02
-2.882883697748184204e-02
-3.698013722896575928e-02
1.181257329881191254e-02
-5.007749050855636597e-02
5.399535410106182098e-03
7.516902405768632889e-03
-4.521324485540390015e-02
3.913296386599540710e-02
-8.112119883298873901e-02
5.516452342271804810e-02
-4.356406629085540771e-02
4.520780965685844421e-02
-6.837383657693862915e-02
-9.026197716593742371e-03
4.335260391235351562e-02
4.254460707306861877e-02
-1.511687226593494415e-02
2.119070850312709808e-02
9.226605296134948730e-02
2.025514841079711914e-03
7.703254465013742447e-03
7.322321180254220963e-03
1.519197877496480942e-02
-6.243060156702995300e-02
-4.636854864656925201e-03
2.521226927638053894e-02
1.904647424817085266e-02
1.368396682664752007e-03
-5.140591878443956375e-03
1.935312524437904358e-02
5.145110562443733215e-02
-7.933820597827434540e-03
-3.829602897167205811e-02
-2.477742359042167664e-02
3.476518020033836365e-02
1.740152575075626373e-02
2.276881784200668335e-02
2.705183252692222595e-02
-8.014336228370666504e-02
6.005697324872016907e-02
7.176850922405719757e-03
-8.788847364485263824e-03
-7.318137586116790771e-02
-3.637431189417839050e-02
-8.217482827603816986e-03
5.686109140515327454e-02
-2.656065486371517181e-02
-4.405571520328521729e-02
4.426019266247749329e-02
9.259390085935592651e-02
8.710642904043197632e-02
8.953421376645565033e-03
3.537779673933982849e-02
8.303967304527759552e-03
1.044979505240917206e-02
6.688800640404224396e-03
3.062969446182250977e-02
2.581667900085449219e-02
1.440938562154769897e-02
1.746425591409206390e-02
-4.947950690984725952e-02
1.561027392745018005e-02
4.738733172416687012e-02
4.998838901519775391e-02
-1.098871529102325439e-01
-1.447822805494070053e-02
3.320257738232612610e-02
-3.326657414436340332e-02
1.846546074375510216e-03
2.932732552289962769e-02
1.435168553143739700e-02
2.138685807585716248e-02
4.961072653532028198e-02
-3.644941002130508423e-02
-2.415669150650501251e-02
-6.612395495176315308e-02
-4.369888827204704285e-02
3.825740516185760498e-02
3.677830845117568970e-02
7.282550632953643799e-02
1.597038283944129944e-02
2.828598953783512115e-03
-1.358156651258468628e-02
3.903701156377792358e-02
-5.283055454492568970e-02
7.761897146701812744e-02
2.883404493331909180e-02
5.656507611274719238e-02
6.618802249431610107e-02
-4.469182342290878296e-03
-8.381069637835025787e-03
-7.458882033824920654e-02
-4.817719385027885437e-02
-1.022073253989219666e-01
-2.795267105102539062e-02
-1.770224422216415405e-02
-2.616899646818637848e-02
-3.296406567096710205e-02
4.275545105338096619e-02
1.929680258035659790e-02
7.033493369817733765e-03
-1.684557832777500153e-02
-6.048856303095817566e-03
4.525498300790786743e-02
-1.295082271099090576e-03
3.324641380459070206e-03
-8.928463608026504517e-02
2.819273993372917175e-02
-4.127437714487314224e-03
3.104134835302829742e-02
1.028121635317802429e-02
-3.488030284643173218e-02
-9.956507012248039246e-03
-2.426167018711566925e-02
1.583457551896572113e-02
2.898178761824965477e-03
2.444286085665225983e-02
4.802303016185760498e-02
-4.134442657232284546e-02
3.700355440378189087e-02
1.920039020478725433e-02
5.664299428462982178e-02
-4.057609662413597107e-02
8.833425119519233704e-03
7.659719884395599365e-02
2.802206017076969147e-02
-5.725064547732472420e-04
-1.445571775548160076e-03
-3.392120823264122009e-02
-2.724174037575721741e-02
-1.278083119541406631e-02
6.696370430290699005e-03
9.290994144976139069e-03
-2.950609847903251648e-02
-3.532904013991355896e-02
3.420879365876317024e-03
-3.081995528191328049e-03
-1.086020842194557190e-02
6.166473496705293655e-03
-2.460681088268756866e-02
-9.017569012939929962e-03
4.228712990880012512e-02
6.796803325414657593e-03
-3.978845477104187012e-02
5.225021764636039734e-02
-9.270223975181579590e-02
-1.051022633910179138e-01
5.186622217297554016e-02
9.599962504580616951e-04
-1.214595045894384384e-02
6.549153476953506470e-03
5.883922800421714783e-02
-6.773077696561813354e-02
2.563593722879886627e-02
-4.696774855256080627e-02
3.813425078988075256e-02
-1.891392469406127930e-02
-2.146619744598865509e-02
6.958298385143280029e-02
-4.951647669076919556e-02
-7.434501894749701023e-04
1.101464964449405670e-02
-1.538242492824792862e-02
3.929112851619720459e-02
2.872381173074245453e-02
-2.260820753872394562e-02
-2.476497553288936615e-02
6.821054033935070038e-03
-2.088794857263565063e-02
-2.464768663048744202e-02
-3.663591807708144188e-03
6.135715171694755554e-02
6.536245346069335938e-04
3.175131231546401978e-02
6.677336245775222778e-02
2.841282635927200317e-02
-5.670455098152160645e-02
-1.200917456299066544e-02
-2.147158421576023102e-02
1.460532378405332565e-02
4.710814356803894043e-02
-1.310369074344635010e-01
4.992627538740634918e-03
1.094797551631927490e-01
-2.203936316072940826e-02
-8.360035717487335205e-03
-4.044688120484352112e-02
3.228420764207839966e-02
-6.117517873644828796e-02
6.354664452373981476e-03
1.405352819710969925e-02
6.102975457906723022e-02
-1.040975451469421387e-01
9.574933350086212158e-02
-6.232342217117547989e-03
-9.717525681480765343e-04
3.566087782382965088e-02
8.738120086491107941e-03
1.177395600825548172e-02
6.462159007787704468e-02
-5.747820436954498291e-02
-1.759985275566577911e-02
-5.885713733732700348e-03
-1.093642693012952805e-02
1.520744059234857559e-02
-6.870931014418601990e-03
-3.792841732501983643e-02
-2.302292175590991974e-02
-4.859962034970521927e-03
-2.535208873450756073e-02
1.135083846747875214e-02
8.696401491761207581e-03
6.127913668751716614e-02
-1.781531237065792084e-02
1.707732677459716797e-03
1.468475628644227982e-02
-1.373766455799341202e-03
-2.802588278427720070e-03
-3.795357421040534973e-02
1.355732791125774384e-02
-4.396717622876167297e-02
5.700657144188880920e-02
1.261711120605468750e-02
1.513424236327409744e-02
1.677179895341396332e-02
2.594219334423542023e-02
-2.054025977849960327e-02
4.190475679934024811e-03
-1.699061505496501923e-02
-2.520981617271900177e-02
9.960327297449111938e-03
-3.194205090403556824e-02
8.599661290645599365e-02
2.791162952780723572e-02
1.254433300346136093e-02
1.943113282322883606e-02
-4.488371312618255615e-02
2.714889310300350189e-02
4.296312481164932251e-02
3.093389607965946198e-02
-3.441431000828742981e-02
3.369519114494323730e-02
1.257324963808059692e-02
-3.393330052495002747e-02
4.336370527744293213e-02
-8.718881011009216309e-02
-1.030701249837875366e-01
-6.525892764329910278e-03
6.654863804578781128e-02
-2.381699532270431519e-02
3.094009682536125183e-02
-5.714188516139984131e-02
-3.686926513910293579e-02
-5.482100695371627808e-02
6.508842110633850098e-02
4.148546978831291199e-02
1.656199619174003601e-02
-9.014288894832134247e-03
-5.632479861378669739e-02
-1.199038978666067123e-02
-2.697020769119262695e-03
-9.131064638495445251e-03
-7.137808203697204590e-02
-7.428590208292007446e-02
4.133241623640060425e-02
5.125497467815876007e-03
-2.931273914873600006e-02
4.713086411356925964e-02
7.736428827047348022e-02
8.175195008516311646e-02
2.594843134284019470e-02
2.178079076111316681e-02
-5.736065097153186798e-03
-4.357059299945831299e-02
-4.769067093729972839e-02
-2.574728056788444519e-02
-3.424668684601783752e-02
-1.067843101918697357e-02
-3.765438497066497803e-02
7.996002584695816040e-02
-1.237461119890213013e-01
6.809160858392715454e-02
3.596613928675651550e-02
-3.182081878185272217e-02
-2.605284005403518677e-02
2.202211692929267883e-02
3.849723190069198608e-02
-9.210088290274143219e-03
7.011151872575283051e-03
4.599045962095260620e-02
9.320334345102310181e-02
4.426334798336029053e-02
1.084872633218765259e-01
-3.341724351048469543e-02
-1.360953785479068756e-02
6.518558133393526077e-03
-6.441653519868850708e-02
-3.063147701323032379e-02
9.132395498454570770e-03
5.608881637454032898e-02
3.587176650762557983e-02
-3.579831868410110474e-02
-5.767323542386293411e-03
-5.698465183377265930e-02
7.985719479620456696e-03
9.500497579574584961e-02
-2.585195377469062805e-02
3.454632684588432312e-02
8.009079843759536743e-03
1.830388209782540798e-03
4.056217614561319351e-03
-8.770380914211273193e-02
5.508800968527793884e-02
2.557135745882987976e-02
-3.020893596112728119e-02
1.354710198938846588e-02
-3.334129601716995239e-02
2.135105244815349579e-02
-3.718477208167314529e-03
-1.946222782135009766e-02
1.690416783094406128e-02
4.837152734398841858e-02
-2.244517020881175995e-02
1.865205727517604828e-02
4.478558152914047241e-02
5.639566108584403992e-02
4.862686246633529663e-02
-4.479087889194488525e-02
1.296840608119964600e-01
-1.397168543189764023e-02
2.230563201010227203e-02
-1.598384417593479156e-02
2.321405149996280670e-02
-2.288969606161117554e-02
-4.027319606393575668e-03
6.511711399070918560e-05
-9.696885943412780762e-02
2.038564300164580345e-03
-1.372847426682710648e-02
7.299487292766571045e-02
8.295653760433197021e-02
3.596573136746883392e-03
3.587772697210311890e-02
7.366207893937826157e-03
1.895022206008434296e-02
-5.598699301481246948e-02
3.377406299114227295e-02
7.230344228446483612e-03
-4.031909629702568054e-02
-5.725061520934104919e-02
-6.483583897352218628e-02
5.049857869744300842e-02
-2.800205908715724945e-02
-3.085293434560298920e-02
-2.777390554547309875e-02
-3.227397799491882324e-02
1.233270857483148575e-02
-4.274486005306243896e-02
-3.654586151242256165e-02
-1.448756735771894455e-02
3.724508360028266907e-02
-1.422324310988187790e-02
6.440243124961853027e-02
-1.755082234740257263e-02
8.554831147193908691e-02
-1.332157989963889122e-03
-1.631443575024604797e-02
2.208666317164897919e-02
3.390390798449516296e-02
4.125745035707950592e-03
-4.599229618906974792e-02
1.396643090993165970e-02
-1.192025188356637955e-02
6.733068078756332397e-02
-5.164777487516403198e-02
1.307765860110521317e-02
-1.332591846585273743e-02
-4.684576392173767090e-02
5.819471552968025208e-03
2.827519923448562622e-02
-7.225053012371063232e-02
5.667551606893539429e-02
4.753569513559341431e-02
-6.573279388248920441e-03
-4.022903367877006531e-02
-6.600759923458099365e-02
2.330797910690307617e-02
-4.051921144127845764e-02
-8.798914402723312378e-02
-3.806820837780833244e-03
-6.288863718509674072e-02
1.013160683214664459e-02
-7.321589440107345581e-02
4.643369466066360474e-02
-7.611377537250518799e-02
-6.547173857688903809e-02
2.759769186377525330e-02
-3.619372844696044922e-03
-1.237069815397262573e-02
3.860663622617721558e-02
-4.673519358038902283e-02
-1.554562617093324661e-02
-2.998696267604827881e-02
-4.852838069200515747e-02
-1.036458238959312439e-01
2.000590600073337555e-02
2.016741316765546799e-03
5.987410247325897217e-02
1.649049296975135803e-02
4.231990501284599304e-02
6.752327084541320801e-02
2.955857478082180023e-02
5.076066032052040100e-02
3.534557297825813293e-02
-2.505621127784252167e-02
8.032674342393875122e-02
-2.029482834041118622e-02
5.683554708957672119e-02
1.361896190792322159e-02
-4.782763496041297913e-02
3.108785115182399750e-02
1.051392871886491776e-02
5.067126825451850891e-02
4.734847694635391235e-02
3.262316063046455383e-02
-1.358608249574899673e-02
1.459221262484788895e-02
-2.835637703537940979e-02
7.012770324945449829e-02
1.390651986002922058e-02
-9.417503140866756439e-03
-4.391797631978988647e-02
-3.780526667833328247e-02
7.829100824892520905e-03
-1.881863549351692200e-02
-2.324765175580978394e-02
1.777066849172115326e-02
-7.462689187377691269e-03
-7.452376931905746460e-02
-4.376921430230140686e-02
-5.608304217457771301e-02
-4.379357025027275085e-02
4.692432284355163574e-02
-2.321132458746433258e-02
-1.379345916211605072e-02
-4.624818265438079834e-02
-4.346220754086971283e-03
-5.759906396269798279e-02
-4.119801893830299377e-02
-3.905444592237472534e-02
-4.277035221457481384e-02
4.222688078880310059e-02
-4.803323745727539062e-02
3.226578608155250549e-02
-1.559207495301961899e-02
-5.379183217883110046e-02
-1.117191184312105179e-02
-2.375686913728713989e-02
-6.161566823720932007e-03
-3.900957852602005005e-02
-6.844624411314725876e-03
2.891544811427593231e-02
1.430669240653514862e-02
-3.757312148809432983e-02
-1.824425905942916870e-02
2.956195734441280365e-02
3.312480077147483826e-02
2.038808912038803101e-02
2.055815234780311584e-02
-3.796928375959396362e-02
4.470888897776603699e-02
-5.100416392087936401e-02
1.263119559735059738e-02
-2.926576510071754456e-02
-3.518715128302574158e-02
-2.085747011005878448e-02
4.499992355704307556e-02
-5.219697020947933197e-03
3.766233101487159729e-02
-5.030497908592224121e-02
7.630924880504608154e-02
2.649147994816303253e-02
1.636898145079612732e-02
4.292924702167510986e-02
2.716694213449954987e-02
-5.430247634649276733e-03
-4.569835215806961060e-02
2.221404388546943665e-02
-2.782978862524032593e-02
1.928825676441192627e-02
-4.248332977294921875e-02
-4.723884537816047668e-02
4.058397933840751648e-02
-1.061629690229892731e-02
-3.989882022142410278e-02
-1.019692644476890564e-01
-5.471693351864814758e-02
1.337768416851758957e-02
2.953488193452358246e-02
8.197979629039764404e-02
4.925692081451416016e-02
-3.458745777606964111e-02
-4.822935909032821655e-03
3.986305743455886841e-02
2.232443541288375854e-02
-5.850399658083915710e-02
2.299137972295284271e-02
3.122303262352943420e-02
-1.203280035406351089e-02
-5.429235845804214478e-02
2.258875407278537750e-02
-2.615093067288398743e-02
-6.825307756662368774e-02
-4.667172953486442566e-02
-8.694948628544807434e-03
-6.875395029783248901e-02
2.246399782598018646e-02
1.279258076101541519e-02
1.828170567750930786e-02
-5.394528061151504517e-02
-6.909822672605514526e-02
-1.691224612295627594e-02
9.943485260009765625e-02
-2.535142190754413605e-02
-2.488557249307632446e-02
4.445162788033485413e-02
-2.182568423449993134e-02
6.925757974386215210e-02
1.561591774225234985e-02
-8.177007548511028290e-04
-6.963970512151718140e-02
3.520642640069127083e-03
2.360673248767852783e-02
3.025818616151809692e-02
8.454465307295322418e-03
-2.921386249363422394e-02
2.907426655292510986e-02
-4.275116696953773499e-02
-2.186923101544380188e-02
-1.030488759279251099e-01
2.569723874330520630e-02
1.536629721522331238e-02
-3.187461197376251221e-02
-4.185097292065620422e-02
2.789845690131187439e-02
1.723627187311649323e-02
-1.032938715070486069e-02
-5.591857712715864182e-03
-8.574839448556303978e-04
-9.513285011053085327e-03
5.948255211114883423e-02
-2.337398752570152283e-02
-1.882416382431983948e-02
-5.232961103320121765e-02
1.248849183320999146e-01
5.357749387621879578e-02
-1.445888914167881012e-02
-3.658613935112953186e-02
-1.029051933437585831e-02
6.640817970037460327e-02
-7.433858700096607208e-03
4.517994076013565063e-02
1.067452505230903625e-02
6.427413783967494965e-03
-2.918306924402713776e-02
3.478696197271347046e-02
1.206897199153900146e-01
7.023266702890396118e-02
3.063153102993965149e-02
3.260848298668861389e-02
-7.853104919195175171e-02
-4.455511644482612610e-02
-5.181198194622993469e-02
1.584492251276969910e-02
-1.190475933253765106e-02
4.827599599957466125e-02
5.991899408400058746e-03
-2.472523832693696022e-03
-2.084245905280113220e-02
-1.505117025226354599e-02
1.199833955615758896e-02
6.563502829521894455e-03
-3.727780282497406006e-02
-1.645207777619361877e-02
2.644879370927810669e-02
-2.211580052971839905e-02
-1.645050384104251862e-02
1.603488810360431671e-02
1.841518469154834747e-02
9.967052377760410309e-03
3.569638356566429138e-02
-4.480700939893722534e-02
4.642099887132644653e-02
6.005567964166402817e-03
-7.962493109516799450e-04
-9.619057178497314453e-03
-1.561449188739061356e-02
9.600408375263214111e-02
3.148884326219558716e-02
-1.924896985292434692e-02
5.704158172011375427e-02
3.852024674415588379e-02
3.515944257378578186e-02
3.326145187020301819e-02
2.500749006867408752e-02
-6.568843871355056763e-02
-2.582976967096328735e-02
2.082820422947406769e-02
1.766064576804637909e-02
-7.246111333370208740e-02
3.041739575564861298e-02
8.331574499607086182e-02
-5.442180857062339783e-02
-7.557392865419387817e-02
-8.017305284738540649e-03
-2.431188151240348816e-02
-3.017119830474257469e-03
3.009606152772903442e-02
2.464811876416206360e-02
7.384219020605087280e-02
-2.835720218718051910e-02
-9.220050415024161339e-04
-7.809654343873262405e-03
-1.792168617248535156e-02
1.820884458720684052e-02
2.296840585768222809e-02
1.601644046604633331e-02
1.786451973021030426e-02
7.005785405635833740e-02
-2.116234786808490753e-02
4.087704792618751526e-02
-1.089866925030946732e-02
-5.172729492187500000e-02
-2.290371246635913849e-02
-1.173273101449012756e-02
-7.439268380403518677e-02
-1.684083044528961182e-02
8.478862792253494263e-02
-2.437780052423477173e-02
2.512752264738082886e-02
3.086273930966854095e-02
7.473989971913397312e-04
-2.378854528069496155e-02
6.877113133668899536e-02
8.562988787889480591e-02
-1.456229947507381439e-03
-5.426803603768348694e-02
-5.091698095202445984e-02
-4.582893475890159607e-02
1.147911250591278076e-01
-4.106693714857101440e-02
-2.396684605628252029e-03
4.469179082661867142e-03
-3.153600543737411499e-02
2.960818260908126831e-02
-2.951179444789886475e-02
-3.109090216457843781e-02
-7.724740356206893921e-02
-5.707412213087081909e-02
1.052592024207115173e-01
4.809425026178359985e-02
-2.669380605220794678e-02
4.790901765227317810e-02
-2.976950071752071381e-02
-1.253170426934957504e-02
-5.152682214975357056e-02
1.134037040174007416e-02
-6.219335366040468216e-03
6.066711619496345520e-02
3.748679533600807190e-02
2.332988940179347992e-02
1.315440982580184937e-02
2.463568001985549927e-02
-3.738446533679962158e-02
-5.362901464104652405e-02
-6.130582466721534729e-02
3.805358335375785828e-02
7.247629016637802124e-02
-6.864461116492748260e-03
-1.191430091857910156e-01
-2.104856260120868683e-02
1.671901904046535492e-02
-1.538435462862253189e-02
-1.275066379457712173e-02
3.167412430047988892e-02
4.115254059433937073e-02
-8.174928836524486542e-03
-7.878409326076507568e-02
-2.242200821638107300e-02
-7.826574146747589111e-03
-8.730570226907730103e-02
-6.328563671559095383e-03
-7.979250699281692505e-02
-2.844891278073191643e-04
4.073991626501083374e-02
-6.809840910136699677e-03
1.050165072083473206e-01
3.375407308340072632e-02
5.852272151969373226e-04
1.936752907931804657e-02
-5.071788281202316284e-02
-2.683612145483493805e-02
3.178130090236663818e-02
-8.553681895136833191e-03
4.978890717029571533e-02
3.333337232470512390e-02
1.726620597764849663e-03
-1.025395654141902924e-02
-1.463477127254009247e-02
-2.285626716911792755e-02
-3.719686716794967651e-02
6.848783791065216064e-02
-9.607138484716415405e-02
5.871885642409324646e-02
1.847275532782077789e-02
5.904816836118698120e-02
