-3.246993571519851685e-02
6.117233261466026306e-02
-6.435009092092514038e-02
-2.342695184051990509e-02
8.682728558778762817e-02
5.410094559192657471e-02
-4.861965402960777283e-02
6.360227614641189575e-02
1.886503584682941437e-02
-7.263858616352081299e-02
1.203142292797565460e-02
-8.504050783812999725e-03
-7.902006059885025024e-02
2.578213065862655640e-02
-4.139344766736030579e-02
1.242958678631111979e-04
4.331255331635475159e-03
-4.766035825014114380e-02
-2.167930826544761658e-02
6.566409021615982056e-02
-1.428518444299697876e-02
3.087813407182693481e-02
-3.895521163940429688e-02
-1.820943504571914673e-02
5.706387106329202652e-03
-1.168418303132057190e-02
-2.416796982288360596e-02
-4.541851580142974854e-02
1.136262994259595871e-02
9.884036146104335785e-03
-4.431472625583410263e-03
-4.144322127103805542e-02
7.012058049440383911e-02
4.536303505301475525e-02
-5.825371667742729187e-02
-2.270762994885444641e-02
1.586822606623172760e-02
-5.334404413588345051e-04
2.394735999405384064e-02
-9.300244972109794617e-03
1.564650796353816986e-02
-2.232775464653968811e-02
2.082289010286331177e-02
1.849345304071903229e-02
-5.514346063137054443e-02
-4.608683288097381592e-02
3.643335774540901184e-02
6.306011974811553955e-02
4.393114522099494934e-02
-2.771103940904140472e-02
3.145173192024230957e-02
-1.275744382292032242e-02
2.105771936476230621e-02
-6.528006633743643761e-05
-6.881404260639101267e-05
-7.268728222697973251e-03
6.363071501255035400e-02
4.834709689021110535e-02
9.471343830227851868e-03
-9.205193817615509033e-02
-1.616760622709989548e-03
5.281247571110725403e-02
3.746728762052953243e-04
1.066492684185504913e-02
4.204975068569183350e-02
-1.094837766140699387e-02
1.558939344249665737e-03
-2.762079238891601562e-02
-3.547305613756179810e-02
-1.344191841781139374e-02
4.648074880242347717e-02
1.098717097193002701e-02
-5.933165550231933594e-03
-3.564956132322549820e-03
-3.935819491744041443e-02
-1.346006151288747787e-02
2.924143336713314056e-03
-1.734877191483974457e-02
-5.760220438241958618e-02
-1.187093649059534073e-02
7.354540284723043442e-03
1.269209757447242737e-02
3.697349876165390015e-02
-3.611957281827926636e-02
7.911971211433410645e-02
6.921941787004470825e-02
-2.170892246067523956e-02
-3.054713131859898567e-03
1.007925812155008316e-02
-1.017331704497337341e-02
5.403747037053108215e-02
2.419215999543666840e-02
-5.767622217535972595e-02
-4.561767354607582092e-02
-7.566582411527633667e-02
2.584278210997581482e-02
-2.948207221925258636e-02
-1.285226922482252121e-02
-4.479504376649856567e-02
-5.998022854328155518e-02
9.196052327752113342e-03
5.420253425836563110e-02
7.587054371833801270e-02
2.156269364058971405e-02
-6.467346847057342529e-02
-1.618342008441686630e-03
3.078403137624263763e-02
-3.699639812111854553e-02
1.728633791208267212e-02
1.196723897010087967e-02
-2.913033962249755859e-02
-2.965050935745239258e-02
-3.385953232645988464e-02
2.497387118637561798e-02
4.772795736789703369e-02
6.997553259134292603e-02
-2.889772504568099976e-02
5.700262635946273804e-02
2.742876112461090088e-02
-2.719547785818576813e-02
-4.204575344920158386e-02
3.214717656373977661e-02
-9.650599211454391479e-03
-1.644616760313510895e-02
1.057774126529693604e-01
2.330668084323406219e-02
-7.289069145917892456e-02
7.094300538301467896e-02
1.848722994327545166e-02
4.068046063184738159e-02
5.924336146563291550e-03
7.122362963855266571e-03
-7.572889328002929688e-02
1.598924398422241211e-02
9.765242226421833038e-03
8.564516901969909668e-02
4.933549836277961731e-02
-1.896812027553096414e-04
3.023293800652027130e-03
-6.319864839315414429e-02
1.901019364595413208e-02
6.180530413985252380e-03
-8.583362400531768799e-02
-1.105739641934633255e-02
3.011039085686206818e-02
6.685733096674084663e-04
7.191270589828491211e-03
5.260492488741874695e-02
3.213798254728317261e-02
-6.077702715992927551e-02
-5.673977429978549480e-04
3.929203003644943237e-02
1.109697390347719193e-02
4.553848411887884140e-03
2.656424418091773987e-02
-8.870345540344715118e-03
-2.179530821740627289e-02
-3.521207720041275024e-02
6.376317888498306274e-02
-2.585213258862495422e-02
5.638602375984191895e-02
-3.448847681283950806e-02
8.642504923045635223e-03
7.924430072307586670e-02
1.022863667458295822e-02
-6.902362406253814697e-02
-4.057236015796661377e-02
6.833424419164657593e-02
-2.263725548982620239e-02
-3.610198944807052612e-02
-5.040456354618072510e-02
1.789470762014389038e-02
3.812677785754203796e-02
-4.126071929931640625e-02
6.824193894863128662e-02
3.231395781040191650e-02
4.060522094368934631e-02
2.452477626502513885e-02
4.348571598529815674e-02
2.677918598055839539e-02
-4.383303597569465637e-02
3.768259659409523010e-02
-2.628300525248050690e-02
4.350443929433822632e-02
-5.247851088643074036e-02
-7.535817101597785950e-03
2.601178921759128571e-02
-5.643009394407272339e-02
-3.604963421821594238e-02
-2.451957017183303833e-02
1.248214300721883774e-02
-3.277739882469177246e-02
2.060081437230110168e-02
3.020656853914260864e-02
-3.696565330028533936e-02
-4.978669434785842896e-02
-2.711307629942893982e-02
-2.419794676825404167e-03
3.555040061473846436e-02
1.692054793238639832e-02
-1.910621067509055138e-03
5.275367200374603271e-02
-3.311128541827201843e-02
-4.431994631886482239e-02
2.510040067136287689e-03
3.455042093992233276e-02
1.581061631441116333e-02
3.931381925940513611e-02
-2.290075458586215973e-02
-4.096762277185916901e-03
-4.986673966050148010e-02
-1.713299890980124474e-03
-1.389436144381761551e-02
6.981915212236344814e-04
-6.309308111667633057e-02
-3.485538810491561890e-02
-8.004637807607650757e-02
-2.771020866930484772e-03
-1.281802263110876083e-02
-1.465264149010181427e-02
-1.111772563308477402e-02
2.628060616552829742e-02
-3.320004791021347046e-02
3.722883388400077820e-02
4.055257141590118408e-02
-1.120949238538742065e-01
8.309556543827056885e-02
1.274517644196748734e-02
3.857461363077163696e-02
-2.462897077202796936e-02
1.837243326008319855e-02
3.440641565248370171e-03
4.041497781872749329e-02
-2.873094379901885986e-02
1.404654700309038162e-02
-4.496468603610992432e-02
5.590262636542320251e-02
1.865757629275321960e-02
1.568935066461563110e-02
-5.428539123386144638e-03
-4.106021672487258911e-02
-4.183216951787471771e-03
-8.657738217152655125e-04
-2.454743534326553345e-02
1.853444240987300873e-02
-4.519983660429716110e-03
4.862906411290168762e-03
3.633859381079673767e-02
-3.279965370893478394e-02
1.188539154827594757e-02
4.890176653861999512e-02
-1.173638179898262024e-02
-2.959738671779632568e-02
3.879214450716972351e-02
-1.027962937951087952e-01
-9.009020403027534485e-03
-4.111232236027717590e-02
-5.556280259042978287e-03
-5.349660292267799377e-03
3.927349299192428589e-02
-4.158108495175838470e-03
7.674635387957096100e-03
-3.586356341838836670e-02
-6.718510761857032776e-03
5.503523722290992737e-02
4.965208098292350769e-02
5.611901730298995972e-02
1.034948043525218964e-02
2.163221873342990875e-02
4.869046434760093689e-02
3.606014326214790344e-02
9.774303995072841644e-03
-1.222283989191055298e-01
1.531247515231370926e-02
3.433326492086052895e-03
-1.147531531751155853e-02
1.444872468709945679e-01
1.041518002748489380e-01
-1.244056224822998047e-02
-6.127957999706268311e-02
-1.032349765300750732e-01
4.238699376583099365e-02
-1.564968377351760864e-02
-1.917951926589012146e-02
-5.290869995951652527e-02
3.457259014248847961e-02
-1.509271003305912018e-02
-2.468052878975868225e-02
-3.450812771916389465e-02
1.843919418752193451e-02
5.131545662879943848e-02
-2.262468822300434113e-02
-4.848576337099075317e-02
-5.008209962397813797e-03
4.433241114020347595e-02
-4.040246829390525818e-02
-1.830358244478702545e-02
-4.653656855225563049e-02
5.927712842822074890e-02
-2.132000029087066650e-02
-4.579005017876625061e-02
-2.531338855624198914e-02
4.533895477652549744e-02
1.195106841623783112e-02
2.621995285153388977e-02
-4.086176678538322449e-02
7.611957937479019165e-02
-6.347252428531646729e-02
5.360282585024833679e-02
-5.369603633880615234e-02
-7.569096237421035767e-02
7.842990569770336151e-03
-8.990285918116569519e-03
2.048585750162601471e-02
2.284219255670905113e-03
6.161139812320470810e-03
-1.154977828264236450e-02
-4.704716056585311890e-02
4.196836799383163452e-02
2.914875280112028122e-03
-1.396476663649082184e-02
-3.601185977458953857e-02
4.507695510983467102e-02
-1.622655242681503296e-02
-6.678062677383422852e-02
-1.220408827066421509e-02
3.474029153585433960e-02
8.304173126816749573e-03
1.053658686578273773e-02
-1.550758536905050278e-02
-4.425036534667015076e-02
-2.393119223415851593e-02
5.762022361159324646e-02
6.068351678550243378e-03
2.482157386839389801e-02
8.039863407611846924e-02
1.698440499603748322e-02
-3.461461514234542847e-02
-5.047397222369909286e-03
1.001706272363662720e-01
-4.193957895040512085e-02
-7.859234511852264404e-02
4.315434023737907410e-02
2.269813232123851776e-02
6.670624017715454102e-02
5.700542777776718140e-02
1.124728284776210785e-02
-1.658741943538188934e-02
2.394213574007153511e-03
-3.835815936326980591e-02
2.102190814912319183e-02
-4.051303863525390625e-02
-9.994012862443923950e-02
3.101539798080921173e-02
-4.739589616656303406e-02
-1.044024806469678879e-02
3.098799847066402435e-02
5.364158004522323608e-02
-4.859148338437080383e-02
-2.571107819676399231e-02
4.672554135322570801e-02
-4.402631148695945740e-02
-1.512167137116193771e-02
1.006204285658895969e-03
-9.172247350215911865e-02
3.709372878074645996e-02
2.160216122865676880e-02
-4.004723578691482544e-02
2.727618440985679626e-02
-3.524241223931312561e-02
-1.109355501830577850e-02
-1.519057899713516235e-02
-7.944390922784805298e-02
-3.773045912384986877e-02
-1.520971860736608505e-02
-1.788412593305110931e-02
-3.573517128825187683e-02
-7.619109749794006348e-02
-1.643758453428745270e-02
-2.548802085220813751e-02
-7.217594888061285019e-03
-7.095541805028915405e-02
-8.029907941818237305e-02
4.674302041530609131e-02
5.834066309034824371e-03
4.615158215165138245e-02
-7.119780778884887695e-02
-3.361979126930236816e-02
5.920594558119773865e-02
1.598617993295192719e-02
-2.358050458133220673e-02
-3.252584487199783325e-02
1.053755637258291245e-02
-4.604116082191467285e-02
4.566263407468795776e-02
-2.908760309219360352e-02
-4.867878183722496033e-02
-2.884485572576522827e-02
2.331466786563396454e-02
-1.035229116678237915e-02
7.111872546374797821e-04
-2.475719340145587921e-02
5.839892476797103882e-02
4.339179024100303650e-02
6.847861688584089279e-03
-7.219634950160980225e-02
-5.708893761038780212e-02
2.742774412035942078e-02
-1.200358732603490353e-03
-7.860567420721054077e-02
-1.670618192292749882e-03
-5.316962674260139465e-02
-9.228889644145965576e-02
1.819599047303199768e-02
2.301579574123024940e-03
-1.196416839957237244e-01
-3.988975659012794495e-02
1.846174336969852448e-02
5.175882950425148010e-03
-1.501221768558025360e-02
5.862046033143997192e-02
-9.111320599913597107e-03
-3.877047821879386902e-02
4.156280681490898132e-02
-4.106112569570541382e-02
1.394744869321584702e-02
-1.059219241142272949e-02
-6.888355128467082977e-04
-2.476744912564754486e-02
-5.907082557678222656e-02
2.602946385741233826e-02
6.648669391870498657e-02
-3.699369356036186218e-02
-2.149017713963985443e-02
-5.146007239818572998e-02
5.411979928612709045e-02
8.668127655982971191e-02
-2.511667832732200623e-02
-3.282499033957719803e-03
7.315081357955932617e-02
-7.973837107419967651e-02
1.460927538573741913e-02
6.118578463792800903e-02
1.457670051604509354e-02
-4.047074168920516968e-02
-5.668544024229049683e-02
2.594526670873165131e-02
-3.142051026225090027e-02
2.854523807764053345e-02
4.396666213870048523e-02
8.148019202053546906e-03
-6.244052574038505554e-02
9.646581113338470459e-02
1.242827996611595154e-02
-7.790832221508026123e-02
-6.523812562227249146e-02
1.903715543448925018e-02
-1.802356727421283722e-02
-8.330529183149337769e-02
-4.297678917646408081e-02
-5.847403407096862793e-02
2.083642967045307159e-02
2.170827239751815796e-02
4.370576888322830200e-02
5.471078213304281235e-03
1.892099902033805847e-02
-2.481603994965553284e-02
-2.023353055119514465e-02
9.871379472315311432e-03
7.714939117431640625e-02
-1.184006482362747192e-01
2.194139733910560608e-02
5.260508134961128235e-02
4.432709887623786926e-03
7.535395771265029907e-02
-1.217871624976396561e-02
2.652931772172451019e-02
7.258049398660659790e-02
3.092983737587928772e-02
-3.766513988375663757e-02
-1.879751682281494141e-02
-2.192556858062744141e-02
5.021548271179199219e-02
2.150746248662471771e-02
1.838083262555301189e-03
6.227179616689682007e-02
4.726820159703493118e-03
2.010925486683845520e-02
1.402487140148878098e-02
-3.798302030190825462e-03
-3.624464198946952820e-02
-8.039601147174835205e-03
-2.976874634623527527e-02
6.289629638195037842e-02
5.862433928996324539e-03
-9.758270345628261566e-03
-3.775752708315849304e-02
1.941705867648124695e-02
2.958036586642265320e-02
1.286765211261808872e-03
7.547757029533386230e-02
6.629198044538497925e-02
1.870051957666873932e-02
-2.105371840298175812e-02
-2.926865778863430023e-02
-6.619882583618164062e-02
8.811920136213302612e-02
7.434177398681640625e-02
3.434062935411930084e-03
5.274104699492454529e-02
2.167164534330368042e-02
2.690093033015727997e-02
-7.961357384920120239e-02
-5.233782809227705002e-03
2.699840255081653595e-02
8.342078328132629395e-02
9.323754161596298218e-02
7.382364012300968170e-03
-2.563039213418960571e-02
-1.551169902086257935e-02
2.731083333492279053e-02
4.153388086706399918e-03
-5.723181739449501038e-02
-2.225100249052047729e-02
1.281641703099012375e-02
1.582707092165946960e-02
-5.526422336697578430e-02
-8.662875741720199585e-03
-6.667754147201776505e-03
-1.348534412682056427e-02
-2.977801114320755005e-02
2.838695794343948364e-02
-2.679103752598166466e-03
-9.343713172711431980e-04
1.282433513551950455e-02
-8.685652166604995728e-02
1.880679652094841003e-02
-6.401894241571426392e-02
5.515320226550102234e-02
-4.698795825242996216e-02
-7.291234098374843597e-03
-4.157908260822296143e-02
-2.052796445786952972e-02
-5.964054539799690247e-02
5.518347956240177155e-03
2.218584530055522919e-02
5.073506012558937073e-02
6.775691360235214233e-02
-6.111727561801671982e-03
-8.519847691059112549e-02
-6.439261883497238159e-02
3.895343095064163208e-02
4.664379637688398361e-03
-7.769602537155151367e-02
-3.667785972356796265e-02
-4.465868696570396423e-02
2.260265499353408813e-02
3.630813583731651306e-02
-6.336930394172668457e-02
-7.543486542999744415e-03
-2.514266595244407654e-02
-4.770743474364280701e-02
8.112644404172897339e-02
-5.307298153638839722e-02
2.886894531548023224e-02
-4.177511483430862427e-02
3.281269595026969910e-02
-4.853063076734542847e-02
4.668625071644783020e-03
-1.518099755048751831e-02
-1.459105499088764191e-02
-6.835859268903732300e-02
3.445500880479812622e-02
-2.799743972718715668e-02
1.690535247325897217e-02
-3.086986392736434937e-02
-3.489442169666290283e-02
-1.128732971847057343e-02
5.573447421193122864e-02
2.916651312261819839e-03
5.369906872510910034e-02
2.263647690415382385e-02
-6.477984786033630371e-02
-2.619229257106781006e-02
1.815704442560672760e-02
3.053044900298118591e-02
-4.863743484020233154e-02
-1.997696608304977417e-02
1.593220047652721405e-02
-7.931733876466751099e-02
-1.719957403838634491e-02
5.691923666745424271e-03
1.306735165417194366e-02
-1.962943933904170990e-02
9.494091570377349854e-02
2.229277044534683228e-02
1.649717427790164948e-02
-5.952984467148780823e-02
5.427974276244640350e-03
-4.205675050616264343e-02
-3.502575680613517761e-03
3.004196472465991974e-02
3.984856978058815002e-02
-8.034043014049530029e-03
6.555610895156860352e-02
1.023451425135135651e-02
-3.616652218624949455e-03
-2.865247987210750580e-02
1.858008443377912045e-03
-1.126504782587289810e-02
1.947427354753017426e-02
3.972674906253814697e-02
-1.970639266073703766e-02
-2.783552557229995728e-02
-3.250667452812194824e-02
9.375373832881450653e-03
-5.259971600025892258e-03
-1.572550460696220398e-02
5.418530479073524475e-02
-4.560378193855285645e-02
-8.138839155435562134e-02
4.141554236412048340e-02
-1.617555692791938782e-02
-3.221778571605682373e-02
-6.689472589641809464e-03
1.347701437771320343e-02
-2.748644724488258362e-02
-2.782561630010604858e-02
-2.716107293963432312e-02
-5.251822876743972301e-04
2.152877114713191986e-02
-3.480664221569895744e-03
2.391062676906585693e-02
1.204663328826427460e-02
-1.919169723987579346e-02
-4.950455576181411743e-02
1.305365003645420074e-03
-1.338786352425813675e-02
-5.143110081553459167e-02
1.188159082084894180e-02
-1.655733957886695862e-02
-3.025986254215240479e-02
-1.258656103163957596e-02
-7.668755203485488892e-02
-5.514352023601531982e-02
-3.612637519836425781e-02
-2.342754416167736053e-02
-4.040120169520378113e-03
2.180834067985415459e-03
1.032031327486038208e-02
5.550476722419261932e-03
2.531004883348941803e-02
-2.983606606721878052e-02
9.767717868089675903e-02
-1.166173741221427917e-01
4.327461123466491699e-02
-6.478976458311080933e-02
-1.500299572944641113e-02
-4.453327506780624390e-02
-5.653574317693710327e-02
-4.290777072310447693e-02
7.041806355118751526e-03
2.236350439488887787e-02
-3.160795196890830994e-02
-2.175906486809253693e-02
-2.655672654509544373e-02
-6.884892284870147705e-02
-8.458112180233001709e-02
-1.138873491436243057e-02
-1.009712286759167910e-04
4.954342916607856750e-02
3.373947367072105408e-02
3.398542106151580811e-02
-4.618601500988006592e-02
-1.266591018065810204e-03
-1.709230430424213409e-02
4.444889351725578308e-02
-7.724657189100980759e-04
7.096385583281517029e-03
-1.341796666383743286e-02
-6.804913282394409180e-03
-2.425822458462789655e-04
1.573785766959190369e-02
-2.193673141300678253e-02
3.800604026764631271e-03
-2.650202997028827667e-02
-5.018280446529388428e-02
3.811442106962203979e-02
-3.799113619606941938e-04
-6.193055585026741028e-02
1.264783181250095367e-02
-3.197715803980827332e-02
1.913896948099136353e-02
-1.185991335660219193e-02
-5.443792045116424561e-02
-4.896897822618484497e-02
8.816064335405826569e-03
5.796100571751594543e-02
-8.567597717046737671e-03
9.332797490060329437e-03
2.403805265203118324e-03
-3.965845389757305384e-04
1.825322397053241730e-02
3.049728460609912872e-03
2.652097679674625397e-02
3.002580814063549042e-02
-3.863180801272392273e-02
-2.159503661096096039e-02
6.884150207042694092e-02
-5.798999220132827759e-03
-4.683905094861984253e-02
2.530689351260662079e-02
-4.544376581907272339e-02
2.987959608435630798e-02
-8.691567927598953247e-03
4.415710642933845520e-02
7.125408202409744263e-02
2.920669503509998322e-02
7.861009985208511353e-02
3.167739138007164001e-02
2.273097820580005646e-02
-4.976197704672813416e-02
-7.334761321544647217e-02
-1.233830004930496216e-01
4.509877413511276245e-02
-3.558552637696266174e-02
-5.478314589709043503e-03
8.517521619796752930e-02
6.080353632569313049e-03
-3.019567392766475677e-02
3.012501075863838196e-02
-1.447992119938135147e-02
6.110110785812139511e-03
1.308459043502807617e-02
1.051154453307390213e-02
7.711597532033920288e-02
-4.133008047938346863e-02
-3.205319494009017944e-02
7.826254516839981079e-02
3.359132632613182068e-02
-3.182293474674224854e-02
3.763056593015789986e-03
-1.111427787691354752e-02
-3.674795851111412048e-02
-2.054974250495433807e-02
-6.113276258111000061e-02
6.575382500886917114e-02
4.211573861539363861e-03
2.344863489270210266e-02
2.314438857138156891e-02
-2.486817305907607079e-03
9.684042073786258698e-03
9.827101603150367737e-03
-3.383436426520347595e-02
-1.571963541209697723e-02
-8.562680333852767944e-03
1.415512990206480026e-02
1.989592565223574638e-03
-6.612636148929595947e-02
-5.611259117722511292e-02
-5.794822052121162415e-02
-1.749784685671329498e-03
2.126102522015571594e-02
6.483621150255203247e-02
5.839240923523902893e-02
-5.721912160515785217e-02
3.229991067200899124e-03
-8.855652064085006714e-03
7.706975098699331284e-03
2.649343945086002350e-02
3.733540698885917664e-02
6.100224331021308899e-03
6.317799538373947144e-02
4.350916296243667603e-02
-7.030585408210754395e-02
-3.714184090495109558e-02
-1.422596909105777740e-02
2.147401683032512665e-02
-2.253138832747936249e-02
-4.020927473902702332e-02
-3.947666659951210022e-02
-6.906907539814710617e-03
-5.305988714098930359e-02
-1.714498363435268402e-02
3.751635551452636719e-02
5.022956430912017822e-02
-3.968127444386482239e-02
5.344129726290702820e-02
5.366190150380134583e-02
1.740277744829654694e-02
-5.815606098622083664e-03
-1.592203043401241302e-02
4.356518760323524475e-02
-3.637052699923515320e-02
3.575715050101280212e-02
1.974986121058464050e-02
-4.162735305726528168e-03
-2.478823438286781311e-02
-4.622929915785789490e-02
1.449212711304426193e-02
7.765062153339385986e-02
2.421609591692686081e-03
-3.872982040047645569e-02
-4.371992498636245728e-02
-1.267663203179836273e-03
2.147047780454158783e-02
1.308568660169839859e-02
-7.909701205790042877e-03
9.593748487532138824e-03
2.483479864895343781e-02
-4.654426500201225281e-02
-1.269044168293476105e-02
6.165760383009910583e-02
-6.034988537430763245e-02
2.520764945074915886e-03
5.301768332719802856e-02
-2.869559079408645630e-02
-4.941705986857414246e-02
-1.041552331298589706e-02
-5.587660893797874451e-02
2.393086627125740051e-02
3.317746147513389587e-02
-2.667956240475177765e-02
3.880949458107352257e-03
-5.258951708674430847e-02
-6.399918347597122192e-02
-3.917137160897254944e-02
2.316095679998397827e-02
4.801344126462936401e-02
4.618982225656509399e-02
3.512171283364295959e-02
3.322685835883021355e-03
-6.108182482421398163e-03
1.800377853214740753e-02
7.662522047758102417e-02
4.154027625918388367e-02
2.834297018125653267e-03
-2.851525507867336273e-02
-2.458331175148487091e-02
4.514478892087936401e-02
-1.012500301003456116e-01
-1.434773392975330353e-02
-3.945953398942947388e-02
-6.753989029675722122e-03
-3.919586539268493652e-02
-4.280199937056750059e-04
2.751044370234012604e-02
-5.847150459885597229e-03
-5.864212661981582642e-02
1.571274735033512115e-02
-1.026472970843315125e-01
-1.421541813760995865e-02
-1.068568602204322815e-02
-1.603692583739757538e-02
1.113448408432304859e-03
2.746911160647869110e-02
-8.190245367586612701e-03
-9.951303713023662567e-03
5.616039782762527466e-02
8.905258961021900177e-03
2.700069732964038849e-02
-6.740075349807739258e-02
-5.121810361742973328e-02
3.876879438757896423e-02
2.278200164437294006e-02
-6.093057803809642792e-03
-3.785477578639984131e-02
2.866580709815025330e-02
5.723119154572486877e-02
2.490217424929141998e-02
-2.265771292150020599e-02
6.039263214915990829e-03
8.120173960924148560e-02
7.494549453258514404e-02
1.520728413015604019e-02
-2.112537249922752380e-02
1.243726629763841629e-02
1.913690567016601562e-02
-3.741287440061569214e-02
-4.171266779303550720e-02
-1.886704936623573303e-02
1.492034550756216049e-02
3.722177073359489441e-02
-1.958544738590717316e-02
-1.457461807876825333e-02
-2.135954052209854126e-02
3.055500239133834839e-02
1.217643171548843384e-02
3.330774605274200439e-02
-2.480688504874706268e-02
2.847595326602458954e-02
-6.693196948617696762e-03
3.001201897859573364e-02
-5.599404871463775635e-02
5.721614137291908264e-02
-3.651902079582214355e-02
-9.020123630762100220e-03
2.993145259097218513e-03
1.633994095027446747e-02
-1.234484463930130005e-02
1.650523766875267029e-02
5.080204084515571594e-02
-7.148645818233489990e-02
-1.034860871732234955e-02
2.637516148388385773e-02
3.865730389952659607e-02
2.255273610353469849e-02
-7.459388673305511475e-02
2.651909179985523224e-02
7.446619565598666668e-04
-1.522092707455158234e-02
6.923297885805368423e-03
-9.997434169054031372e-02
-1.665763370692729950e-02
-3.893176466226577759e-02
1.814248412847518921e-02
3.992698341608047485e-02
-9.790067374706268311e-02
5.154427513480186462e-02
7.970160222612321377e-04
7.976906001567840576e-02
-7.361786067485809326e-02
6.187976524233818054e-02
2.993293479084968567e-02
2.468607388436794281e-02
5.918759852647781372e-02
-9.873518720269203186e-03
-5.111741274595260620e-02
-1.103230286389589310e-02
-2.618460170924663544e-02
4.514924809336662292e-02
1.940352283418178558e-02
9.601523727178573608e-02
7.959992438554763794e-02
-1.153356023132801056e-02
-7.520754635334014893e-02
4.069663584232330322e-02
8.630900643765926361e-03
9.949547052383422852e-02
-1.538656838238239288e-02
2.898608334362506866e-02
4.424452036619186401e-02
9.343164972960948944e-03
1.471300516277551651e-02
-3.377762436866760254e-02
-1.244031079113483429e-02
-2.705623768270015717e-02
-8.353616297245025635e-02
-5.554462224245071411e-02
8.077158778905868530e-02
1.507622003555297852e-02
1.337438542395830154e-02
3.778917342424392700e-02
1.107888482511043549e-02
4.746310785412788391e-02
3.320446982979774475e-02
7.636948954313993454e-03
1.909141615033149719e-02
-6.321388483047485352e-02
-1.181733608245849609e-02
-1.278083212673664093e-02
2.545577101409435272e-02
4.602726548910140991e-02
-5.711055919528007507e-02
1.467213593423366547e-02
3.852623328566551208e-02
-7.868698984384536743e-02
-2.099910192191600800e-02
-2.070702053606510162e-02
-1.032485719770193100e-02
2.764453738927841187e-02
2.959124930202960968e-02
-4.409422352910041809e-02
-5.051439255475997925e-02
-2.573104016482830048e-02
2.415470406413078308e-02
4.636656120419502258e-02
7.527612894773483276e-02
-1.090355101041495800e-03
1.246593985706567764e-02
1.667239703238010406e-02
2.904571406543254852e-02
-7.854430936276912689e-03
-6.583881378173828125e-02
-7.128186523914337158e-02
1.690199598670005798e-02
-7.760712411254644394e-03
-1.206202432513237000e-01
-6.370878964662551880e-02
-2.653582487255334854e-03
1.058287546038627625e-02
9.209495969116687775e-03
-4.863857477903366089e-02
-7.338623050600290298e-03
8.154439739882946014e-03
1.528561860322952271e-02
-4.173048958182334900e-02
6.279035657644271851e-02
5.140603706240653992e-02
-3.518185764551162720e-02
-4.446604847908020020e-02
-1.379789505153894424e-02
2.960047870874404907e-02
-4.106596577912569046e-03
-1.558922603726387024e-02
2.215731889009475708e-02
-5.718695744872093201e-02
-1.283907424658536911e-02
-4.841610789299011230e-02
-6.279749423265457153e-02
2.521592006087303162e-02
3.264813870191574097e-02
2.403418999165296555e-03
-1.972811669111251831e-02
-2.806518226861953735e-02
4.590753465890884399e-02
-3.417973592877388000e-02
2.217451483011245728e-02
-9.199018590152263641e-03
2.750765904784202576e-02
2.540471591055393219e-02
-1.928207837045192719e-02
-1.329062785953283310e-02
6.922113150358200073e-02
