-7.114817202091217041e-02
3.036866895854473114e-02
5.684749037027359009e-02
-1.599362120032310486e-02
-9.485311806201934814e-03
-2.038814313709735870e-02
-3.768800199031829834e-02
-3.896646201610565186e-02
4.152749106287956238e-02
2.792580425739288330e-02
-7.049126550555229187e-03
3.858165815472602844e-02
-6.061902269721031189e-02
6.427918374538421631e-02
1.390837039798498154e-02
1.138954982161521912e-01
-5.662630498409271240e-02
-6.451434642076492310e-02
-3.821243345737457275e-02
9.191539138555526733e-04
5.159065872430801392e-02
3.914791345596313477e-02
2.493657916784286499e-02
-1.118881162256002426e-02
-6.257548928260803223e-03
7.394945621490478516e-02
7.622047513723373413e-02
-2.464361116290092468e-02
6.174507085233926773e-03
7.581470534205436707e-03
4.229355603456497192e-02
-1.610515825450420380e-02
-5.351012945175170898e-02
-8.232247829437255859e-02
2.534191124141216278e-02
-4.570557177066802979e-02
-3.805825114250183105e-02
2.752523124217987061e-02
-9.704883210361003876e-03
8.031481504440307617e-02
3.563566505908966064e-02
4.728097468614578247e-02
5.804858170449733734e-03
9.434714913368225098e-03
2.055905945599079132e-02
5.004584789276123047e-03
4.914326593279838562e-03
-2.115249633789062500e-02
-5.888274312019348145e-02
1.930127292871475220e-02
5.271224305033683777e-02
4.138293117284774780e-02
7.280747592449188232e-02
-3.487220034003257751e-02
7.470678538084030151e-04
3.116730786859989166e-02
-6.484334170818328857e-02
-4.121220856904983521e-02
3.141753375530242920e-02
-4.547785036265850067e-03
-7.345332950353622437e-02
-2.200567163527011871e-03
-1.555234566330909729e-02
-2.790763042867183685e-03
-5.966234952211380005e-02
1.903794892132282257e-02
-2.586930617690086365e-02
-3.322936594486236572e-02
-4.950420185923576355e-02
8.078689873218536377e-02
3.650383651256561279e-02
-2.471511438488960266e-02
1.227651536464691162e-02
-4.597765207290649414e-02
1.648193411529064178e-02
4.800677299499511719e-02
3.280805051326751709e-02
5.011119693517684937e-02
-3.391635417938232422e-02
3.191366791725158691e-02
-2.613011375069618225e-02
4.659739881753921509e-02
2.285296283662319183e-02
9.378512203693389893e-02
-4.382631927728652954e-02
5.575243756175041199e-02
1.766063272953033447e-03
2.561124600470066071e-02
9.201086126267910004e-03
3.360850363969802856e-02
1.006477177143096924e-01
6.730857491493225098e-02
2.306032367050647736e-02
-9.796702116727828979e-02
1.333074178546667099e-02
-1.781617850065231323e-02
5.818209797143936157e-02
-6.686267256736755371e-02
4.317738115787506104e-02
8.501903712749481201e-02
4.899919778108596802e-02
-4.478904604911804199e-02
-2.924604341387748718e-02
-4.807390645146369934e-02
-1.021068915724754333e-02
5.643962323665618896e-02
2.702864259481430054e-02
5.717583373188972473e-02
8.375346660614013672e-04
9.608795866370201111e-03
7.767064869403839111e-02
-8.312603086233139038e-02
-3.453974053263664246e-02
3.876432031393051147e-02
-2.835124544799327850e-02
7.693266123533248901e-02
3.981409594416618347e-02
7.956651970744132996e-03
2.031722851097583771e-02
-2.939531765878200531e-02
-7.841136306524276733e-03
-1.283845957368612289e-02
2.182659320533275604e-02
-5.663750693202018738e-03
-8.296268992125988007e-03
-2.800514921545982361e-03
-4.173855297267436981e-03
3.198662400245666504e-02
-5.051952227950096130e-02
-7.495747506618499756e-02
3.262359648942947388e-02
-3.844474256038665771e-02
-4.587763175368309021e-02
9.703950956463813782e-03
-5.154853314161300659e-02
1.082304194569587708e-01
-1.149143651127815247e-02
3.504138812422752380e-02
3.184812888503074646e-02
2.340047992765903473e-02
9.158213622868061066e-03
3.484652936458587646e-02
3.085488080978393555e-02
-1.788825727999210358e-02
5.698903277516365051e-02
6.939785555005073547e-03
4.385876283049583435e-02
8.685185015201568604e-02
-7.887326180934906006e-02
-2.026734687387943268e-02
1.860972493886947632e-02
-9.899031370878219604e-03
7.968232035636901855e-02
1.422897912561893463e-02
-8.340828120708465576e-03
-8.229610323905944824e-02
-1.182434801012277603e-02
-5.853655189275741577e-02
-4.190928488969802856e-02
1.060452684760093689e-02
1.991348806768655777e-03
1.319945510476827621e-02
3.818341763690114021e-03
-3.132272511720657349e-02
1.248233020305633545e-04
-4.388459771871566772e-02
8.760432712733745575e-03
1.636769808828830719e-02
-6.354279816150665283e-02
1.676379889249801636e-02
5.442523211240768433e-02
-3.162898495793342590e-02
4.368127137422561646e-02
-4.063925519585609436e-02
-1.129334606230258942e-02
-4.660511761903762817e-02
1.452982053160667419e-02
2.909568324685096741e-02
-3.808995708823204041e-03
8.540267497301101685e-02
-1.499789487570524216e-02
5.647296551614999771e-03
-1.187203451991081238e-03
-1.522986032068729401e-02
-5.370376631617546082e-03
-5.355205759406089783e-02
2.624902874231338501e-03
6.835863459855318069e-03
-4.342964291572570801e-02
5.148095637559890747e-02
1.305581629276275635e-02
-6.583480536937713623e-02
1.479059271514415741e-02
-6.410276144742965698e-02
4.034655541181564331e-02
2.072166837751865387e-02
-1.509340107440948486e-02
-1.650160178542137146e-03
3.128307312726974487e-02
3.678003326058387756e-02
-2.223674021661281586e-02
1.701324246823787689e-03
2.009415067732334137e-03
-1.424534432590007782e-02
-1.439667027443647385e-02
1.153470948338508606e-04
-8.816915750503540039e-02
9.215400367975234985e-02
6.631130352616310120e-03
-3.087342018261551857e-03
-1.281764917075634003e-02
7.849349826574325562e-02
5.926414579153060913e-02
7.726452313363552094e-04
5.601806566119194031e-02
1.737184636294841766e-02
3.673313185572624207e-03
-3.183667361736297607e-02
2.577610872685909271e-02
4.904004186391830444e-02
-5.285524576902389526e-02
5.409906059503555298e-02
4.549242556095123291e-02
-1.929745264351367950e-02
2.326205000281333923e-02
-4.939837753772735596e-02
6.062404438853263855e-02
-1.309456769376993179e-02
-6.435714662075042725e-03
6.463393568992614746e-02
9.521552920341491699e-02
-6.924277544021606445e-02
1.338071748614311218e-02
2.762269228696823120e-02
-1.643025316298007965e-02
1.555230468511581421e-02
7.442057132720947266e-02
-5.225311964750289917e-03
6.484280340373516083e-03
7.978478819131851196e-02
1.033481284976005554e-01
4.327555373311042786e-02
7.570108398795127869e-03
-1.826036348938941956e-02
-5.880416929721832275e-02
-4.899402335286140442e-02
-1.308058574795722961e-02
2.120181731879711151e-02
6.026861071586608887e-02
-7.364717870950698853e-02
8.629496209323406219e-03
-6.050093099474906921e-02
1.547242794185876846e-02
3.492293506860733032e-02
-4.282338172197341919e-02
-9.367089718580245972e-03
-4.850864037871360779e-02
6.371469795703887939e-02
-6.665290147066116333e-02
6.598769128322601318e-02
-4.783159494400024414e-02
4.623508825898170471e-02
2.776093035936355591e-02
-4.381104186177253723e-02
-1.886782422661781311e-02
8.158309385180473328e-03
8.265053853392601013e-03
-2.781172469258308411e-02
9.287177585065364838e-03
-2.038975059986114502e-02
5.138051137328147888e-02
6.405433267354965210e-02
2.415033988654613495e-02
-7.715563476085662842e-02
7.002748548984527588e-02
-3.269275277853012085e-02
-3.067008033394813538e-02
4.433274641633033752e-02
6.299602985382080078e-02
1.108805090188980103e-02
-5.290922522544860840e-02
-5.586184188723564148e-02
-3.567267209291458130e-02
3.844951465725898743e-02
1.638811826705932617e-02
-3.112231194972991943e-02
2.617407403886318207e-02
-8.905652910470962524e-03
-1.609817147254943848e-03
1.210230290889739990e-01
-9.047651663422584534e-03
-8.475807309150695801e-02
1.516202464699745178e-02
-4.371766373515129089e-02
5.588196218013763428e-03
3.455914556980133057e-02
-2.419201657176017761e-03
-6.634020805358886719e-02
1.117887161672115326e-02
1.501468382775783539e-02
-3.756627067923545837e-02
7.112368009984493256e-03
-4.149006679654121399e-03
-1.966731995344161987e-02
3.863504622131586075e-03
-1.274135243147611618e-02
-3.593700379133224487e-02
-4.021170735359191895e-02
3.533208370208740234e-02
4.091890528798103333e-02
5.587515980005264282e-02
-1.817171461880207062e-02
-8.463354408740997314e-02
-5.821900814771652222e-02
-5.129180103540420532e-02
-3.982476145029067993e-02
-1.280691754072904587e-02
8.069238066673278809e-02
-2.547517046332359314e-02
1.191571354866027832e-02
9.018012881278991699e-02
7.502557337284088135e-02
-9.638324379920959473e-03
2.313874289393424988e-02
-2.515632472932338715e-02
7.697825878858566284e-02
-1.614238694310188293e-02
1.000246871262788773e-02
9.634710848331451416e-03
-6.196229159832000732e-02
3.064977936446666718e-02
-2.845643088221549988e-03
5.309820920228958130e-02
-5.998847074806690216e-03
-4.318934679031372070e-02
-4.130988381803035736e-03
-1.879185810685157776e-02
7.567054126411676407e-03
3.228534013032913208e-02
-4.441034421324729919e-02
1.070100814104080200e-02
4.088605567812919617e-02
-2.500236406922340393e-02
3.652003593742847443e-03
-5.612641572952270508e-03
-2.001571841537952423e-02
-5.998371914029121399e-02
1.274519562721252441e-01
-2.156451344490051270e-03
4.018779098987579346e-02
-6.186249852180480957e-02
-3.897312656044960022e-02
4.607863724231719971e-02
-1.294510718435049057e-02
5.097530037164688110e-02
1.240510866045951843e-02
-6.289903819561004639e-02
-8.513370528817176819e-03
-9.239117614924907684e-03
3.094744682312011719e-02
-4.770825058221817017e-02
-1.747686043381690979e-02
-3.905973955988883972e-02
-6.413821130990982056e-03
-4.341676831245422363e-02
4.576759040355682373e-02
-2.433730661869049072e-02
-2.321734651923179626e-02
5.430475622415542603e-02
-4.569372907280921936e-02
-6.648157536983489990e-02
4.119329154491424561e-02
-5.445330217480659485e-02
-8.577451109886169434e-03
-2.284964174032211304e-02
-7.577740401029586792e-02
-9.637074545025825500e-03
4.162196815013885498e-02
5.272573232650756836e-02
-7.251714169979095459e-02
3.190506622195243835e-02
1.302665099501609802e-02
3.046736121177673340e-03
4.260654002428054810e-02
-3.188527747988700867e-02
-1.015397161245346069e-02
2.144481986761093140e-02
7.376970350742340088e-02
-8.423116803169250488e-02
2.116694487631320953e-02
-1.106109935790300369e-02
-7.273252308368682861e-02
1.352210156619548798e-02
2.046595700085163116e-02
-3.376632556319236755e-02
-6.061281263828277588e-02
4.624769836664199829e-02
-9.164052084088325500e-03
-3.028445877134799957e-03
2.821894362568855286e-03
-4.280801117420196533e-02
5.585305392742156982e-02
3.966576233506202698e-02
2.565052919089794159e-02
5.944403260946273804e-02
-5.617860704660415649e-03
2.674077451229095459e-02
2.009911648929119110e-02
7.264956831932067871e-03
-1.164680439978837967e-02
2.637620270252227783e-02
6.071316823363304138e-02
5.700624547898769379e-03
4.580957815051078796e-02
4.111093655228614807e-02
4.632199183106422424e-03
-4.940391704440116882e-02
1.683638803660869598e-02
3.531200438737869263e-02
8.698217570781707764e-02
1.370894908905029297e-02
1.257126871496438980e-02
-5.617253948003053665e-03
-4.913833364844322205e-02
-1.013583876192569733e-02
-3.942901641130447388e-02
4.235100001096725464e-03
-2.090335637331008911e-02
-7.578003406524658203e-02
4.819042980670928955e-03
-4.194841906428337097e-02
-4.100046306848526001e-02
1.154898200184106827e-02
-1.380312815308570862e-02
4.388523474335670471e-02
4.961568862199783325e-02
-5.935993418097496033e-02
-9.310243651270866394e-03
2.931577153503894806e-02
4.887052625417709351e-02
7.267428934574127197e-02
1.014731079339981079e-02
3.096716478466987610e-02
-3.518966957926750183e-02
9.513013064861297607e-03
-1.231475081294775009e-02
4.869960620999336243e-02
-3.553572297096252441e-02
3.483489155769348145e-02
4.717357456684112549e-02
6.153551489114761353e-02
-5.958642810583114624e-02
-8.512910455465316772e-03
-5.772837251424789429e-02
-6.761571764945983887e-02
-5.821534246206283569e-02
1.097252741456031799e-01
4.514204710721969604e-02
4.441694915294647217e-02
-1.818155869841575623e-03
-8.918519131839275360e-03
2.960048988461494446e-02
2.950729429721832275e-02
-3.209092468023300171e-02
1.717097684741020203e-02
1.014397945255041122e-02
2.371275983750820160e-02
3.695407882332801819e-02
-3.504414111375808716e-03
-5.421182885766029358e-02
-3.240295127034187317e-02
1.479717623442411423e-02
-5.276979506015777588e-02
-4.397800192236900330e-02
-7.869356125593185425e-02
-5.079558864235877991e-02
8.998434059321880341e-03
4.897885769605636597e-02
-1.455308683216571808e-02
-2.351468428969383240e-02
-1.259384909644722939e-03
-2.729457616806030273e-02
1.787634193897247314e-02
4.170810431241989136e-02
4.932515323162078857e-02
1.974784582853317261e-02
-6.441570818424224854e-02
3.338885679841041565e-02
3.249732404947280884e-02
-5.302798748016357422e-02
-4.662440717220306396e-02
-1.881066709756851196e-02
1.363032124936580658e-02
-8.489843457937240601e-04
4.282600432634353638e-02
-2.730171568691730499e-02
-4.751430824398994446e-03
-1.026781834661960602e-02
-5.462615936994552612e-02
4.510669410228729248e-02
-6.594277918338775635e-02
-3.794126212596893311e-02
-1.576150394976139069e-02
3.338146209716796875e-02
-6.488939374685287476e-02
2.260417491197586060e-02
-2.428288012742996216e-02
-2.817790489643812180e-03
-5.340471863746643066e-02
-5.546399205923080444e-02
8.075152337551116943e-02
1.972978748381137848e-02
4.106074944138526917e-02
-9.157733991742134094e-03
2.178266271948814392e-02
-1.142738480120897293e-02
-4.757346585392951965e-03
-8.190979063510894775e-02
-1.948117464780807495e-02
1.241783518344163895e-02
1.409267308190464973e-03
5.033148825168609619e-02
-1.238366588950157166e-03
-3.386186435818672180e-02
1.770472899079322815e-02
6.542617082595825195e-02
1.350031420588493347e-02
-5.648786202073097229e-03
6.118074432015419006e-02
-4.260459542274475098e-02
-3.904971107840538025e-02
3.230839967727661133e-02
3.823304921388626099e-02
3.916963562369346619e-02
4.189295321702957153e-02
-8.454085141420364380e-02
5.535352975130081177e-03
-9.921778738498687744e-02
-9.607966989278793335e-03
-4.213042557239532471e-03
2.825457602739334106e-03
1.727528497576713562e-02
-2.974692359566688538e-02
-2.375597879290580750e-02
4.822734743356704712e-03
3.133284300565719604e-02
2.258487045764923096e-02
-6.567046977579593658e-03
5.006856471300125122e-02
-6.582090631127357483e-03
-2.672592923045158386e-02
-7.325116544961929321e-03
2.466551959514617920e-02
-5.185035243630409241e-02
-2.546169608831405640e-02
9.478615596890449524e-03
-6.477273069322109222e-03
-2.509218081831932068e-02
-4.139701649546623230e-02
-6.380351260304450989e-04
-3.462491929531097412e-02
-1.796915940940380096e-02
-2.256834506988525391e-02
1.994206011295318604e-02
-1.369032822549343109e-02
-2.029611542820930481e-02
4.583751410245895386e-02
7.774269580841064453e-02
-1.101810764521360397e-02
-4.420784115791320801e-02
-4.879839718341827393e-02
-3.012465313076972961e-03
1.500724907964468002e-02
-3.937799856066703796e-02
-1.237480528652667999e-02
-2.469241619110107422e-02
2.191366814076900482e-02
-2.826867625117301941e-03
-3.945383429527282715e-02
2.070156857371330261e-02
1.083747297525405884e-02
8.301684632897377014e-03
4.560173675417900085e-02
1.096256356686353683e-02
-6.682635098695755005e-02
-6.345033645629882812e-03
-1.077380105853080750e-01
6.766943633556365967e-02
5.261145532131195068e-03
4.527802765369415283e-02
-8.293452113866806030e-02
7.553598843514919281e-03
-4.257562104612588882e-03
-6.168050691485404968e-02
5.911155603826045990e-03
3.991133719682693481e-02
4.499731585383415222e-04
3.938625007867813110e-02
5.001233518123626709e-02
-4.308052361011505127e-02
6.195555254817008972e-02
2.372293919324874878e-02
-1.615027338266372681e-02
-1.675770804286003113e-02
-2.278715930879116058e-02
8.577015250921249390e-02
-8.624085225164890289e-03
-5.779468268156051636e-02
-3.858214616775512695e-02
-2.584759518504142761e-02
-4.729176871478557587e-03
-2.569148875772953033e-02
-3.342560678720474243e-02
-3.094319067895412445e-02
-5.310523882508277893e-02
5.592403933405876160e-02
-2.559508383274078369e-02
4.937409237027168274e-02
-9.113861620426177979e-02
1.748225092887878418e-02
1.815854944288730621e-02
1.214731298387050629e-02
-1.228989288210868835e-02
5.479678511619567871e-02
-1.182812638580799103e-02
2.482181414961814880e-03
-4.180546104907989502e-02
1.425931323319673538e-02
-3.566278144717216492e-02
-1.105691045522689819e-01
1.163223851472139359e-02
2.960852347314357758e-02
-1.597154140472412109e-02
9.960877895355224609e-02
-3.243695572018623352e-02
5.079484730958938599e-02
-9.561069309711456299e-04
7.826670259237289429e-02
4.662569612264633179e-03
-1.110008358955383301e-02
-5.437301099300384521e-02
-2.244828641414642334e-02
9.559360146522521973e-02
-1.956221275031566620e-02
5.160695407539606094e-03
-9.672885760664939880e-03
-2.014030516147613525e-02
-1.465164683759212494e-02
-1.738752052187919617e-02
-3.609079122543334961e-02
-6.034819036722183228e-02
-1.876147091388702393e-02
-2.567967958748340607e-02
-5.805864930152893066e-05
-3.569037467241287231e-02
3.257971955463290215e-03
-2.968800812959671021e-02
3.578935749828815460e-03
-2.688990160822868347e-02
-1.421134918928146362e-02
3.398666530847549438e-02
5.265378206968307495e-02
-2.080287784337997437e-02
4.442413151264190674e-02
-1.093270070850849152e-02
4.277852922677993774e-02
3.894800692796707153e-02
-5.962393060326576233e-02
-1.640356704592704773e-02
-4.805762693285942078e-02
7.323224097490310669e-02
-1.617245003581047058e-02
-4.271733015775680542e-02
-6.956946849822998047e-02
6.049370020627975464e-02
-1.098266243934631348e-01
3.231647610664367676e-02
7.945878803730010986e-02
-2.515338920056819916e-02
2.926674485206604004e-02
9.648002684116363525e-02
1.350234262645244598e-02
-6.350126117467880249e-02
1.157184131443500519e-02
-5.206116661429405212e-02
2.578321099281311035e-02
-1.058607399463653564e-01
6.803042441606521606e-02
-7.451660931110382080e-02
9.243672341108322144e-02
7.324479054659605026e-03
-3.161412477493286133e-02
-2.872190997004508972e-02
6.567852199077606201e-02
-2.544379793107509613e-02
-1.160702407360076904e-01
2.262376807630062103e-02
-2.128145471215248108e-02
-1.332290004938840866e-02
2.902704477310180664e-02
2.382851578295230865e-02
2.936766110360622406e-02
2.042474457994103432e-03
1.716029271483421326e-02
-4.135455936193466187e-02
9.952057152986526489e-03
-4.866338334977626801e-03
2.543155103921890259e-02
8.387863636016845703e-04
4.124704375863075256e-02
2.142845839262008667e-02
-2.008168771862983704e-02
-2.121432498097419739e-02
-5.578040331602096558e-02
-3.129319101572036743e-02
6.213646382093429565e-02
-2.947912551462650299e-03
-6.290844082832336426e-02
6.024997308850288391e-02
1.655844785273075104e-02
6.492318212985992432e-02
3.790970891714096069e-02
9.055973961949348450e-03
-3.057166188955307007e-02
-1.647760719060897827e-02
2.542402222752571106e-02
-4.757199063897132874e-02
-1.947711221873760223e-02
-3.939945623278617859e-02
-2.802285924553871155e-02
-1.024047434329986572e-01
4.428445547819137573e-02
2.513406798243522644e-02
2.405787631869316101e-02
-1.289559528231620789e-02
-5.656053870916366577e-02
1.877544075250625610e-02
-1.437078043818473816e-02
2.154485695064067841e-02
-1.041997876018285751e-02
2.887306176126003265e-02
1.377985347062349319e-03
4.085837677121162415e-02
-1.900260522961616516e-02
1.781929098069667816e-02
-2.468967437744140625e-02
-4.555927589535713196e-02
1.337682176381349564e-02
-6.410358846187591553e-02
-2.175294049084186554e-02
1.792009733617305756e-02
5.941877886652946472e-02
-2.532470971345901489e-02
2.693728916347026825e-02
-1.440765708684921265e-02
3.790772706270217896e-02
6.262689083814620972e-02
6.107829511165618896e-03
3.065504692494869232e-02
-4.811255633831024170e-02
-2.149288775399327278e-03
-2.695666253566741943e-02
1.964541152119636536e-02
-3.036361560225486755e-02
9.208694100379943848e-03
-3.513930737972259521e-02
8.273124694824218750e-04
6.734043359756469727e-02
2.255962416529655457e-02
9.678268432617187500e-02
2.824573218822479248e-02
8.531157672405242920e-02
2.733013033866882324e-02
-6.731598079204559326e-02
-1.674219779670238495e-02
-1.236977335065603256e-02
4.115126654505729675e-02
5.026453733444213867e-02
6.632529944181442261e-02
-3.416791558265686035e-02
-1.939916983246803284e-02
5.497688427567481995e-02
1.408239360898733139e-02
-9.705644845962524414e-02
1.209270954132080078e-02
1.105168927460908890e-02
4.264157265424728394e-02
-1.636051945388317108e-02
-7.968381047248840332e-02
-6.137410551309585571e-02
1.605947129428386688e-02
2.068008296191692352e-02
-2.078948542475700378e-02
-3.094772621989250183e-02
5.635622143745422363e-02
-2.915807068347930908e-02
-3.987564239650964737e-03
3.956745378673076630e-03
1.844605244696140289e-02
-1.397725846618413925e-02
3.702745959162712097e-02
3.758985549211502075e-02
-4.636636748909950256e-02
4.668229073286056519e-02
-1.032274067401885986e-01
9.695867076516151428e-03
6.690402328968048096e-02
7.066335529088973999e-02
2.468589879572391510e-02
-1.194741763174533844e-02
7.110637426376342773e-02
6.074559316039085388e-02
-4.660899937152862549e-02
-4.992049932479858398e-02
-1.001219917088747025e-02
7.098605856299400330e-03
5.202864855527877808e-02
-9.682874195277690887e-03
2.166024595499038696e-02
1.374393142759799957e-02
-1.033042371273040771e-02
-7.048565894365310669e-02
1.895422860980033875e-02
-6.507867574691772461e-02
-1.040374394506216049e-02
5.124426446855068207e-03
-8.979085832834243774e-04
5.823868326842784882e-03
6.036703661084175110e-02
-3.245899081230163574e-02
-1.135763153433799744e-02
5.742232128977775574e-02
1.364984642714262009e-02
-4.613168165087699890e-02
4.714680835604667664e-03
1.183994412422180176e-01
-6.258556246757507324e-02
1.110303588211536407e-02
4.196129366755485535e-02
-1.368173211812973022e-02
-3.489110618829727173e-02
6.903388351202011108e-02
-2.146107889711856842e-02
-5.364675819873809814e-02
-1.605012454092502594e-03
1.505000423640012741e-02
-4.118805378675460815e-02
9.776332974433898926e-02
-7.422145456075668335e-02
6.063274294137954712e-02
-7.155339419841766357e-02
4.307459294795989990e-02
5.810019094496965408e-03
-9.443616494536399841e-03
-9.331827051937580109e-03
8.406284265220165253e-03
4.476395994424819946e-02
3.278508409857749939e-02
-4.726336151361465454e-02
-1.767240650951862335e-02
-3.885918855667114258e-02
-9.653909131884574890e-03
4.604122787714004517e-02
2.365632727742195129e-02
-9.004325605928897858e-03
-1.072188764810562134e-01
5.081068724393844604e-02
6.448329985141754150e-02
-2.152744308114051819e-02
-1.173157989978790283e-02
-5.642499309033155441e-03
-5.011589266359806061e-03
-2.891702950000762939e-02
-1.319135539233684540e-03
6.484763324260711670e-02
1.653311774134635925e-04
6.039606407284736633e-03
-5.476704239845275879e-02
5.007838830351829529e-02
9.971529245376586914e-03
-6.590135395526885986e-02
-1.980516314506530762e-02
4.915778338909149170e-02
2.207335829734802246e-02
-3.338485211133956909e-02
-2.996368892490863800e-02
-4.867895692586898804e-02
4.566601663827896118e-02
2.779081836342811584e-02
4.188396781682968140e-02
-1.538976654410362244e-02
-5.966112017631530762e-03
3.950314223766326904e-02
4.988591372966766357e-02
-7.346700876951217651e-02
-1.399657130241394043e-02
7.385817822068929672e-03
-3.023332357406616211e-02
1.902271062135696411e-02
-7.904073223471641541e-03
2.258580550551414490e-02
-4.219168052077293396e-02
-7.797352969646453857e-03
-2.937909681349992752e-03
-1.062226109206676483e-02
-1.831427216529846191e-04
2.190718054771423340e-02
-3.606400638818740845e-02
4.001703858375549316e-02
-6.361704319715499878e-02
3.972300887107849121e-02
-2.078867889940738678e-02
2.575042843818664551e-02
-6.701108533889055252e-03
1.791529357433319092e-04
3.133185952901840210e-02
-3.193238005042076111e-02
-2.759769558906555176e-03
1.376457279548048973e-03
3.447769582271575928e-02
-3.203327767550945282e-03
7.095378637313842773e-02
9.381669014692306519e-02
-7.299216091632843018e-02
4.223516583442687988e-02
-7.297894917428493500e-03
-5.428279563784599304e-02
-4.430821537971496582e-02
-1.326357014477252960e-02
-5.476471409201622009e-02
-2.688512764871120453e-02
-4.800342023372650146e-02
-9.965646266937255859e-02
4.036427661776542664e-02
3.042921796441078186e-02
-2.975809201598167419e-02
5.329266190528869629e-02
3.368978574872016907e-02
-1.430679671466350555e-02
3.496233373880386353e-02
-6.048529595136642456e-02
-4.255547374486923218e-02
-3.846096806228160858e-04
1.928095147013664246e-02
6.802565418183803558e-03
-8.236017078161239624e-03
-1.360910385847091675e-02
2.720790915191173553e-02
-1.205594316124916077e-01
-2.815544605255126953e-02
1.731497794389724731e-02
2.911701053380966187e-02
-2.615890093147754669e-02
-1.200187951326370239e-03
-1.699388958513736725e-03
-3.107756935060024261e-02
1.123481243848800659e-02
-5.997180938720703125e-03
4.961419850587844849e-02
-7.135772705078125000e-02
-4.429128021001815796e-02
2.621496096253395081e-02
-3.775986284017562866e-02
1.199056161567568779e-03
1.443254668265581131e-02
-3.643440827727317810e-02
4.956350475549697876e-02
-6.008920073509216309e-02
4.892665147781372070e-02
-4.142744466662406921e-03
-2.162702009081840515e-02
-6.594331935048103333e-03
2.541675232350826263e-02
-6.107135862112045288e-02
6.437996774911880493e-02
-6.099333986639976501e-02
-6.338714808225631714e-02
3.341978043317794800e-02
8.671952784061431885e-02
-1.257287524640560150e-02
-2.232899516820907593e-02
4.528720863163471222e-03
6.701361387968063354e-02
-6.823404878377914429e-02
4.698685184121131897e-02
-3.385081514716148376e-02
-9.441718459129333496e-02
3.510751575231552124e-02
-3.009001724421977997e-03
-1.180033572018146515e-02
3.202161937952041626e-02
-1.372279971837997437e-02
-3.073789179325103760e-02
-6.904762983322143555e-02
1.815070211887359619e-02
-3.073166310787200928e-02
2.251297980546951294e-02
-3.384515643119812012e-02
-1.275892183184623718e-02
3.926740586757659912e-02
1.492913998663425446e-02
-2.370415255427360535e-02
-1.865030266344547272e-02
8.127447217702865601e-02
3.174664080142974854e-02
3.130673244595527649e-02
2.584481611847877502e-02
-1.439298316836357117e-02
-3.114022128283977509e-02
-1.834700256586074829e-02
4.569700732827186584e-02
-1.598179154098033905e-02
3.452992439270019531e-02
6.143661215901374817e-02
6.513833999633789062e-02
8.833413943648338318e-03
-3.048523329198360443e-03
-9.704162180423736572e-02
-5.776862148195505142e-03
-6.801718845963478088e-03
-5.984402447938919067e-02
2.455214224755764008e-02
-4.240654408931732178e-03
5.764668807387351990e-03
