7.810910698026418686e-03
-1.680679433047771454e-02
-3.185640275478363037e-02
-5.191995203495025635e-02
1.735768094658851624e-02
5.940485000610351562e-02
7.030194252729415894e-02
-3.332522511482238770e-02
-5.514708161354064941e-02
2.593845315277576447e-02
-2.332687191665172577e-02
9.450766257941722870e-03
1.841767877340316772e-02
-4.820217937231063843e-02
7.669561356306076050e-02
1.548339612782001495e-02
3.981582820415496826e-03
-1.154542202129960060e-03
1.495342701673507690e-02
2.579414844512939453e-02
-1.547542773187160492e-02
-5.136004090309143066e-02
-6.275640428066253662e-02
-7.163850963115692139e-02
5.983937904238700867e-02
2.811861969530582428e-02
-4.452107474207878113e-02
-6.004966050386428833e-02
7.447836920619010925e-03
9.252227842807769775e-02
-2.835621684789657593e-02
1.556616369634866714e-02
-1.378539111465215683e-02
5.817814916372299194e-02
1.152836531400680542e-02
5.890347436070442200e-02
-1.197647117078304291e-02
2.474209479987621307e-02
2.838241495192050934e-02
3.225049003958702087e-02
4.032873362302780151e-02
2.751965634524822235e-02
-1.448279339820146561e-02
-3.018548339605331421e-02
5.313370004296302795e-02
-3.093969076871871948e-02
-8.779151737689971924e-02
3.440886363387107849e-02
1.925787329673767090e-02
-4.217610880732536316e-02
1.723471656441688538e-02
2.864818787202239037e-03
-3.041392937302589417e-02
-2.945245057344436646e-02
-7.345611602067947388e-02
-6.137597188353538513e-02
4.041885258629918098e-04
-1.503506395965814590e-02
9.317830204963684082e-02
-2.258590050041675568e-02
-1.601754315197467804e-02
-3.815568238496780396e-02
3.721276007127016783e-04
5.690430290997028351e-03
-2.726575545966625214e-02
1.658355444669723511e-02
-1.224209088832139969e-02
2.297050133347511292e-02
2.898569032549858093e-02
5.868419259786605835e-02
1.625908352434635162e-02
-2.733406983315944672e-02
-6.860800087451934814e-02
9.990579448640346527e-03
6.920139491558074951e-02
4.752525687217712402e-02
4.227221384644508362e-02
-6.747738271951675415e-02
-3.704762458801269531e-02
-2.534256549552083015e-03
2.979831397533416748e-02
-1.569256302900612354e-03
-3.562872856855392456e-02
5.702855810523033142e-02
3.943093121051788330e-02
-1.388809364289045334e-02
-5.742053501307964325e-03
-2.659915573894977570e-02
3.477212041616439819e-02
3.209636732935905457e-02
-4.799418151378631592e-02
3.138225525617599487e-02
2.311951108276844025e-02
7.760200649499893188e-02
5.445217713713645935e-03
-2.670581266283988953e-02
-2.367043495178222656e-02
1.815272308886051178e-02
-6.136421859264373779e-02
-4.120681062340736389e-02
7.245426531881093979e-04
3.013663552701473236e-02
-2.904465980827808380e-02
-7.968571968376636505e-03
5.586266890168190002e-02
1.943788374774158001e-03
-2.491751499474048615e-02
-4.463209584355354309e-02
-3.877467662096023560e-02
5.233094468712806702e-02
8.247549645602703094e-03
-1.849743910133838654e-02
-4.924293607473373413e-02
2.992427907884120941e-02
5.495201423764228821e-02
-3.906402364373207092e-02
3.044730983674526215e-02
-4.511348903179168701e-02
1.327653322368860245e-02
3.304113820195198059e-02
-5.297741852700710297e-03
1.622867584228515625e-02
3.413342311978340149e-02
1.054704468697309494e-02
2.277554944157600403e-02
6.066700071096420288e-02
5.006704945117235184e-03
4.669801518321037292e-02
5.309531092643737793e-02
-3.063942492008209229e-02
3.661480173468589783e-02
1.064126100391149521e-02
3.229496255517005920e-02
-6.109589245170354843e-03
2.793384902179241180e-02
-2.078285254538059235e-02
-2.848226949572563171e-02
-1.114896871149539948e-02
-4.845084995031356812e-02
-6.312439683824777603e-03
4.225831106305122375e-02
-6.620402634143829346e-02
6.192992441356182098e-04
2.589586377143859863e-02
-1.236099377274513245e-02
9.106498956680297852e-02
-2.183834835886955261e-02
4.855248704552650452e-02
-1.470442954450845718e-02
1.510700769722461700e-02
-1.477109640836715698e-02
-7.581624668091535568e-03
-3.027841681614518166e-03
3.107783198356628418e-02
-8.058786392211914062e-02
-4.140984732657670975e-03
-4.897205159068107605e-02
2.239540405571460724e-02
-3.498818352818489075e-02
-1.614787429571151733e-02
5.605665501207113266e-03
4.829894751310348511e-02
-7.811969518661499023e-02
3.006569296121597290e-02
1.373740285634994507e-02
3.041868284344673157e-02
-2.743038535118103027e-02
-1.879889331758022308e-02
5.150450021028518677e-02
9.268490225076675415e-02
-4.126968234777450562e-02
4.209567978978157043e-02
5.338646098971366882e-02
-2.289213612675666809e-02
3.639623522758483887e-02
-2.148802950978279114e-02
1.380821038037538528e-02
-7.289967965334653854e-03
2.186447754502296448e-02
-4.267831891775131226e-02
4.156162217259407043e-02
2.570582088083028793e-03
4.082258790731430054e-02
7.799763232469558716e-03
-6.194973364472389221e-02
-4.972955584526062012e-02
-1.457846909761428833e-02
1.673349551856517792e-02
1.180397998541593552e-02
4.011647775769233704e-02
-2.665696106851100922e-02
-6.743187084794044495e-03
-2.949838712811470032e-02
4.820010066032409668e-02
3.735471051186323166e-03
-2.232907339930534363e-02
2.916559949517250061e-02
-4.056852683424949646e-02
-2.613134123384952545e-02
-4.207212477922439575e-02
-3.292199224233627319e-02
-1.476530358195304871e-02
1.598340645432472229e-02
-5.862432718276977539e-02
8.659137529321014881e-04
1.300253998488187790e-02
-3.208496049046516418e-02
-5.335263907909393311e-02
6.150732189416885376e-02
-5.129722878336906433e-03
-3.798452019691467285e-02
1.917248126119375229e-03
4.370651207864284515e-03
-1.497822068631649017e-02
-2.014902606606483459e-02
4.025455564260482788e-02
-5.408598855137825012e-02
-3.866431489586830139e-02
-1.245362218469381332e-02
2.230652794241905212e-02
2.223534882068634033e-02
-6.156463548541069031e-02
-3.471908345818519592e-02
5.205776542425155640e-03
-6.336870789527893066e-02
1.015306785702705383e-01
7.466608285903930664e-02
-1.491998555138707161e-03
2.292433520779013634e-03
7.031804323196411133e-02
-1.569329388439655304e-02
-9.787918999791145325e-03
-8.207535371184349060e-03
7.493447512388229370e-03
-6.805747747421264648e-02
-2.321095904335379601e-03
3.371663391590118408e-02
1.453838311135768890e-02
-3.411477431654930115e-02
-3.066745353862643242e-03
9.780698455870151520e-03
-4.542491864413022995e-03
6.684905290603637695e-02
4.764201119542121887e-02
5.738140642642974854e-02
8.430679328739643097e-03
2.254254929721355438e-02
2.064108615741133690e-03
-1.435932703316211700e-02
-3.637662529945373535e-02
2.522671828046441078e-03
8.289527148008346558e-02
1.171892229467630386e-02
7.692252099514007568e-02
3.752350434660911560e-02
-2.316295914351940155e-02
2.473103068768978119e-02
-4.399623721837997437e-02
-2.458210662007331848e-02
2.347529120743274689e-02
-6.420836597681045532e-02
-2.754468284547328949e-02
-4.327467083930969238e-02
-8.304314687848091125e-03
-5.538339726626873016e-03
-1.628036610782146454e-02
2.450414374470710754e-02
-1.010526418685913086e-01
-2.099999040365219116e-02
5.337837338447570801e-02
-6.141836941242218018e-02
-5.817971006035804749e-02
2.279846929013729095e-02
-5.004046484827995300e-02
-9.953496977686882019e-03
6.388004869222640991e-02
7.699403166770935059e-02
-4.129290580749511719e-02
-2.837233245372772217e-02
4.570382460951805115e-02
1.038755998015403748e-01
4.672804474830627441e-02
-3.837768454104661942e-03
1.149460487067699432e-02
1.187538728117942810e-02
3.562729805707931519e-02
-3.653705492615699768e-02
6.550550460815429688e-02
-9.278749115765094757e-03
1.291580591350793839e-02
6.411954760551452637e-02
3.225930035114288330e-02
5.844501405954360962e-02
-9.249075315892696381e-03
1.915280893445014954e-02
7.106699515134096146e-03
7.401678245514631271e-03
5.750681459903717041e-02
2.459510415792465210e-02
-5.025942623615264893e-02
-3.065827675163745880e-02
-1.158040016889572144e-02
5.791044235229492188e-02
-1.202374417334794998e-02
6.723471451550722122e-03
7.886444032192230225e-02
-3.919925540685653687e-02
1.004957873374223709e-02
-1.154311746358871460e-02
-4.694745875895023346e-03
8.117677643895149231e-03
7.408927194774150848e-04
4.765884205698966980e-02
-5.860432982444763184e-02
-2.665283903479576111e-02
2.039596065878868103e-02
-3.876610845327377319e-02
1.871008239686489105e-02
-2.956978604197502136e-02
-1.489834301173686981e-02
-5.004020058549940586e-04
7.623132318258285522e-03
-6.667426787316799164e-03
-2.479922957718372345e-02
-3.209042176604270935e-02
-3.475308418273925781e-02
1.802137866616249084e-02
1.754108071327209473e-02
-3.254454582929611206e-02
1.126886904239654541e-02
-3.292526584118604660e-03
1.514481566846370697e-02
-1.128511969000101089e-02
-1.529157906770706177e-02
-3.187658637762069702e-02
1.110421959310770035e-03
3.212308883666992188e-02
-3.557020332664251328e-03
2.309417165815830231e-02
2.916707098484039307e-02
9.933905676007270813e-03
-3.660447895526885986e-02
-2.246716618537902832e-02
2.567903883755207062e-02
3.242472186684608459e-02
-1.324770320206880569e-02
-3.615829348564147949e-02
4.387471079826354980e-02
2.605147473514080048e-02
-7.872848771512508392e-03
4.481274634599685669e-02
6.249755248427391052e-02
1.726895757019519806e-02
-3.338905051350593567e-02
8.138808608055114746e-02
-4.659193381667137146e-02
-4.247830808162689209e-02
1.234134100377559662e-02
1.691038534045219421e-02
-5.899980664253234863e-02
-3.155336156487464905e-02
-2.596846409142017365e-02
2.292880043387413025e-02
1.061304938048124313e-02
-7.642700336873531342e-03
5.749055184423923492e-03
1.683848537504673004e-02
5.514183267951011658e-02
-2.782594598829746246e-02
6.868940312415361404e-03
2.709805266931653023e-03
-2.840848825871944427e-02
-8.021038025617599487e-02
7.943944633007049561e-02
3.830848261713981628e-02
-6.144281849265098572e-02
8.494469523429870605e-02
6.837016344070434570e-02
-1.698647439479827881e-02
4.475196078419685364e-02
4.398214514367282391e-05
1.745741628110408783e-02
-3.716574236750602722e-02
6.654535979032516479e-02
4.287813603878021240e-02
3.150692209601402283e-02
2.712354622781276703e-02
-4.153410345315933228e-02
-5.097842589020729065e-02
1.967993751168251038e-02
-4.697121307253837585e-02
-2.006381377577781677e-02
3.731972724199295044e-02
2.879704721271991730e-02
-3.815332893282175064e-03
-4.072406888008117676e-02
6.048723310232162476e-02
1.185349654406309128e-03
2.081754431128501892e-02
6.285668816417455673e-03
-4.208621382713317871e-02
-1.025892049074172974e-02
-2.489508874714374542e-02
3.550173714756965637e-02
1.314566121436655521e-03
3.069120272994041443e-02
-6.891492754220962524e-02
1.418003533035516739e-02
-2.962741069495677948e-02
3.983466327190399170e-02
3.732783347368240356e-02
7.439523469656705856e-03
5.382966995239257812e-02
-1.880844356492161751e-03
2.073692344129085541e-02
-3.903473541140556335e-02
9.311657049693167210e-04
-6.366828829050064087e-02
5.188297852873802185e-02
-6.595203652977943420e-03
7.170264143496751785e-03
3.893104195594787598e-02
-3.328061476349830627e-02
-1.813735812902450562e-02
6.972096394747495651e-03
6.539983302354812622e-02
-7.484980672597885132e-02
-3.264692379161715508e-03
1.096999621950089931e-03
-1.810475252568721771e-02
-1.267465413548052311e-03
-4.295767098665237427e-02
-5.044034868478775024e-02
-7.470190525054931641e-02
3.750377148389816284e-02
1.933731138706207275e-02
-3.347828285768628120e-03
5.671894177794456482e-02
-3.177748993039131165e-02
2.399862743914127350e-02
7.518330216407775879e-02
1.110712811350822449e-02
-1.764729619026184082e-02
2.756304107606410980e-02
-4.584909602999687195e-02
9.517145901918411255e-02
1.202945248223841190e-03
3.380391374230384827e-02
-1.480969134718179703e-02
1.626735553145408630e-02
7.508531212806701660e-02
8.325651288032531738e-03
8.366798050701618195e-03
2.574501559138298035e-02
4.940845072269439697e-02
2.080354141071438789e-03
3.607123345136642456e-02
2.929491735994815826e-02
-9.339301846921443939e-03
-1.696643978357315063e-02
8.223725110292434692e-02
1.753755845129489899e-02
1.694113388657569885e-02
-2.131362631916999817e-02
5.048456601798534393e-03
2.395880222320556641e-02
1.572104915976524353e-02
7.218103855848312378e-02
-2.938448823988437653e-02
-3.074265457689762115e-02
5.018260702490806580e-02
4.512921720743179321e-02
2.962983585894107819e-02
2.410992793738842010e-02
6.533639039844274521e-03
2.553215250372886658e-02
6.155117601156234741e-02
-1.745851896703243256e-02
3.584246616810560226e-03
-7.694815285503864288e-03
6.319731473922729492e-02
2.192114479839801788e-02
-1.876887306571006775e-02
-8.348146826028823853e-02
-3.422258654609322548e-03
-7.189098745584487915e-02
-3.191114589571952820e-02
-2.916215918958187103e-02
1.179787795990705490e-02
-1.653045602142810822e-02
-7.810607552528381348e-02
-3.746179863810539246e-03
-1.433676946908235550e-02
4.843500629067420959e-02
-6.985260546207427979e-02
2.986996434628963470e-02
6.348288059234619141e-02
1.155014336109161377e-02
-8.614960312843322754e-02
-1.963995583355426788e-02
2.407565899193286896e-02
-5.228312686085700989e-02
7.865013182163238525e-02
-4.089632711838930845e-04
-1.193932630121707916e-02
3.883886709809303284e-02
3.536744415760040283e-02
8.443146198987960815e-02
-2.493844553828239441e-02
-6.631819996982812881e-03
6.328814476728439331e-02
2.348086051642894745e-02
-1.647262834012508392e-02
2.763394452631473541e-02
-3.933681175112724304e-02
5.076026916503906250e-02
4.631556570529937744e-03
9.135624766349792480e-02
-3.706006705760955811e-02
2.438644319772720337e-02
9.445504099130630493e-02
1.896973140537738800e-02
-2.310051815584301949e-03
1.692041195929050446e-02
-3.231871500611305237e-02
-2.055497467517852783e-02
4.748759418725967407e-02
2.254588901996612549e-02
-9.039479494094848633e-02
-1.878409087657928467e-02
-5.050842184573411942e-03
-2.920467965304851532e-02
6.547588855028152466e-02
2.684576250612735748e-02
6.198217160999774933e-03
-5.722027271986007690e-02
-6.894967705011367798e-02
3.289780393242835999e-02
-5.505422130227088928e-02
-1.771447993814945221e-02
-7.183688133955001831e-02
4.745656333398073912e-04
-3.443603217601776123e-02
-7.989064790308475494e-03
-5.313438922166824341e-02
5.042610573582351208e-04
-3.728375211358070374e-02
-5.615424830466508865e-03
-4.066857043653726578e-03
3.640612959861755371e-02
-3.583274409174919128e-02
5.546232685446739197e-03
-4.782527685165405273e-03
1.300968322902917862e-02
2.110731415450572968e-02
2.256622165441513062e-02
4.244092851877212524e-02
2.730725333094596863e-02
-3.200207278132438660e-02
-6.851025670766830444e-02
2.337507205083966255e-03
-9.223885834217071533e-03
7.385203987360000610e-02
1.126095373183488846e-02
-2.893401496112346649e-02
2.081666514277458191e-02
4.922696948051452637e-02
-6.296193599700927734e-02
-5.446873232722282410e-02
-5.595835298299789429e-02
-3.982055932283401489e-02
-2.169240964576601982e-03
1.753459312021732330e-02
8.892025798559188843e-03
-5.610900931060314178e-03
-5.160864070057868958e-02
3.777376934885978699e-02
-8.391756564378738403e-03
-3.919588401913642883e-03
-7.274083793163299561e-02
-1.398649066686630249e-02
-5.556712672114372253e-02
-1.768344640731811523e-02
-4.943185299634933472e-02
-4.503836482763290405e-02
7.651934865862131119e-04
-4.318229854106903076e-02
1.018358953297138214e-02
-1.299849804490804672e-02
2.128898398950695992e-03
3.040567226707935333e-02
-5.215458571910858154e-02
-2.448187442496418953e-03
3.132845833897590637e-02
5.566862225532531738e-02
-3.578740358352661133e-02
-9.188108146190643311e-03
1.219108421355485916e-02
-7.431293837726116180e-03
1.425963360816240311e-02
9.448866359889507294e-03
-4.573596175760030746e-03
-1.927110180258750916e-02
7.647205144166946411e-03
1.065124720335006714e-01
-4.027507454156875610e-02
3.400047123432159424e-02
1.693619787693023682e-02
-2.220029756426811218e-02
6.573446444235742092e-04
4.347888380289077759e-02
2.576181292533874512e-02
-3.583027049899101257e-02
-2.516777627170085907e-02
-5.282961949706077576e-02
-3.706076741218566895e-02
9.180454537272453308e-03
-4.664004594087600708e-02
1.235481351613998413e-02
1.925895921885967255e-02
6.114811822772026062e-02
-1.787451445125043392e-03
1.808299869298934937e-02
3.146661445498466492e-02
-6.335663492791354656e-04
5.893298983573913574e-02
-5.741332843899726868e-02
-8.501956611871719360e-02
6.467349827289581299e-02
2.138417586684226990e-02
-1.639786548912525177e-02
-2.508709207177162170e-02
-9.065211564302444458e-02
-4.045844823122024536e-02
1.161242276430130005e-02
4.115980491042137146e-02
-5.904326681047677994e-03
4.240364953875541687e-02
2.211859216913580894e-03
1.317124627530574799e-02
8.896262198686599731e-02
-2.605029195547103882e-02
7.563003152608871460e-02
-3.916950151324272156e-02
6.889499723911285400e-02
-2.399704977869987488e-02
-7.514444738626480103e-02
8.361379150301218033e-04
-8.502493798732757568e-02
9.652554988861083984e-03
-4.699764773249626160e-02
-6.600903719663619995e-02
-1.983996853232383728e-02
-5.137287452816963196e-02
-4.119269177317619324e-02
-7.507111132144927979e-02
-5.868131667375564575e-02
-4.571077297441661358e-04
4.580968618392944336e-02
-5.053931474685668945e-02
1.091995555907487869e-02
-2.552003972232341766e-02
-2.716799080371856689e-02
-1.039520464837551117e-02
-4.395108669996261597e-03
-6.593683734536170959e-03
-2.092107757925987244e-02
6.458575278520584106e-02
-4.135821945965290070e-03
1.156899239867925644e-02
-1.223708316683769226e-02
4.625275358557701111e-02
2.899845130741596222e-04
-2.387429773807525635e-02
-5.450159311294555664e-03
5.602462682873010635e-03
1.698594912886619568e-02
-6.858005654066801071e-03
-2.908613719046115875e-02
-4.426231607794761658e-02
1.384687144309282303e-02
-6.672173738479614258e-02
2.401287853717803955e-02
-3.235965967178344727e-02
1.267836242914199829e-02
-1.628256775438785553e-02
2.483418211340904236e-02
-5.115259438753128052e-02
-7.060518860816955566e-02
2.937235403805971146e-03
-1.203153189271688461e-02
3.903158009052276611e-02
2.487140521407127380e-02
-6.336134672164916992e-02
7.458318769931793213e-02
2.031930908560752869e-02
-4.687996953725814819e-02
-2.794679021462798119e-03
2.767500234767794609e-03
-1.270157191902399063e-02
-1.300505734980106354e-02
-3.412700816988945007e-02
-3.340825811028480530e-02
-3.865739703178405762e-02
-2.557018585503101349e-02
-4.416707158088684082e-02
-6.227488629519939423e-04
3.805037960410118103e-02
-1.748153381049633026e-02
-4.079846199601888657e-03
-4.556092992424964905e-02
-2.800807356834411621e-02
-4.525366052985191345e-02
-1.802654005587100983e-02
2.467127144336700439e-02
-5.066440626978874207e-02
-8.428277820348739624e-02
3.179746866226196289e-02
3.627466503530740738e-03
5.332031100988388062e-02
-7.580237928777933121e-03
1.831048168241977692e-02
-1.856998540461063385e-02
3.824157640337944031e-02
-7.183261215686798096e-03
-2.970811538398265839e-02
-4.759443178772926331e-02
-5.353073775768280029e-02
-3.866486996412277222e-02
4.388623056001961231e-04
1.650368981063365936e-02
-2.393301576375961304e-03
3.957815468311309814e-02
-7.503753900527954102e-02
-2.838213555514812469e-02
4.271437879651784897e-03
5.979587510228157043e-02
4.809746891260147095e-02
8.173822611570358276e-02
-1.053478382527828217e-02
4.403336718678474426e-02
6.663908064365386963e-02
-8.517929911613464355e-02
-2.596252597868442535e-02
-2.815271914005279541e-02
-1.174099184572696686e-02
2.736157737672328949e-02
-2.014799416065216064e-02
3.072969242930412292e-02
4.884530603885650635e-02
-5.514449998736381531e-02
3.629762679338455200e-02
-7.086595147848129272e-02
-2.626266330480575562e-02
1.128843519836664200e-02
7.999256998300552368e-02
2.088682353496551514e-02
1.550186611711978912e-02
-5.706688761711120605e-02
2.756288833916187286e-02
8.920811116695404053e-03
-9.136343002319335938e-02
-4.883946850895881653e-02
-3.068795800209045410e-02
-4.407413676381111145e-02
4.467493854463100433e-03
7.008724659681320190e-02
1.030932925641536713e-02
-2.948285639286041260e-02
-1.190280076116323471e-02
7.035699486732482910e-02
-4.436161741614341736e-02
-1.220102235674858093e-02
-2.392842993140220642e-02
-2.363064140081405640e-02
5.327029153704643250e-02
1.545449532568454742e-02
1.531832758337259293e-02
2.687389589846134186e-02
-1.499990932643413544e-02
-7.048449665307998657e-02
1.488305069506168365e-02
-2.958571724593639374e-02
-5.036707222461700439e-02
-4.414617642760276794e-02
4.110977426171302795e-02
6.965193152427673340e-02
-1.088335365056991577e-02
2.832055091857910156e-02
-4.231358692049980164e-02
-3.308813273906707764e-02
2.738046646118164062e-02
2.342261746525764465e-02
-9.490340203046798706e-02
-8.913328871130943298e-03
2.398044057190418243e-02
5.894675478339195251e-02
3.577428311109542847e-02
1.662338711321353912e-02
-5.326073616743087769e-02
-6.427434086799621582e-02
5.702752619981765747e-02
-2.287566103041172028e-02
3.082034364342689514e-02
2.963663451373577118e-02
-7.053040713071823120e-02
2.832731604576110840e-02
4.184861108660697937e-02
3.682138770818710327e-02
-1.488834526389837265e-02
-5.996756628155708313e-02
-5.037830211222171783e-03
2.528271451592445374e-02
-1.004976034164428711e-01
-8.603570610284805298e-02
-2.859997004270553589e-02
-3.815234825015068054e-02
-2.351359464228153229e-02
-2.271089516580104828e-02
-1.382964942604303360e-02
5.317676812410354614e-03
8.556714653968811035e-02
-2.571211010217666626e-02
-1.149517204612493515e-02
8.331161923706531525e-03
2.958173397928476334e-03
9.444669820368289948e-03
9.334792941808700562e-02
-3.747431188821792603e-02
-5.698848515748977661e-03
3.267476335167884827e-02
2.159957215189933777e-02
-4.236353561282157898e-02
-3.050724044442176819e-03
7.262276019901037216e-03
1.239201705902814865e-02
-8.592672646045684814e-03
-1.293807104229927063e-02
1.148835755884647369e-02
1.412313431501388550e-02
7.089052814990282059e-03
-6.599780172109603882e-02
2.755290130153298378e-03
2.946441434323787689e-02
-2.707812562584877014e-02
3.027533181011676788e-02
6.157735735177993774e-02
-4.940364882349967957e-02
1.777696050703525543e-02
-1.841170899569988251e-02
-2.267560176551342010e-02
-3.169081360101699829e-02
9.903723746538162231e-02
3.418471291661262512e-02
-2.590546011924743652e-02
6.814327836036682129e-02
1.664143241941928864e-02
2.616448327898979187e-02
9.062410332262516022e-03
3.218757361173629761e-02
8.327797986567020416e-03
-7.105759531259536743e-02
4.862388223409652710e-02
-2.807324565947055817e-02
-6.100295484066009521e-02
-3.079051151871681213e-02
3.186301514506340027e-02
-4.757248237729072571e-02
-5.963040515780448914e-02
3.054280206561088562e-02
3.883648198097944260e-03
2.525250799953937531e-02
-4.074156656861305237e-02
-1.880049146711826324e-02
-4.675308987498283386e-02
-1.898154243826866150e-02
-2.978509478271007538e-02
-3.634005039930343628e-02
-2.825009170919656754e-03
2.314675599336624146e-03
-9.078499861061573029e-03
-1.360838301479816437e-02
-3.066780604422092438e-02
4.113534465432167053e-03
1.432074606418609619e-02
-4.651842638850212097e-02
-1.847648434340953827e-02
-1.482677087187767029e-02
-4.073577374219894409e-02
4.079470783472061157e-02
-1.565024070441722870e-02
-1.538425590842962265e-02
6.901323795318603516e-02
5.608460307121276855e-02
3.897756338119506836e-02
3.909532353281974792e-02
-3.159671090543270111e-03
2.607585303485393524e-02
3.567113541066646576e-03
-2.545202709734439850e-02
3.899473929777741432e-03
1.532553415745496750e-02
-5.496988538652658463e-03
2.156006731092929840e-02
6.737152580171823502e-03
-3.104410599917173386e-03
3.663403447717428207e-03
3.294967487454414368e-02
8.393984287977218628e-03
-4.103790968656539917e-02
-6.577906664460897446e-03
5.535387899726629257e-03
6.313831545412540436e-04
-2.619927935302257538e-02
8.357907086610794067e-02
8.913011290132999420e-03
-5.464417114853858948e-02
-6.395288277417421341e-03
3.466375917196273804e-02
2.957812277600169182e-03
1.297474722377955914e-03
-6.019522249698638916e-02
2.314658835530281067e-02
3.873108699917793274e-02
-3.412000089883804321e-02
1.641132519580423832e-03
1.237506046891212463e-02
-7.735687773674726486e-03
6.479473412036895752e-02
2.621128922328352928e-03
-4.391926527023315430e-02
-2.667177934199571609e-03
5.995388329029083252e-02
1.313912030309438705e-02
1.959721930325031281e-02
-1.508409623056650162e-02
-9.110572189092636108e-02
4.994124174118041992e-02
-5.746784061193466187e-02
2.250266261398792267e-02
4.190346226096153259e-02
9.681943804025650024e-02
4.244375601410865784e-02
6.332808732986450195e-02
-2.320931106805801392e-02
-3.737564012408256531e-02
1.740600541234016418e-02
1.087279617786407471e-02
1.989475823938846588e-02
8.803858421742916107e-03
3.356284275650978088e-02
-5.970911681652069092e-02
1.557803433388471603e-02
8.210470527410507202e-02
-8.131749927997589111e-03
4.746061563491821289e-02
4.231152683496475220e-02
-1.030724868178367615e-02
-1.463846489787101746e-02
-3.550717374309897423e-03
3.832840826362371445e-03
-4.647626727819442749e-02
-8.233950287103652954e-02
-2.182034589350223541e-02
4.806417971849441528e-02
-8.706357330083847046e-03
3.555961698293685913e-02
2.867640741169452667e-02
1.936577074229717255e-02
4.382702335715293884e-02
2.952534938231110573e-03
-5.275212600827217102e-02
-1.522026956081390381e-02
2.771810628473758698e-02
-4.879137128591537476e-02
-3.976052999496459961e-02
5.050010606646537781e-02
-7.375594973564147949e-02
-6.948538869619369507e-02
-4.121940582990646362e-02
-4.451057687401771545e-02
6.138773262500762939e-02
-3.087901277467608452e-03
2.404572907835245132e-03
-2.449773810803890228e-02
-5.434434115886688232e-02
-3.584688156843185425e-02
-2.745190262794494629e-02
4.171101376414299011e-03
1.633523032069206238e-02
-4.092090576887130737e-02
2.626178041100502014e-02
1.559817790985107422e-02
3.313070163130760193e-02
-7.187029346823692322e-03
1.278477255254983902e-02
1.231131888926029205e-02
3.931583836674690247e-02
4.801013693213462830e-02
6.287480145692825317e-02
-3.533667698502540588e-02
-4.426711797714233398e-02
-4.376115277409553528e-02
-3.092069737613201141e-02
1.124328747391700745e-02
1.172245759516954422e-02
1.143216155469417572e-02
3.710418194532394409e-02
1.618630625307559967e-02
-5.611425265669822693e-03
-1.194882858544588089e-02
3.071404993534088135e-02
-2.460723556578159332e-02
-4.211937263607978821e-02
-6.015855818986892700e-03
-2.839820459485054016e-02
6.235300097614526749e-03
3.689064085483551025e-02
5.151719599962234497e-02
-5.801704246550798416e-03
2.399394288659095764e-02
-2.513497881591320038e-02
-7.204894721508026123e-02
6.436444818973541260e-03
