2.444791980087757111e-02
-4.079306498169898987e-02
2.078025974333286285e-02
-2.677895128726959229e-02
2.715308219194412231e-02
-2.017992548644542694e-02
-7.998310774564743042e-02
-1.507768128067255020e-02
-4.851928446441888809e-03
1.843337714672088623e-02
-2.393689379096031189e-02
-3.849152475595474243e-02
4.166484996676445007e-02
-2.923312224447727203e-02
2.812647819519042969e-02
-5.540576297789812088e-03
2.800691127777099609e-02
1.032757759094238281e-02
-3.759462386369705200e-02
-4.148620367050170898e-02
-6.520354002714157104e-02
-6.515517365187406540e-03
1.188823860138654709e-02
-3.045512735843658447e-02
-7.362657040357589722e-02
-7.151398342102766037e-03
-1.656617596745491028e-02
1.874249801039695740e-02
-5.336406081914901733e-02
4.859768226742744446e-02
-2.388726174831390381e-02
-5.012103915214538574e-02
-3.943934291601181030e-02
-3.918600454926490784e-02
-1.700367406010627747e-02
4.023386165499687195e-02
4.858679696917533875e-02
4.051011055707931519e-02
-5.722486600279808044e-02
-2.934716641902923584e-02
-1.151259522885084152e-02
2.392202802002429962e-02
9.224404580891132355e-03
3.773839026689529419e-02
-1.665196008980274200e-02
-1.488579530268907547e-02
-2.571975998580455780e-02
3.406216576695442200e-02
-4.344123415648937225e-03
-5.816088616847991943e-02
4.169082269072532654e-02
2.370312251150608063e-02
-9.444612264633178711e-02
-8.747734129428863525e-03
1.197832543402910233e-02
-9.623700380325317383e-02
2.326867543160915375e-02
3.877082467079162598e-02
6.559769064188003540e-02
-2.772788330912590027e-02
3.208361193537712097e-02
-1.910343579947948456e-02
7.979098707437515259e-03
-2.327366173267364502e-02
7.546023000031709671e-03
1.555946189910173416e-02
1.643095351755619049e-02
4.421040415763854980e-02
1.303381752222776413e-02
-5.759383365511894226e-02
2.782236225903034210e-02
-4.993444308638572693e-02
1.229801913723349571e-03
3.518448024988174438e-02
7.899569720029830933e-02
4.141784459352493286e-02
1.176194567233324051e-02
-4.644276946783065796e-02
2.149362862110137939e-02
-2.099218405783176422e-02
-1.259006094187498093e-02
-4.104990046471357346e-03
-3.351753577589988708e-02
3.192977607250213623e-02
8.444970101118087769e-02
-2.983534149825572968e-02
-6.183307245373725891e-02
1.610319502651691437e-02
4.665403813123703003e-02
-2.529626339673995972e-02
-1.685785315930843353e-02
3.447241708636283875e-02
1.909840293228626251e-02
-1.763752079568803310e-03
-2.206333354115486145e-02
-5.454875994473695755e-03
5.193225573748350143e-03
-6.021181866526603699e-02
7.161185145378112793e-02
4.151586443185806274e-02
4.040601104497909546e-02
-7.747728377580642700e-02
2.680878527462482452e-02
4.986800253391265869e-02
-2.689457498490810394e-02
-5.325755476951599121e-02
-5.037843063473701477e-02
-3.395628184080123901e-02
-4.188566282391548157e-02
-5.655673146247863770e-02
-1.635284721851348877e-02
-3.743762522935867310e-02
-1.216515619307756424e-02
3.206139430403709412e-02
8.135939016938209534e-03
-2.606139518320560455e-02
-3.988204896450042725e-02
-6.735176593065261841e-02
-3.997964784502983093e-02
6.501537561416625977e-02
-2.049690485000610352e-02
2.748930454254150391e-02
-1.673476025462150574e-02
2.407750301063060760e-02
-9.642503410577774048e-02
6.878759711980819702e-02
4.102300480008125305e-02
5.142708495259284973e-02
1.033808919601142406e-03
-7.854843139648437500e-02
-8.872809261083602905e-02
8.690283447504043579e-02
-3.796978667378425598e-02
-1.421350240707397461e-02
-6.443836539983749390e-02
-3.850837796926498413e-02
4.750453308224678040e-02
3.391525521874427795e-02
1.017872244119644165e-02
6.780763715505599976e-02
2.268596366047859192e-02
-2.942199073731899261e-02
1.017982326447963715e-02
9.569213725626468658e-03
-1.994389109313488007e-02
-3.263420984148979187e-02
4.380160477012395859e-03
-1.088782995939254761e-01
7.965607196092605591e-02
-6.168515607714653015e-02
-7.906227558851242065e-02
4.833573848009109497e-02
9.624481201171875000e-03
-8.988283225335180759e-04
-2.851465158164501190e-02
-5.609084665775299072e-02
-2.940106671303510666e-03
4.684130102396011353e-02
-3.533133491873741150e-02
-3.757910057902336121e-02
-1.689828932285308838e-02
5.255470052361488342e-02
2.083570137619972229e-02
1.485715992748737335e-02
-8.273334801197052002e-02
2.692908793687820435e-02
-1.252758409827947617e-02
-5.624395329505205154e-03
6.046029739081859589e-04
3.043288178741931915e-02
-2.693341113626956940e-02
-7.262674719095230103e-02
-3.172601014375686646e-02
-1.202033646404743195e-02
8.124816231429576874e-03
-6.175133399665355682e-03
-4.653186351060867310e-02
4.843307659029960632e-03
-2.389986068010330200e-02
5.982195213437080383e-02
4.373634979128837585e-02
3.529183939099311829e-02
-5.604873597621917725e-02
-8.967215195298194885e-03
-4.877809807658195496e-02
6.767490506172180176e-02
-4.794112592935562134e-02
3.479685634374618530e-02
6.549735367298126221e-02
3.227132931351661682e-02
9.324050694704055786e-02
6.011836975812911987e-02
-2.247044816613197327e-02
-2.991848066449165344e-02
3.139456361532211304e-02
-4.413219168782234192e-02
-2.806901745498180389e-02
-7.540267705917358398e-02
9.931555017828941345e-03
-1.467999536544084549e-02
-1.246652938425540924e-02
-2.846119925379753113e-02
9.433030150830745697e-03
2.483600191771984100e-02
1.440158113837242126e-02
-8.968913927674293518e-03
-2.574594225734472275e-03
-1.525439042598009109e-02
6.003675609827041626e-02
-3.720586653798818588e-03
1.726353168487548828e-02
-4.225243814289569855e-03
-4.641913995146751404e-02
-2.116157487034797668e-02
-2.030978165566921234e-02
-6.526234000921249390e-02
5.026805400848388672e-02
-7.424981798976659775e-03
-1.402576337568461895e-03
-1.721088308840990067e-03
6.260704714804887772e-03
9.774727746844291687e-03
-5.413515493273735046e-02
5.598669406026601791e-03
1.755875907838344574e-02
-9.392130188643932343e-03
-4.374755918979644775e-02
9.513491764664649963e-03
-7.131809834390878677e-03
-2.963350154459476471e-02
6.349468976259231567e-02
-7.779730111360549927e-02
5.813002586364746094e-02
-1.376700401306152344e-02
8.761345595121383667e-02
-1.645921170711517334e-02
-5.133963190019130707e-03
-2.811091579496860504e-02
1.030519604682922363e-03
6.888841744512319565e-03
5.610271543264389038e-02
1.779199205338954926e-02
1.647490821778774261e-02
2.022442407906055450e-02
3.934237733483314514e-02
-2.863485738635063171e-02
3.306254372000694275e-02
-2.179526723921298981e-03
-5.020221322774887085e-02
-1.698866672813892365e-02
-2.926161745563149452e-03
9.213097393512725830e-02
-3.068580524995923042e-03
1.020621508359909058e-02
4.566119983792304993e-02
1.988548599183559418e-02
-3.484295681118965149e-02
-8.719150908291339874e-03
2.842062525451183319e-02
-4.699519835412502289e-03
-3.126298263669013977e-02
-3.238979354500770569e-02
1.958017796277999878e-02
-9.175698459148406982e-02
-3.179942071437835693e-02
3.650575876235961914e-02
4.662824794650077820e-02
-5.221638455986976624e-02
-4.560028016567230225e-02
2.024363353848457336e-02
4.769092053174972534e-02
-5.679006222635507584e-03
5.810843408107757568e-02
-1.721153780817985535e-02
8.916432969272136688e-03
-4.729767516255378723e-02
-2.471889927983283997e-02
3.346313163638114929e-02
1.626421138644218445e-02
-4.469361621886491776e-03
-1.783931069076061249e-02
1.400398928672075272e-02
4.988360404968261719e-02
-2.837218157947063446e-02
-2.352161332964897156e-03
-1.605160906910896301e-02
-1.027804147452116013e-02
-6.716722995042800903e-02
-3.128906944766640663e-03
3.577884286642074585e-02
-5.959758535027503967e-02
-4.856371320784091949e-03
3.226733952760696411e-02
7.790560368448495865e-03
-4.005735274404287338e-03
-6.303524225950241089e-02
-2.918107435107231140e-02
3.040090575814247131e-02
2.271446958184242249e-02
-1.894717290997505188e-02
-5.278076231479644775e-02
6.043649837374687195e-02
2.474128454923629761e-02
-5.195000674575567245e-03
-6.135245040059089661e-02
5.267681181430816650e-02
4.107116255909204483e-04
6.725238263607025146e-02
-6.758211646229028702e-03
-2.294693514704704285e-02
-3.731744363903999329e-03
-6.597058475017547607e-02
6.713880598545074463e-02
2.154803369194269180e-03
-3.717353940010070801e-02
9.880571626126766205e-03
-2.404810488224029541e-02
-2.165691368281841278e-02
7.111003994941711426e-02
-5.340602248907089233e-02
-4.020273312926292419e-02
-4.712346196174621582e-02
1.478725951164960861e-02
-6.321302056312561035e-02
-5.587878450751304626e-02
-1.734227500855922699e-02
-2.190110646188259125e-02
5.325950682163238525e-02
-4.088759794831275940e-02
5.282773077487945557e-02
-1.177979260683059692e-02
-2.413848601281642914e-02
8.645500056445598602e-03
1.213141903281211853e-02
2.845769375562667847e-02
-4.299027845263481140e-02
4.942867159843444824e-02
-6.513458210974931717e-03
-2.247004210948944092e-02
-4.257079958915710449e-02
5.282673984766006470e-02
1.425691414624452591e-02
1.679263636469841003e-02
-1.676771603524684906e-02
1.252940855920314789e-02
6.010780576616525650e-03
-3.527623414993286133e-02
-1.024946290999650955e-02
-1.119439862668514252e-02
2.442020922899246216e-02
4.120069369673728943e-02
-3.307014703750610352e-04
-1.076139602810144424e-02
-1.588740758597850800e-02
1.903123222291469574e-02
-3.980133682489395142e-02
9.890670329332351685e-02
2.980621531605720520e-02
1.153265126049518585e-02
-4.307501390576362610e-02
-1.151358149945735931e-02
3.749806061387062073e-02
3.518747165799140930e-03
2.105847001075744629e-02
-4.632513038814067841e-03
6.008293479681015015e-02
3.748949093278497458e-04
-2.387631684541702271e-02
-9.906381601467728615e-04
5.617469176650047302e-02
-2.202164148911833763e-03
-6.365191936492919922e-02
4.090981092303991318e-03
1.565786451101303101e-02
5.726790428161621094e-02
-2.373425662517547607e-02
-3.378940001130104065e-02
7.452140003442764282e-02
3.638428449630737305e-02
-5.109044723212718964e-03
3.613573685288429260e-02
-5.541078001260757446e-02
1.644469425082206726e-02
1.570072397589683533e-02
4.673379287123680115e-02
-5.673345178365707397e-02
2.745066012721508741e-04
-2.447490580379962921e-02
-7.990419119596481323e-02
-4.255367442965507507e-02
-1.196793373674154282e-02
-1.160918269306421280e-02
4.509352520108222961e-02
-3.953989222645759583e-02
2.259796112775802612e-02
7.883641123771667480e-02
7.101007271558046341e-03
3.430363908410072327e-02
-5.531541537493467331e-03
-2.521289139986038208e-02
-1.217046286910772324e-02
-2.061876840889453888e-02
3.912366554141044617e-02
4.925407469272613525e-02
-2.499699592590332031e-02
4.425792023539543152e-03
3.584472462534904480e-02
-4.865308851003646851e-02
2.357641980051994324e-02
2.264282293617725372e-02
5.865633860230445862e-02
3.472021967172622681e-02
6.112684309482574463e-02
-1.600160636007785797e-02
-3.276381641626358032e-02
9.259294718503952026e-03
2.690515294671058655e-02
6.065053120255470276e-02
-7.832766277715563774e-04
-4.190770164132118225e-02
-2.892178483307361603e-02
2.430833503603935242e-02
6.888398434966802597e-03
2.019170485436916351e-02
-1.289271097630262375e-02
-7.255358621478080750e-03
2.975364960730075836e-02
8.830035105347633362e-03
-1.671201176941394806e-02
5.766974296420812607e-03
-2.561301738023757935e-02
2.096879482269287109e-02
-3.041497804224491119e-02
4.309743642807006836e-02
1.156572699546813965e-01
3.805381804704666138e-02
-1.493713818490505219e-02
-1.496188528835773468e-02
-2.348451688885688782e-02
2.791764773428440094e-02
3.396479040384292603e-02
-4.759844392538070679e-02
-2.073396928608417511e-02
-3.287085145711898804e-02
4.752866458147764206e-03
-1.446440815925598145e-03
-6.161117181181907654e-02
-1.732208766043186188e-02
-3.483558073639869690e-02
3.387142345309257507e-02
-3.085866011679172516e-02
-5.966385453939437866e-02
1.118451077491044998e-02
2.817787602543830872e-02
-2.235220372676849365e-02
1.332457992248237133e-03
5.870252847671508789e-03
-3.534314036369323730e-02
3.691688552498817444e-02
-2.200721204280853271e-02
4.295972734689712524e-02
1.937094517052173615e-02
-3.317422419786453247e-02
-1.282996498048305511e-02
-1.392171159386634827e-02
3.666855162009596825e-03
-4.498583450913429260e-02
3.576277568936347961e-02
1.803441718220710754e-02
-1.026767585426568985e-02
5.557674448937177658e-03
-2.152403257787227631e-02
-3.719592466950416565e-02
3.357024118304252625e-02
1.310500502586364746e-02
1.024888176470994949e-02
-3.682300448417663574e-02
4.340147599577903748e-02
-2.222351916134357452e-02
3.664504969492554665e-03
-9.923159144818782806e-03
2.628977969288825989e-02
-7.034222781658172607e-02
-1.983697339892387390e-02
1.406437810510396957e-02
4.090140387415885925e-02
4.781289026141166687e-03
-5.729846307076513767e-04
-1.003976166248321533e-02
1.279001706279814243e-03
4.940094798803329468e-02
-1.537411380559206009e-02
-4.827826842665672302e-02
-1.398366317152976990e-02
3.800620511174201965e-02
6.749401241540908813e-02
-1.992536149919033051e-02
-2.255808003246784210e-02
2.659398131072521210e-02
-2.704434096813201904e-02
1.202113647013902664e-02
2.586393989622592926e-02
3.772072866559028625e-02
-2.285725437104701996e-02
-2.815235964953899384e-02
-3.020245116204023361e-03
8.091557770967483521e-02
-5.988400429487228394e-03
2.932521142065525055e-02
-1.960705406963825226e-02
2.005825378000736237e-02
2.538845315575599670e-02
9.951204061508178711e-03
1.778747700154781342e-02
4.105754196643829346e-02
1.551366783678531647e-02
-2.062406577169895172e-02
2.310636267066001892e-02
-2.028932981193065643e-02
-1.191736944019794464e-02
4.071016609668731689e-02
4.841033369302749634e-03
-2.160928212106227875e-02
3.882873430848121643e-02
-1.037742197513580322e-02
7.190174423158168793e-03
-1.044538524001836777e-02
-2.209957456216216087e-03
-3.112296806648373604e-03
-2.885927259922027588e-02
3.570769215002655983e-03
9.134351275861263275e-03
1.111311316490173340e-01
-2.290651760995388031e-02
1.498919166624546051e-02
-5.018714349716901779e-03
-2.229673415422439575e-02
1.544914674013853073e-02
1.392302662134170532e-02
-1.235254574567079544e-02
5.409339815378189087e-02
1.983444439247250557e-03
-2.624098584055900574e-02
5.473050288856029510e-03
2.115688659250736237e-02
1.194840669631958008e-02
4.300284758210182190e-02
-3.799925092607736588e-03
1.285861898213624954e-02
3.642524033784866333e-02
-7.500475645065307617e-02
1.303397584706544876e-02
1.983098685741424561e-02
8.647179603576660156e-02
-1.435248367488384247e-02
2.312598051503300667e-03
2.037656120955944061e-02
-1.217758376151323318e-02
-2.330316230654716492e-02
4.944884404540061951e-02
-1.345027517527341843e-02
5.800307914614677429e-02
3.357473015785217285e-02
-9.995434433221817017e-03
-1.697163283824920654e-02
-3.795357048511505127e-02
4.409479722380638123e-02
-4.858617112040519714e-02
1.708198152482509613e-02
2.482652664184570312e-02
4.435367509722709656e-02
-1.117135677486658096e-02
-4.693400487303733826e-02
-5.468859896063804626e-02
1.632214896380901337e-02
-2.217934094369411469e-02
-1.969061093404889107e-03
-3.384183719754219055e-02
1.716871373355388641e-02
-2.242153696715831757e-02
-1.383747253566980362e-02
-1.692009530961513519e-02
-2.587802335619926453e-02
-2.041252329945564270e-02
9.120391914620995522e-04
-4.029483720660209656e-02
-8.944063633680343628e-02
2.252844162285327911e-02
4.448822140693664551e-02
-4.104905202984809875e-02
-6.832924485206604004e-02
-5.485726892948150635e-02
-7.104040589183568954e-03
3.304690867662429810e-02
5.432144552469253540e-02
-5.393633618950843811e-02
-3.670797450467944145e-03
1.105020381510257721e-02
1.050962582230567932e-01
-5.975453648716211319e-03
-2.823008224368095398e-02
-6.643604487180709839e-02
5.443937703967094421e-02
-8.422803133726119995e-02
5.035545676946640015e-02
-3.982608765363693237e-02
2.895610034465789795e-02
2.808244898915290833e-03
4.143416509032249451e-02
-1.948842965066432953e-02
6.809620652347803116e-03
1.719710417091846466e-02
4.985583201050758362e-02
-3.235007077455520630e-02
-4.739087447524070740e-02
8.009356446564197540e-03
-2.710469998419284821e-02
-1.059866044670343399e-02
-4.153968393802642822e-02
-6.020030379295349121e-02
-3.493587672710418701e-02
7.986253127455711365e-03
6.664837896823883057e-02
-1.281693577766418457e-03
-1.370019931346178055e-02
6.101489067077636719e-02
8.461548946797847748e-03
-1.148500107228755951e-02
-2.392540313303470612e-02
-9.180311113595962524e-03
5.635104328393936157e-02
5.927583575248718262e-02
-1.587725989520549774e-02
7.015309482812881470e-02
2.031675539910793304e-02
3.939183801412582397e-02
-9.478052705526351929e-02
2.377750817686319351e-03
1.076227203011512756e-01
6.866759504191577435e-04
-4.374990612268447876e-02
-7.086598128080368042e-02
-3.449640469625592232e-03
-2.443850040435791016e-02
1.088602375239133835e-02
-9.401183575391769409e-02
-5.214687064290046692e-02
-8.985497057437896729e-03
4.607402905821800232e-02
-3.987035900354385376e-02
2.202606014907360077e-02
-1.402649190276861191e-02
2.592588216066360474e-02
-6.753105204552412033e-03
2.543031610548496246e-02
-1.084824185818433762e-02
-1.878112554550170898e-02
3.179914876818656921e-02
1.117566227912902832e-02
2.838103659451007843e-02
-1.582122221589088440e-02
-4.110386129468679428e-03
5.209398642182350159e-02
-1.523231435567140579e-02
-2.523763477802276611e-02
-1.952212862670421600e-02
-2.472619712352752686e-02
1.195294409990310669e-02
-5.300479009747505188e-02
1.651125587522983551e-02
-1.579940505325794220e-02
-9.041251242160797119e-02
-1.109736878424882889e-02
3.707025200128555298e-02
3.757468611001968384e-02
-3.901878744363784790e-02
-4.094954580068588257e-03
4.840123280882835388e-02
-7.554203271865844727e-03
6.903020665049552917e-03
-4.606237635016441345e-02
-2.656641043722629547e-02
4.895997047424316406e-02
8.996689692139625549e-03
7.144193165004253387e-03
1.912162639200687408e-03
4.884794354438781738e-02
-2.589002437889575958e-02
1.225951034575700760e-02
2.728744223713874817e-02
1.322844345122575760e-02
5.031523108482360840e-02
7.194125093519687653e-03
-9.184548258781433105e-02
1.944384910166263580e-02
1.921584270894527435e-02
-4.752581566572189331e-02
-1.646132767200469971e-02
2.011177502572536469e-02
-3.517647460103034973e-02
1.977377571165561676e-03
-6.567006348632276058e-04
-6.010565534234046936e-02
-2.032536454498767853e-02
2.626895718276500702e-02
3.537628054618835449e-02
1.225921139121055603e-02
7.655504345893859863e-02
8.386532217264175415e-02
9.284076839685440063e-02
6.516151130199432373e-02
-2.436101622879505157e-02
-2.907047793269157410e-02
1.467509847134351730e-02
1.636244915425777435e-02
-3.252210095524787903e-03
-7.524626702070236206e-02
3.936873376369476318e-02
-3.384824842214584351e-02
-2.213023789227008820e-02
-4.536820575594902039e-02
-6.502246111631393433e-02
-9.445281699299812317e-03
-6.477876752614974976e-02
-5.857474729418754578e-02
5.635239183902740479e-02
-2.469724602997303009e-02
-5.730831250548362732e-02
1.776781119406223297e-02
8.744670078158378601e-03
5.379405245184898376e-02
1.090480666607618332e-02
-4.764017462730407715e-02
2.009351924061775208e-02
4.864245187491178513e-03
1.474898774176836014e-02
-2.462691254913806915e-02
-1.844261027872562408e-02
-8.272939175367355347e-02
-2.079736674204468727e-03
4.809954762458801270e-02
4.202786833047866821e-02
-2.263935841619968414e-02
5.548125132918357849e-02
8.011047728359699249e-03
6.364700943231582642e-02
9.739370085299015045e-03
1.710647903382778168e-02
-2.025070600211620331e-02
-4.959379509091377258e-02
-2.808431722223758698e-02
-5.647183861583471298e-03
2.547672949731349945e-02
-3.779351711273193359e-02
-4.454695060849189758e-02
-6.254549324512481689e-02
5.618398636579513550e-02
5.948402732610702515e-02
-5.583713762462139130e-03
1.479956414550542831e-02
4.734460264444351196e-02
-4.549431800842285156e-02
2.218172885477542877e-02
-1.156822219491004944e-02
-1.130270585417747498e-02
-2.927866019308567047e-02
6.229606270790100098e-02
4.448742419481277466e-02
2.262820862233638763e-02
8.614342659711837769e-02
1.986596547067165375e-02
6.346821784973144531e-03
-2.501579001545906067e-02
-2.902282401919364929e-02
-4.868528246879577637e-02
-3.524355217814445496e-02
2.799764834344387054e-02
-5.871317535638809204e-02
7.749706506729125977e-02
-3.031623084098100662e-03
-1.182965096086263657e-02
1.256788149476051331e-02
-1.397823914885520935e-02
-9.776742197573184967e-03
-6.030755490064620972e-02
-1.693086512386798859e-02
2.950447984039783478e-02
-2.948065660893917084e-02
-2.645915187895298004e-02
-6.535524129867553711e-02
5.487164109945297241e-02
-2.759270370006561279e-02
-4.424764961004257202e-02
-5.801585316658020020e-02
-6.652117520570755005e-02
-3.596821054816246033e-02
-1.600010320544242859e-02
-4.671910405158996582e-02
-2.310852333903312683e-02
-3.565090894699096680e-02
-2.972580306231975555e-02
3.941269218921661377e-02
-1.659554056823253632e-02
1.938912086188793182e-02
-9.974723309278488159e-02
5.466002970933914185e-02
-1.941376924514770508e-02
1.147971954196691513e-02
1.714238338172435760e-02
9.318682551383972168e-02
2.524481154978275299e-02
4.492371529340744019e-02
7.745872251689434052e-03
2.710261754691600800e-02
-2.232855558395385742e-02
-2.479587681591510773e-02
7.964250631630420685e-03
3.920786455273628235e-02
1.368707511574029922e-02
4.659780114889144897e-02
-7.656061206944286823e-04
-3.200930776074528694e-03
2.431099861860275269e-02
-9.718164801597595215e-03
1.357193384319543839e-02
-5.363021045923233032e-03
-6.179508566856384277e-02
-5.693054571747779846e-02
-6.880583614110946655e-02
-7.387185905827209353e-05
-2.709279954433441162e-02
-4.629910364747047424e-02
-3.026756225153803825e-03
2.499525435268878937e-02
6.263770628720521927e-03
5.583886057138442993e-03
2.715082839131355286e-02
2.825514413416385651e-02
-2.807259559631347656e-03
4.337315261363983154e-02
-2.267912589013576508e-02
-1.612411811947822571e-02
-6.483942270278930664e-04
-4.871349781751632690e-02
2.198626101016998291e-02
9.099714457988739014e-02
1.001000218093395233e-02
3.407267155125737190e-03
1.145788654685020447e-02
-1.575499959290027618e-02
-2.290855720639228821e-02
1.529581379145383835e-02
2.677970938384532928e-02
3.219178318977355957e-02
-9.765640832483768463e-03
-2.957761473953723907e-02
4.261031001806259155e-02
-3.899707272648811340e-02
8.003931725397706032e-04
8.723901584744453430e-03
2.087895059958100319e-03
3.479903936386108398e-02
-3.495569573715329170e-03
-3.682712092995643616e-02
2.139675058424472809e-02
-9.412838146090507507e-03
7.736086100339889526e-02
-4.713107272982597351e-02
-1.372613571584224701e-02
-1.260036230087280273e-02
3.303004801273345947e-02
1.523874141275882721e-02
1.075782328844070435e-01
6.273297220468521118e-02
6.457959860563278198e-02
-6.540043652057647705e-02
7.774771656841039658e-03
-4.061079025268554688e-02
6.023517251014709473e-02
2.185767330229282379e-02
-9.892198257148265839e-03
-1.415719185024499893e-02
-5.092691257596015930e-02
-6.090830639004707336e-02
-2.446819841861724854e-02
-3.953899070620536804e-02
2.754167420789599419e-03
3.271378576755523682e-02
5.025903694331645966e-03
2.760486304759979248e-02
1.235930528491735458e-02
6.490403413772583008e-02
3.692382574081420898e-02
5.913287028670310974e-02
-2.738797664642333984e-02
-3.454996331129223108e-04
9.978884831070899963e-03
2.045932039618492126e-02
-2.237320691347122192e-02
4.356498271226882935e-02
-2.268613502383232117e-02
5.678985267877578735e-02
-2.117035910487174988e-02
-1.062862947583198547e-02
3.059774637222290039e-02
-1.508718170225620270e-02
-3.330760821700096130e-02
2.773518115282058716e-02
1.088433898985385895e-02
1.845767535269260406e-02
4.713181778788566589e-02
1.317963749170303345e-02
-4.880446940660476685e-02
-2.142607606947422028e-02
1.945031690411269665e-03
1.668214052915573120e-02
3.694246755912899971e-03
-4.799870774149894714e-02
2.445976436138153076e-02
8.713603019714355469e-02
1.314790695905685425e-01
-1.658343680901452899e-04
-4.528423398733139038e-02
1.244246959686279297e-04
-1.669812574982643127e-02
5.062329769134521484e-02
-2.091723680496215820e-02
1.024971832521259785e-03
1.713804900646209717e-02
6.595718115568161011e-02
1.367794536054134369e-02
4.388448596000671387e-02
3.359748050570487976e-02
4.808104038238525391e-02
-3.544556722044944763e-02
5.707941600121557713e-04
-1.056343596428632736e-02
4.829020425677299500e-02
-1.605216227471828461e-02
-3.132721874862909317e-03
-6.947371363639831543e-02
2.144696190953254700e-02
-4.661298822611570358e-03
4.695931822061538696e-02
-1.300942036323249340e-03
-4.388329572975635529e-03
5.857935175299644470e-02
9.509718045592308044e-03
6.183493509888648987e-02
-1.858147559687495232e-03
4.727579280734062195e-02
-3.599694743752479553e-02
5.150822922587394714e-02
9.116122871637344360e-02
-5.949366372078657150e-03
-4.647862538695335388e-02
-6.777435541152954102e-02
-3.041650354862213135e-02
2.025275171035900712e-04
4.339391738176345825e-02
5.462238937616348267e-02
4.436111450195312500e-02
1.604156009852886200e-02
6.802763789892196655e-03
-6.898373365402221680e-02
-1.236575469374656677e-02
-4.626030568033456802e-03
-7.111028302460908890e-03
2.028260566294193268e-02
-4.433398693799972534e-02
6.656944006681442261e-02
-6.237715948373079300e-03
1.006652228534221649e-02
-6.360051035881042480e-02
5.106180533766746521e-02
3.994659334421157837e-02
1.579119451344013214e-02
1.065431744791567326e-03
-9.985166601836681366e-03
-6.927139125764369965e-03
-2.962063439190387726e-02
5.334949493408203125e-02
-2.059403620660305023e-02
-4.816768318414688110e-02
-6.584541499614715576e-02
-4.226511716842651367e-02
1.915041357278823853e-02
-9.056361019611358643e-02
-2.934098988771438599e-02
-2.192852273583412170e-02
-2.209913171827793121e-02
4.545251280069351196e-02
7.235911674797534943e-03
3.330127149820327759e-02
1.818052493035793304e-02
-3.930931910872459412e-02
2.156099118292331696e-02
5.516521260142326355e-02
2.240323461592197418e-03
-2.715281210839748383e-02
-1.418722234666347504e-02
2.095571346580982208e-02
1.405378803610801697e-02
8.390055038034915924e-03
-1.357177924364805222e-02
-4.338041413575410843e-03
-3.051351942121982574e-02
-3.436267003417015076e-02
-2.516518905758857727e-02
3.420152887701988220e-02
-8.831581217236816883e-04
-1.312406081706285477e-02
2.450465969741344452e-02
-2.399557083845138550e-02
-3.037364780902862549e-02
-4.916516691446304321e-02
-4.569017793983221054e-03
-2.503575012087821960e-02
-4.273570142686367035e-03
4.259581118822097778e-02
-4.967002314515411854e-04
-1.568177342414855957e-02
6.588342785835266113e-02
3.027379512786865234e-02
