-2.221545763313770294e-02
-1.573795080184936523e-02
1.535116042941808701e-02
-2.709406055510044098e-02
1.245169900357723236e-02
-1.599894464015960693e-02
-3.770841518417000771e-03
-1.143388170748949051e-02
6.080053281038999557e-03
-1.684926450252532959e-02
-5.403124541044235229e-02
-1.447601988911628723e-02
2.894536219537258148e-02
-4.636665433645248413e-02
9.823052212595939636e-03
-4.161488264799118042e-02
-8.850070834159851074e-02
-4.268801212310791016e-02
-6.636112183332443237e-02
1.973022706806659698e-02
4.403733089566230774e-02
1.584950648248195648e-02
-4.029898345470428467e-02
-3.123757056891918182e-02
-4.287794977426528931e-02
-1.485984865576028824e-02
2.048393711447715759e-03
2.946304902434349060e-02
-3.700733929872512817e-02
-3.154775500297546387e-02
5.827787145972251892e-02
-1.643250137567520142e-02
7.598961144685745239e-02
4.523875564336776733e-02
-7.698985282331705093e-03
3.191464021801948547e-02
2.148505486547946930e-02
-7.331924140453338623e-02
-5.115999653935432434e-02
-3.617409616708755493e-02
3.379745641723275185e-03
1.009503379464149475e-01
-4.600075259804725647e-02
1.089197099208831787e-01
-1.266395766288042068e-02
-4.204799607396125793e-02
4.077965021133422852e-02
9.520048648118972778e-02
1.084875897504389286e-03
4.619578272104263306e-02
2.842089347541332245e-02
2.377071604132652283e-02
1.035967282950878143e-02
7.196792960166931152e-02
-2.625527326017618179e-03
1.068873237818479538e-02
-3.857337310910224915e-02
-3.501664614304900169e-03
-4.616293311119079590e-02
-1.526252645999193192e-02
-2.960015647113323212e-02
2.411830984055995941e-02
-5.215211212635040283e-02
4.159147664904594421e-02
1.276012975722551346e-02
8.297848515212535858e-03
6.078516319394111633e-02
-4.306122660636901855e-02
-2.804764546453952789e-02
-2.948781009763479233e-03
3.169566392898559570e-02
-2.480193413794040680e-02
1.181520894169807434e-02
1.101159863173961639e-02
2.998713403940200806e-02
1.498485077172517776e-02
2.956900559365749359e-02
1.213204208761453629e-02
1.273567695170640945e-02
-1.792225986719131470e-02
-5.785724893212318420e-02
-3.083924297243356705e-03
6.375456601381301880e-02
-1.475193910300731659e-02
9.187824092805385590e-03
-3.162251040339469910e-02
-6.619770824909210205e-02
1.439034752547740936e-02
-2.764913626015186310e-02
-6.940961815416812897e-03
3.143546357750892639e-02
-6.851729750633239746e-02
3.120984509587287903e-02
8.777148276567459106e-02
-7.768948562443256378e-03
2.123811654746532440e-02
6.561443954706192017e-02
-3.773823007941246033e-02
9.636790305376052856e-02
3.152858838438987732e-02
-2.692684717476367950e-02
-1.560945902019739151e-02
-2.458536438643932343e-02
-3.607578575611114502e-02
1.902013272047042847e-02
2.124663628637790680e-02
-1.571982726454734802e-02
-1.817914471030235291e-02
-1.097727343440055847e-01
2.239805832505226135e-02
5.358707904815673828e-02
1.125860363245010376e-01
-3.979454562067985535e-02
-1.444429438561201096e-02
2.386643784120678902e-03
4.708648193627595901e-03
-1.501789502799510956e-02
-3.797858208417892456e-02
-9.852659422904253006e-04
3.684216411784291267e-03
4.113784432411193848e-02
3.487226366996765137e-02
-4.367147013545036316e-02
2.445248886942863464e-02
4.958831146359443665e-02
2.297891490161418915e-02
-6.557512283325195312e-02
-3.064103797078132629e-02
4.811693727970123291e-02
-2.741150744259357452e-02
1.892728731036186218e-02
1.196667458862066269e-02
4.162850603461265564e-02
-4.597776010632514954e-02
-2.278654137626290321e-03
-1.439234428107738495e-02
-4.002792760729789734e-02
-3.243663161993026733e-02
-2.298874035477638245e-02
-5.142735783010721207e-03
-3.843091800808906555e-02
8.387023210525512695e-02
1.207773014903068542e-02
-3.383949398994445801e-02
-3.279200941324234009e-02
-3.774748370051383972e-02
2.057273685932159424e-02
-3.479752689599990845e-02
3.068915754556655884e-02
1.016035377979278564e-01
-3.865010663866996765e-02
-4.351181164383888245e-02
-6.187534425407648087e-03
8.858069777488708496e-03
-1.800287142395973206e-02
-3.263732790946960449e-02
6.546737998723983765e-02
-3.044779412448406219e-02
-1.706430315971374512e-02
5.431786848930642009e-05
2.465911582112312317e-02
-3.096967563033103943e-02
2.094200812280178070e-02
6.499310582876205444e-02
5.459073930978775024e-02
-3.746850416064262390e-02
-2.501584216952323914e-02
-4.243844375014305115e-02
-4.612605273723602295e-02
4.261419177055358887e-02
-8.638554811477661133e-02
-8.326327800750732422e-02
-2.527672238647937775e-02
-5.296631157398223877e-02
-5.207436159253120422e-02
-5.720226839184761047e-02
3.302086144685745239e-02
-4.266759380698204041e-02
8.872631937265396118e-03
-2.354292571544647217e-02
2.716606296598911285e-02
-1.288395468145608902e-02
5.931769683957099915e-02
-3.725441545248031616e-02
1.529786270111799240e-02
2.225223183631896973e-02
3.387964889407157898e-02
6.137657165527343750e-02
4.942733794450759888e-03
-7.178173214197158813e-02
1.114867907017469406e-02
-1.615263521671295166e-02
5.042828992009162903e-02
1.130568981170654297e-02
5.564745515584945679e-02
4.922134056687355042e-02
-4.973745439201593399e-03
4.846598953008651733e-02
-2.282785251736640930e-02
5.813512206077575684e-02
9.225760400295257568e-02
1.997976936399936676e-02
-6.209009513258934021e-02
5.076205357909202576e-02
7.334542274475097656e-02
-8.299043774604797363e-02
-3.256987780332565308e-02
-1.683153212070465088e-02
-8.157073520123958588e-03
-8.964058011770248413e-02
1.191810588352382183e-04
1.105020521208643913e-03
-2.627492696046829224e-02
9.725495427846908569e-02
2.100459299981594086e-02
-4.979944322258234024e-03
3.986020013689994812e-02
1.354225073009729385e-02
2.851858548820018768e-02
-4.730609804391860962e-02
7.141190767288208008e-02
1.104128826409578323e-02
-5.623060092329978943e-02
1.505690068006515503e-02
3.342822939157485962e-02
6.327250972390174866e-03
-5.228481814265251160e-02
4.192390944808721542e-03
-2.211029827594757080e-02
-9.942486212821677327e-05
5.493972450494766235e-03
-5.289696529507637024e-02
1.141094230115413666e-02
2.022561989724636078e-02
-7.999951951205730438e-03
-6.162869930267333984e-02
-1.217376207932829857e-03
3.730671480298042297e-02
-8.760925382375717163e-02
-2.865802682936191559e-02
-2.144417352974414825e-02
-3.657136112451553345e-02
5.810422077775001526e-02
4.334312304854393005e-02
-4.408998042345046997e-02
-1.275978574994951487e-04
1.101602334529161453e-02
4.733102023601531982e-02
5.847418215125799179e-03
-9.293122589588165283e-02
-4.640403017401695251e-02
3.166205435991287231e-02
-3.381906077265739441e-02
-1.738909818232059479e-02
-7.115393877029418945e-02
5.606326460838317871e-02
-2.491270937025547028e-02
-4.209150746464729309e-02
1.549217291176319122e-02
2.106912247836589813e-02
1.025879010558128357e-01
5.551186949014663696e-02
4.359395056962966919e-02
-4.157474264502525330e-02
3.807210177183151245e-02
2.247037366032600403e-02
4.070053622126579285e-02
1.851317286491394043e-02
3.718791529536247253e-02
-7.414030376821756363e-03
2.533951215445995331e-02
-3.165621310472488403e-02
-1.007631234824657440e-02
-1.218323111534118652e-01
-7.762069255113601685e-02
-6.771664321422576904e-02
-3.007774613797664642e-02
-6.157761439681053162e-02
-1.288186293095350266e-02
2.467849524691700935e-03
4.705831035971641541e-02
1.966365799307823181e-02
-4.989355802536010742e-04
-1.474405732005834579e-02
-6.081013474613428116e-03
6.500122696161270142e-02
-3.162875771522521973e-02
5.783850327134132385e-02
-1.740988926030695438e-03
6.399540603160858154e-02
-6.294872611761093140e-02
4.496750235557556152e-02
-6.347633153200149536e-02
7.320072501897811890e-02
-2.683985792100429535e-02
-1.028718426823616028e-01
-2.872659638524055481e-02
8.963499567471444607e-04
-1.918632723391056061e-02
-1.782868988811969757e-03
2.893043216317892075e-03
8.267549797892570496e-03
5.462887510657310486e-02
4.046001657843589783e-02
-4.255043342709541321e-02
-1.944217085838317871e-02
5.471579730510711670e-02
-1.902689412236213684e-02
7.295144256204366684e-03
2.625728212296962738e-02
-2.611850760877132416e-02
-4.427539650350809097e-03
1.297527365386486053e-02
-3.572919964790344238e-02
1.214720588177442551e-02
-1.346446294337511063e-02
3.724543610587716103e-03
-2.172119915485382080e-02
-2.275125682353973389e-02
-3.236245736479759216e-02
-8.184193633496761322e-03
2.171927131712436676e-02
-4.020359739661216736e-02
1.623452268540859222e-02
-1.402516150847077370e-03
1.015930399298667908e-01
-3.121337108314037323e-02
-2.453526109457015991e-02
-2.143960818648338318e-02
-7.448699325323104858e-02
1.824581995606422424e-02
7.657661102712154388e-03
-3.879063995555043221e-03
7.034511305391788483e-03
6.679844856262207031e-02
5.241825059056282043e-02
1.747357286512851715e-02
-4.175220429897308350e-02
-1.079314760863780975e-02
-3.321273252367973328e-02
1.721180044114589691e-02
-5.689207464456558228e-03
6.190986838191747665e-03
-7.187412120401859283e-03
3.966971300542354584e-03
1.886662095785140991e-02
-9.896440058946609497e-02
-8.424294739961624146e-02
-1.345138810575008392e-02
-5.335985869169235229e-02
-7.642991840839385986e-02
-3.469483554363250732e-02
-4.050010174978524446e-04
-6.603932380676269531e-02
1.154797989875078201e-02
2.778944186866283417e-02
5.040783807635307312e-02
5.706199444830417633e-04
-2.850986551493406296e-03
-5.497956182807683945e-03
1.422656793147325516e-02
-6.883568316698074341e-02
-3.718277812004089355e-02
3.613985702395439148e-02
-8.980013430118560791e-02
2.982052415609359741e-02
-3.396442160010337830e-02
-1.739949733018875122e-02
8.150717243552207947e-03
1.204709336161613464e-02
1.294425595551729202e-02
-4.118105024099349976e-02
1.815019734203815460e-02
3.799175098538398743e-02
1.822749152779579163e-02
5.675837397575378418e-02
1.543045230209827423e-02
3.014749847352504730e-02
-3.239085152745246887e-02
-1.185380271635949612e-03
2.260549366474151611e-02
-1.837467215955257416e-02
-5.067389458417892456e-02
7.702369242906570435e-03
4.047414660453796387e-02
-2.896029129624366760e-02
-1.935339532792568207e-02
4.292144626379013062e-02
-1.442006044089794159e-02
-9.403469972312450409e-03
-3.934111446142196655e-02
-2.196126990020275116e-02
2.805660292506217957e-02
-3.524026274681091309e-02
-3.390388563275337219e-03
8.429599553346633911e-02
7.591970730572938919e-03
-1.762934378348290920e-03
1.832585595548152924e-02
-5.437677027657628059e-04
9.710270911455154419e-03
-5.443618074059486389e-02
-1.517704455181956291e-03
-5.596742033958435059e-02
1.297733932733535767e-02
-6.119413673877716064e-02
-1.932336390018463135e-02
-3.826463362202048302e-03
2.736065909266471863e-02
2.345086261630058289e-02
2.216616831719875336e-02
7.913492619991302490e-03
-7.455004751682281494e-02
-1.985666714608669281e-02
4.117665439844131470e-02
2.928686514496803284e-02
1.158540509641170502e-02
3.763489797711372375e-02
-3.492284193634986877e-02
1.942992210388183594e-03
-6.014732061885297298e-04
-5.688731372356414795e-02
-7.387474179267883301e-02
-2.777034975588321686e-02
-9.019548073410987854e-03
2.093754708766937256e-02
-1.566682755947113037e-02
-3.034250577911734581e-03
8.132532238960266113e-03
-3.678218275308609009e-02
-3.018711507320404053e-02
4.735965281724929810e-02
-4.867617040872573853e-02
-1.180252898484468460e-02
-1.768501475453376770e-02
-2.144183591008186340e-02
2.898002974689006805e-03
2.246322482824325562e-02
7.621174305677413940e-02
-7.262104749679565430e-02
2.590206079185009003e-02
6.258919835090637207e-02
3.373780846595764160e-02
6.250144448131322861e-03
-7.613429427146911621e-02
1.056563202291727066e-02
5.881253629922866821e-02
-3.241581842303276062e-02
-5.383342504501342773e-03
5.140959471464157104e-02
3.179958835244178772e-02
4.285491630434989929e-02
-2.685178816318511963e-02
7.302223145961761475e-02
1.253392454236745834e-02
-4.232683405280113220e-02
5.924028530716896057e-02
-5.116382986307144165e-02
-1.696397922933101654e-02
1.379849296063184738e-02
6.085115298628807068e-02
-4.716540873050689697e-02
6.392764300107955933e-02
8.218405395746231079e-02
-1.762158796191215515e-02
5.249434616416692734e-03
-5.005014687776565552e-02
6.880849599838256836e-02
-3.240548074245452881e-02
3.252028673887252808e-02
-4.904416203498840332e-02
-2.208349062129855156e-03
-7.436951622366905212e-03
2.323438785970211029e-02
-6.753928959369659424e-02
2.335901744663715363e-02
-5.029166117310523987e-03
-3.601198270916938782e-02
6.053810007870197296e-03
-4.397609829902648926e-02
1.984537346288561821e-03
4.616779461503028870e-02
3.601203486323356628e-02
-1.165274064987897873e-02
2.946841064840555191e-03
-1.813753321766853333e-02
1.820489391684532166e-02
-6.662372499704360962e-02
2.095310576260089874e-02
-3.782402724027633667e-02
1.371286064386367798e-02
7.623285055160522461e-02
-7.540419697761535645e-03
2.251658588647842407e-02
-6.299442052841186523e-02
3.448317572474479675e-02
4.162680823355913162e-03
2.110455185174942017e-02
3.628826467320322990e-03
1.261704042553901672e-02
6.995421648025512695e-02
7.309269160032272339e-03
-5.916507449001073837e-03
3.228649869561195374e-02
-5.072377249598503113e-02
-3.080297075212001801e-02
-5.457330495119094849e-02
-3.822107240557670593e-02
1.652098633348941803e-02
4.282071813941001892e-02
-1.129329483956098557e-02
2.418875321745872498e-02
4.028676077723503113e-02
2.753437496721744537e-02
3.719935193657875061e-02
-1.902606920339167118e-03
3.787257522344589233e-02
9.092748165130615234e-02
1.897071860730648041e-02
-1.101568108424544334e-03
-4.595975577831268311e-02
3.212724998593330383e-02
-6.682566553354263306e-02
-7.596969604492187500e-03
-2.233354561030864716e-02
-1.061074528843164444e-02
-3.777654841542243958e-02
-4.482861608266830444e-02
-5.124247819185256958e-02
-7.092378288507461548e-02
-2.018552087247371674e-02
6.628253310918807983e-02
-4.695293493568897247e-03
4.870753362774848938e-02
1.238325639860704541e-04
-6.432606838643550873e-03
-5.896312370896339417e-02
2.759429067373275757e-02
3.322818502783775330e-02
-2.680185995995998383e-02
7.258211262524127960e-03
2.378789335489273071e-02
5.728112906217575073e-02
3.622459620237350464e-02
2.485514245927333832e-02
3.486543893814086914e-02
-2.584663219749927521e-02
-3.600566089153289795e-02
-7.656111568212509155e-02
1.377920713275671005e-02
2.483205869793891907e-02
6.224368140101432800e-02
-8.520006202161312103e-03
-3.802837431430816650e-02
1.888862811028957367e-02
2.646241709589958191e-02
-3.050426393747329712e-02
2.758847363293170929e-02
-1.618225499987602234e-02
-4.719038307666778564e-02
1.194519829005002975e-02
7.830500602722167969e-03
2.179824933409690857e-02
4.718554019927978516e-02
9.422969073057174683e-02
-7.979910075664520264e-02
2.987463085446506739e-04
9.420835226774215698e-02
-4.856511950492858887e-03
8.648935705423355103e-02
4.478691890835762024e-02
-1.429954660125076771e-03
2.532077394425868988e-02
6.182872503995895386e-02
3.248356655240058899e-02
9.669920802116394043e-02
2.746087871491909027e-02
-6.404306739568710327e-02
3.613157197833061218e-02
-1.168709341436624527e-02
3.965805843472480774e-02
-3.007550537586212158e-02
8.279495686292648315e-02
-4.227455239742994308e-03
2.063371054828166962e-02
5.940356850624084473e-02
-4.033361747860908508e-02
-1.035972032696008682e-02
-5.575497075915336609e-02
-4.516395181417465210e-02
2.102009207010269165e-02
1.339211245067417622e-03
1.015183981508016586e-02
-6.245345994830131531e-02
4.540615156292915344e-02
8.646759204566478729e-03
-3.791072964668273926e-02
4.908885806798934937e-02
-1.593914814293384552e-02
5.198905128054320812e-04
7.247969508171081543e-02
4.549558833241462708e-02
4.336249828338623047e-02
4.039177298545837402e-02
7.585564628243446350e-03
5.220573395490646362e-02
2.682309970259666443e-02
-5.398184433579444885e-02
-7.831346243619918823e-03
3.070155903697013855e-02
4.947297647595405579e-02
-7.614223659038543701e-02
4.556383937597274780e-02
-1.818217709660530090e-02
-9.039544314146041870e-02
5.162910744547843933e-02
3.734233602881431580e-02
-2.213761769235134125e-02
-7.331277430057525635e-02
3.946956712752580643e-04
-3.091203514486551285e-03
-1.179863233119249344e-02
-5.183218047022819519e-02
-1.724812947213649750e-02
-5.144269391894340515e-02
3.528412431478500366e-02
4.459662362933158875e-02
-2.680577151477336884e-02
-4.246564209461212158e-02
-1.076444163918495178e-01
-2.969243936240673065e-02
1.435706764459609985e-02
-1.972863823175430298e-02
8.183520287275314331e-03
1.997240073978900909e-02
-4.003147780895233154e-02
-2.849130891263484955e-02
-1.008216589689254761e-01
-7.243186235427856445e-03
-3.589553013443946838e-02
2.771449647843837738e-02
-9.825590066611766815e-03
-1.885179616510868073e-02
-1.435492094606161118e-02
5.873987078666687012e-02
1.597971282899379730e-02
3.800725191831588745e-02
-5.545618757605552673e-02
-8.466720581054687500e-02
-6.633339915424585342e-03
1.971539482474327087e-02
2.378598414361476898e-02
-7.587312255054712296e-03
6.468711886554956436e-03
-2.033032849431037903e-02
2.744941413402557373e-02
-3.536799177527427673e-02
-3.580498741939663887e-03
-4.994706064462661743e-02
1.998901925981044769e-02
-4.203259199857711792e-02
-5.504833906888961792e-02
-1.104848459362983704e-02
1.425844896584749222e-02
3.826494514942169189e-02
-2.791131101548671722e-02
-8.645974844694137573e-02
-1.779112406075000763e-02
3.322965651750564575e-02
3.649676963686943054e-02
1.602626405656337738e-02
2.536047063767910004e-02
4.218907561153173447e-03
-4.497339949011802673e-02
-4.303145408630371094e-02
-5.105815455317497253e-02
-5.539806187152862549e-02
1.349879521876573563e-02
-1.260801334865391254e-03
8.977214805781841278e-03
-5.963278934359550476e-02
6.500327959656715393e-03
4.861788824200630188e-02
-3.738157451152801514e-02
-3.788345679640769958e-02
-2.826913446187973022e-02
9.997523389756679535e-03
-5.211771279573440552e-02
-3.436700999736785889e-02
2.637946605682373047e-02
4.590532183647155762e-02
-2.818258479237556458e-02
4.401510953903198242e-02
1.371916849166154861e-02
-6.246635690331459045e-03
-5.930480733513832092e-02
-1.836172305047512054e-02
1.552760135382413864e-02
6.600099802017211914e-02
-7.415106147527694702e-02
6.503180484287440777e-04
1.268187630921602249e-02
-1.453287340700626373e-02
9.696788340806961060e-02
-2.104577288264408708e-04
8.183349668979644775e-02
-7.467630784958600998e-03
2.067990601062774658e-02
-3.359916806221008301e-02
5.409377440810203552e-02
1.736829173751175404e-03
-1.792488619685173035e-02
1.823039841838181019e-03
2.589317411184310913e-02
-2.365165762603282928e-02
5.211079120635986328e-02
2.336302585899829865e-02
-7.989642024040222168e-02
3.435524180531501770e-02
-9.760443121194839478e-02
3.632127121090888977e-02
-2.215565554797649384e-02
7.131652534008026123e-02
7.899509370326995850e-02
-2.771938219666481018e-02
-3.212089464068412781e-02
5.045292153954505920e-02
-1.333748642355203629e-02
-1.624317094683647156e-02
2.238694392144680023e-02
-1.849160157144069672e-02
-3.025838546454906464e-02
-8.463371545076370239e-03
-1.728286850266158581e-03
4.329094290733337402e-02
5.089740827679634094e-02
8.335328102111816406e-02
-3.680883720517158508e-02
5.978786200284957886e-02
-3.985652234405279160e-03
-2.629490569233894348e-02
-5.082689970731735229e-02
-1.134487986564636230e-02
2.179412171244621277e-02
2.965778810903429985e-03
-4.632173851132392883e-02
-1.519007608294487000e-02
1.180408149957656860e-02
4.519755765795707703e-02
2.829353697597980499e-02
3.567276522517204285e-02
-4.066877439618110657e-02
5.312343686819076538e-02
-3.861810266971588135e-02
5.673427879810333252e-02
-1.623938046395778656e-02
6.621331721544265747e-02
-7.207366079092025757e-02
3.774259611964225769e-02
-3.149015456438064575e-02
4.198075458407402039e-02
2.975702285766601562e-03
1.804614812135696411e-02
8.358868956565856934e-02
-2.926410175859928131e-02
-3.463992476463317871e-02
1.257099490612745285e-02
8.947535604238510132e-02
-2.691903524100780487e-02
-3.431234881281852722e-02
6.555301696062088013e-02
-5.013933870941400528e-03
3.982927184551954269e-03
2.629175037145614624e-02
2.046712674200534821e-02
-2.442660555243492126e-02
-1.577196829020977020e-02
1.221134443767368793e-03
1.949222385883331299e-02
4.790972545742988586e-02
5.478586629033088684e-02
-4.392761364579200745e-02
1.919673569500446320e-02
-1.803270727396011353e-02
2.073923684656620026e-02
-3.642237512394785881e-03
-5.466746166348457336e-02
-1.713397726416587830e-02
-2.654874883592128754e-02
6.018014159053564072e-03
2.989646233618259430e-02
2.841390203684568405e-03
-6.397319585084915161e-02
-8.589939028024673462e-02
6.374877411872148514e-03
-8.916406892240047455e-03
-2.188771218061447144e-02
-7.263261824846267700e-02
-2.082974091172218323e-02
2.520972490310668945e-02
1.459861733019351959e-02
1.266946084797382355e-03
-6.302511785179376602e-03
-4.691718146204948425e-02
2.806392870843410492e-02
-2.242832072079181671e-02
6.769690662622451782e-02
3.930279985070228577e-03
-1.941089332103729248e-02
6.207143142819404602e-02
4.629147797822952271e-02
-5.273133143782615662e-02
-6.632837653160095215e-02
-1.188263576477766037e-02
-7.939104922115802765e-03
-6.418266147375106812e-02
-6.231785938143730164e-02
1.703868992626667023e-02
2.303691580891609192e-02
2.946681051980704069e-04
-3.430349752306938171e-02
-1.547773089259862900e-02
1.575106941163539886e-02
-1.455840468406677246e-02
7.863007485866546631e-03
3.117456845939159393e-02
-3.242042288184165955e-02
-3.560322150588035583e-02
-1.847515255212783813e-02
4.029567539691925049e-02
9.231708198785781860e-02
-7.025138288736343384e-02
-3.519864007830619812e-02
-3.174285963177680969e-02
4.971161857247352600e-02
1.998183503746986389e-02
-5.687425658106803894e-02
-6.709676235914230347e-02
-1.510501489974558353e-03
-1.814541057683527470e-03
-3.320888057351112366e-02
-3.641219064593315125e-02
1.620334945619106293e-02
3.150613233447074890e-02
3.605527803301811218e-02
1.139929052442312241e-02
-4.190105572342872620e-02
1.776808174327015877e-03
-3.711920976638793945e-02
-2.357711829245090485e-02
1.909701339900493622e-02
-1.109512057155370712e-02
-4.278758168220520020e-02
-7.763620465993881226e-02
-2.973395958542823792e-02
5.036465823650360107e-02
5.415600910782814026e-02
7.463967800140380859e-02
3.781476989388465881e-03
7.759346067905426025e-02
-1.518059242516756058e-02
-1.591697521507740021e-02
3.700194135308265686e-02
-5.809640884399414062e-02
-9.650583565235137939e-02
4.443283006548881531e-02
8.705143816769123077e-03
-7.105107605457305908e-02
-1.350645162165164948e-02
-4.934035614132881165e-02
1.565951481461524963e-02
-1.999693922698497772e-02
-5.641091987490653992e-02
-5.041547864675521851e-02
6.465028226375579834e-02
1.054890006780624390e-01
3.201886638998985291e-02
-1.882920414209365845e-02
-6.600287277251482010e-03
5.243353545665740967e-03
-1.428023166954517365e-02
-7.745142094790935516e-03
-3.296717256307601929e-02
5.448022484779357910e-02
-1.235133735463023186e-03
-3.714575665071606636e-03
7.825460284948348999e-02
1.224926207214593887e-03
1.053021010011434555e-02
-2.452595904469490051e-02
-7.251360267400741577e-02
1.962048187851905823e-02
6.986338645219802856e-02
-2.472481876611709595e-02
-5.945246294140815735e-02
4.923395346850156784e-03
-5.869524553418159485e-02
-2.924571186304092407e-02
-2.592718601226806641e-02
-8.438318222761154175e-02
6.312614679336547852e-02
-4.201136156916618347e-02
-1.255731843411922455e-02
1.245948672294616699e-02
-3.809987008571624756e-02
1.129252277314662933e-02
5.881106853485107422e-02
4.492639005184173584e-02
6.869002245366573334e-03
-2.414764836430549622e-02
-7.914119400084018707e-03
-1.970385387539863586e-02
-2.606275305151939392e-02
3.631138801574707031e-02
-2.935156412422657013e-02
-3.728476166725158691e-02
2.290559373795986176e-02
1.134099438786506653e-01
2.629592455923557281e-02
-1.615589298307895660e-02
2.071682177484035492e-02
-1.320148259401321411e-02
1.301935594528913498e-02
-4.199821874499320984e-02
1.648273901082575321e-03
-2.877873554825782776e-02
1.656647957861423492e-02
5.515502765774726868e-02
-5.218697711825370789e-03
1.892020739614963531e-02
-5.664108321070671082e-02
2.775814384222030640e-02
-8.888813666999340057e-03
-2.702379785478115082e-02
9.808500856161117554e-02
3.606405854225158691e-02
4.256344586610794067e-02
8.016231469810009003e-03
2.082761377096176147e-02
-2.192284353077411652e-02
-4.461551830172538757e-02
-3.924193978309631348e-02
-2.125103957951068878e-03
4.455192387104034424e-02
-1.874344795942306519e-02
-1.687197573482990265e-02
-4.435020312666893005e-02
2.935509383678436279e-02
-1.770091056823730469e-02
-6.560356914997100830e-02
1.891325041651725769e-02
-1.252906769514083862e-02
-1.353980880230665207e-02
4.655103757977485657e-02
1.133002061396837234e-02
1.403544750064611435e-02
-3.077621571719646454e-02
-4.654021561145782471e-02
-1.555259618908166885e-02
-8.606729097664356232e-03
-6.496073183370754123e-05
-7.611197233200073242e-02
-6.962945312261581421e-02
-5.560884997248649597e-02
8.882594294846057892e-03
-5.078264046460390091e-03
2.137106284499168396e-02
-4.420460015535354614e-02
-2.159268967807292938e-02
-4.209335148334503174e-02
-4.308121278882026672e-02
-4.863080382347106934e-02
-1.069503929466009140e-02
1.320773083716630936e-02
8.571482263505458832e-03
3.015744150616228580e-04
-1.509489864110946655e-02
2.138734236359596252e-02
-5.081705376505851746e-02
-1.814700663089752197e-02
-7.041756063699722290e-02
1.021058924379758537e-04
5.250303447246551514e-02
1.357023976743221283e-02
3.533138195052742958e-03
-4.779325053095817566e-02
3.863218473270535469e-03
2.307903952896595001e-02
1.959102600812911987e-02
1.534285140223801136e-03
-1.527119334787130356e-02
3.375512897036969662e-04
7.347410917282104492e-02
-5.274071916937828064e-02
3.944757953286170959e-02
-2.803110703825950623e-02
-3.055967763066291809e-02
-2.765682293102145195e-03
-8.330656588077545166e-02
2.722661755979061127e-02
-3.265081718564033508e-02
9.805470705032348633e-03
-2.715253829956054688e-02
-1.391380839049816132e-02
5.386273935437202454e-02
-1.822497323155403137e-02
4.565264098346233368e-03
-7.624599616974592209e-03
-7.928529381752014160e-02
4.350066184997558594e-02
-1.385303866118192673e-02
-1.116879377514123917e-02
-3.342209616675972939e-03
-4.337748140096664429e-02
1.647494360804557800e-02
-2.046113088726997375e-02
4.957455024123191833e-02
-4.123982042074203491e-02
-1.757314801216125488e-02
-5.013665184378623962e-03
3.350585326552391052e-02
4.397242143750190735e-02
2.402382530272006989e-02
2.484833262860774994e-02
