9.005466848611831665e-02
7.607804611325263977e-03
1.273475307971239090e-02
-3.097224608063697815e-02
-3.022795170545578003e-02
-2.247434481978416443e-02
-5.075818300247192383e-02
-1.018144190311431885e-02
5.929344799369573593e-03
-5.555856972932815552e-02
2.695010975003242493e-02
1.484513282775878906e-02
1.316579058766365051e-02
3.012062050402164459e-03
1.050805486738681793e-02
6.688921898603439331e-02
4.513836279511451721e-02
2.698939293622970581e-02
5.999525263905525208e-02
1.626870408654212952e-02
2.956279367208480835e-02
-4.599885269999504089e-02
-2.801055461168289185e-02
3.706681728363037109e-02
-1.190961245447397232e-02
-2.459136396646499634e-02
-3.745693713426589966e-02
1.334879361093044281e-02
1.203951537609100342e-01
3.942634537816047668e-02
7.929665967822074890e-03
1.697047799825668335e-02
1.837495155632495880e-02
-8.132091164588928223e-02
-2.564165741205215454e-02
3.520638868212699890e-02
5.403319839388132095e-03
-3.335791453719139099e-02
1.567411050200462341e-02
3.829973749816417694e-03
9.836373850703239441e-03
2.346221357583999634e-03
-5.888106301426887512e-02
4.196450486779212952e-02
4.286546260118484497e-02
-3.852191939949989319e-02
-2.336718328297138214e-02
6.694119423627853394e-02
2.552062273025512695e-03
5.080724507570266724e-02
6.732501089572906494e-02
-1.988774165511131287e-02
-3.550709038972854614e-02
1.742639695294201374e-03
5.143079906702041626e-02
-7.004184275865554810e-02
-5.315977334976196289e-02
9.875270724296569824e-02
2.089911140501499176e-02
4.032717272639274597e-02
-7.200655341148376465e-02
4.147400334477424622e-02
-2.105783112347126007e-02
-1.724197156727313995e-02
-8.242999203503131866e-03
-3.733703633770346642e-03
-2.693746425211429596e-02
1.014982350170612335e-02
-2.592877857387065887e-02
1.919851638376712799e-02
-2.464654482901096344e-02
7.492583245038986206e-02
4.792764410376548767e-02
-3.662705048918724060e-02
2.454756200313568115e-02
-4.472608119249343872e-02
2.817598916590213776e-02
-2.999676205217838287e-02
-9.100007824599742889e-03
-5.053027346730232239e-02
-4.244148731231689453e-02
-2.599846571683883667e-03
3.419883176684379578e-02
-4.780536144971847534e-02
2.298989892005920410e-02
7.659497857093811035e-02
-1.155525073409080505e-02
-4.953496158123016357e-02
-3.032079664990305901e-03
-3.855564631521701813e-03
4.651249200105667114e-02
-3.936543688178062439e-02
8.517533540725708008e-03
7.651945110410451889e-03
-5.067370459437370300e-02
-4.829555004835128784e-02
2.863850258290767670e-02
-1.565611734986305237e-02
1.974308863282203674e-02
-3.332567960023880005e-02
2.687796205282211304e-02
3.212519362568855286e-02
1.348822936415672302e-02
-2.084651216864585876e-02
3.453863784670829773e-02
1.623958162963390350e-02
2.130397781729698181e-02
-5.462235771119594574e-03
2.392152557149529457e-03
-7.869470864534378052e-03
-1.189344283193349838e-02
-1.063507515937089920e-02
1.334375981241464615e-02
-1.703377813100814819e-02
-1.940465648658573627e-03
-3.026535734534263611e-03
-9.980376809835433960e-03
-3.962831944227218628e-02
2.989792078733444214e-02
3.919060528278350830e-02
2.460659295320510864e-02
2.291920222342014313e-02
2.928858250379562378e-02
-1.187294069677591324e-02
2.007262408733367920e-02
-6.244708970189094543e-02
3.567416593432426453e-02
-1.030182689428329468e-01
5.333258211612701416e-02
3.801085054874420166e-02
-3.645304217934608459e-02
-1.376631949096918106e-02
1.675895531661808491e-03
-6.854131072759628296e-02
2.640564553439617157e-02
-5.535027012228965759e-03
-3.711936250329017639e-02
-2.307947911322116852e-02
-2.648888155817985535e-02
2.945327386260032654e-02
-2.011044695973396301e-02
-5.005237460136413574e-02
-1.416628947481513023e-03
1.207513958215713501e-01
2.593233250081539154e-02
-2.132890373468399048e-02
-2.971297129988670349e-02
6.909337243996560574e-04
9.071852266788482666e-02
-6.786178052425384521e-02
1.560638658702373505e-02
-2.904059551656246185e-02
-3.455008566379547119e-02
3.499529883265495300e-02
-3.771606087684631348e-02
-6.473676860332489014e-02
-1.470956485718488693e-03
1.033808756619691849e-02
-7.802474498748779297e-02
-7.800246775150299072e-02
-3.342427685856819153e-02
2.575047872960567474e-02
-3.364958614110946655e-02
5.681015923619270325e-02
-4.149577114731073380e-03
8.778804540634155273e-02
2.310642786324024200e-02
-4.111162573099136353e-02
4.426742345094680786e-02
3.062130324542522430e-02
-1.969229802489280701e-02
-5.824409425258636475e-02
3.732685372233390808e-02
-1.433831453323364258e-02
3.363450244069099426e-02
6.367413699626922607e-02
-1.134509802795946598e-03
1.453138887882232666e-02
6.226298585534095764e-02
-5.665685236454010010e-02
4.102835431694984436e-02
2.783483068924397230e-04
-6.039626151323318481e-02
-1.120438519865274429e-02
4.424056410789489746e-02
4.553161188960075378e-02
3.557666018605232239e-02
-1.973191089928150177e-02
1.964101940393447876e-02
1.249927952885627747e-01
7.184369862079620361e-02
-1.190326642245054245e-02
5.613368004560470581e-02
6.731939315795898438e-02
-3.668740019202232361e-02
4.830418154597282410e-02
4.598531406372785568e-03
1.601332426071166992e-02
4.110974073410034180e-02
5.808816291391849518e-03
5.235525965690612793e-02
9.976586326956748962e-03
-5.203070491552352905e-02
3.588362410664558411e-02
4.682449623942375183e-03
4.589505493640899658e-02
2.133203111588954926e-02
-2.017606981098651886e-02
-8.545636199414730072e-03
-5.417610332369804382e-02
-1.093332935124635696e-02
4.987449944019317627e-02
-5.267496779561042786e-02
-3.457640856504440308e-02
-1.422527711838483810e-03
4.485232383012771606e-02
-4.012379422783851624e-02
-3.432237543165683746e-03
1.772961020469665527e-02
-2.356324717402458191e-02
2.457785978913307190e-02
2.865948528051376343e-02
-6.035948637872934341e-03
5.499757826328277588e-02
-1.957484334707260132e-02
5.270260851830244064e-03
2.771652489900588989e-02
8.510649204254150391e-04
-3.957903385162353516e-02
5.819708108901977539e-02
3.170721605420112610e-02
5.625613406300544739e-02
-1.282969769090414047e-02
-2.689194679260253906e-02
-3.848652541637420654e-02
6.137510016560554504e-02
-1.167402515420690179e-04
-2.244643308222293854e-02
4.168873652815818787e-02
2.376006729900836945e-02
2.914058789610862732e-02
1.040099654346704483e-03
-4.550163447856903076e-02
-5.447607021778821945e-03
-8.015109598636627197e-02
1.593255624175071716e-02
3.188336268067359924e-02
4.666339978575706482e-02
4.410725086927413940e-02
2.270133607089519501e-02
2.372767031192779541e-02
-3.523369133472442627e-02
-7.014182209968566895e-02
1.226405054330825806e-01
1.709446124732494354e-02
8.059672266244888306e-02
3.852649359032511711e-03
-1.286098826676607132e-02
7.861866056919097900e-02
3.387184813618659973e-02
-6.821600254625082016e-03
8.317623287439346313e-02
4.787551984190940857e-02
-8.562508970499038696e-03
-1.198911387473344803e-02
2.232023328542709351e-02
-7.574358582496643066e-02
1.124925240874290466e-01
-2.440278651192784309e-03
1.183224003762006760e-02
5.730604380369186401e-02
-5.893459077924489975e-03
2.922695502638816833e-02
-3.194220736622810364e-02
5.364149063825607300e-02
-1.060022506862878799e-02
2.503328397870063782e-02
5.359475500881671906e-03
-5.759812891483306885e-02
-8.789027482271194458e-02
4.719901480711996555e-04
-1.027498953044414520e-02
-2.536523900926113129e-02
-1.569320634007453918e-02
1.123581361025571823e-02
-5.529306828975677490e-03
-1.948691089637577534e-03
-3.995172306895256042e-02
-2.200113423168659210e-02
-1.409134455025196075e-02
-1.596722286194562912e-03
5.059636011719703674e-02
3.739339485764503479e-02
8.385343104600906372e-02
-5.850148946046829224e-02
-6.223041564226150513e-02
-8.393798023462295532e-02
-1.778513565659523010e-02
-7.047748565673828125e-02
-3.968175128102302551e-02
7.234447449445724487e-02
7.223817985504865646e-03
-1.199561357498168945e-02
5.350015591830015182e-03
-8.277785032987594604e-03
2.404898405075073242e-04
5.711211636662483215e-02
1.605201512575149536e-02
-4.589119926095008850e-02
-4.202429577708244324e-02
2.954995259642601013e-02
-6.107474211603403091e-03
-5.148943141102790833e-02
-1.939565874636173248e-02
1.316096819937229156e-02
5.443684756755828857e-02
-5.553369969129562378e-02
-6.554742157459259033e-02
-4.167527705430984497e-02
-1.762515679001808167e-02
-5.487054586410522461e-02
1.982420682907104492e-03
4.799773171544075012e-02
4.383427556604146957e-03
-6.406431645154953003e-02
1.427791826426982880e-02
1.171687617897987366e-02
-3.463242202997207642e-02
-1.007419265806674957e-02
-3.898299112915992737e-02
1.729476451873779297e-02
1.329128816723823547e-02
-5.239652097225189209e-02
-3.109172917902469635e-02
4.210780560970306396e-02
-2.484603412449359894e-02
-3.875843062996864319e-02
4.205100610852241516e-02
-4.782981425523757935e-02
-7.558404654264450073e-02
-5.472360178828239441e-02
3.921328485012054443e-02
-3.448471426963806152e-03
-7.145795226097106934e-02
5.392154678702354431e-02
4.880771785974502563e-02
-8.294668048620223999e-03
-2.904090657830238342e-02
4.721649456769227982e-03
-8.866436779499053955e-02
6.025403738021850586e-02
5.779451690614223480e-03
-4.702327772974967957e-03
-1.739833503961563110e-02
1.655402965843677521e-02
-6.694211810827255249e-02
5.487086996436119080e-02
-5.169037356972694397e-02
-1.800703816115856171e-02
4.879910498857498169e-03
-2.417875640094280243e-02
-1.144349481910467148e-02
8.835803717374801636e-03
3.760093590244650841e-03
-5.410489812493324280e-02
3.247869759798049927e-02
3.456676006317138672e-02
-1.853937096893787384e-02
-3.654235973954200745e-02
6.309413909912109375e-02
1.834596507251262665e-02
-2.452072128653526306e-02
8.707733824849128723e-03
4.108443856239318848e-02
1.528573222458362579e-02
3.987625986337661743e-02
-4.402926564216613770e-02
-7.886019349098205566e-02
-3.461798653006553650e-02
-2.744248509407043457e-02
-6.497537717223167419e-03
-3.806093707680702209e-02
-1.790918223559856415e-02
1.022993680089712143e-02
-4.950475413352251053e-03
6.172366440296173096e-02
-7.023356109857559204e-02
5.050234496593475342e-02
-8.101246319711208344e-03
-1.907033380120992661e-03
-1.962328702211380005e-02
5.197875574231147766e-02
-2.925420738756656647e-02
6.112730503082275391e-02
-3.078189864754676819e-02
3.080282360315322876e-02
5.217947997152805328e-03
-4.593513906002044678e-02
-1.403457112610340118e-02
-8.829746395349502563e-03
1.937284320592880249e-02
1.745453290641307831e-02
2.115547657012939453e-02
3.571045026183128357e-02
5.467800423502922058e-02
3.150127828121185303e-02
2.926428429782390594e-02
7.655622437596321106e-03
-9.333181381225585938e-02
-3.864354267716407776e-02
-2.108925720676779747e-03
3.099967353045940399e-02
3.661235421895980835e-02
4.937846958637237549e-02
-2.420284226536750793e-02
9.584557265043258667e-03
5.126699432730674744e-02
-2.068710885941982269e-02
-7.516036927700042725e-02
4.880059510469436646e-02
2.330919541418552399e-02
-4.805786535143852234e-03
-7.035385817289352417e-02
-1.737249642610549927e-02
5.212091840803623199e-03
-7.501200586557388306e-02
1.399328652769327164e-02
-6.887691468000411987e-02
-4.722717776894569397e-02
5.399407818913459778e-03
-1.453810278326272964e-02
1.544921658933162689e-03
-4.397475346922874451e-02
-1.488780323415994644e-02
-2.859794721007347107e-02
7.962669432163238525e-02
5.155484005808830261e-02
-8.122673630714416504e-02
-3.409568592905998230e-02
7.877847552299499512e-02
-1.123583316802978516e-02
5.332930386066436768e-02
-4.120882228016853333e-02
-6.294900923967361450e-02
1.562299951910972595e-02
5.083566904067993164e-02
-1.866990467533469200e-03
1.106400191783905029e-01
7.029341161251068115e-02
-1.791766658425331116e-02
-1.956438412889838219e-03
-2.455750852823257446e-02
-3.168669715523719788e-02
-2.097313851118087769e-02
-5.719655193388462067e-03
1.366513967514038086e-02
-1.666995137929916382e-02
-4.816360399127006531e-02
-1.378790754824876785e-02
1.543152797967195511e-02
-6.777650862932205200e-02
-6.844308972358703613e-02
2.646320499479770660e-03
1.656682044267654419e-02
-1.383634470403194427e-02
3.387161716818809509e-02
-1.228049583733081818e-02
-2.057793736457824707e-02
1.012546569108963013e-02
1.520722452551126480e-02
3.407629579305648804e-02
-1.360761746764183044e-02
4.074830561876296997e-02
-5.070559680461883545e-03
-4.610795900225639343e-02
6.883252062834799290e-04
-1.527051255106925964e-02
-4.970760084688663483e-03
4.463516175746917725e-02
-2.798746339976787567e-02
8.614387363195419312e-02
-4.148473963141441345e-02
-5.647958721965551376e-03
2.893408387899398804e-02
-1.735414192080497742e-02
-3.543401882052421570e-02
1.426261290907859802e-02
-2.439685724675655365e-02
-5.383850634098052979e-02
-9.799158573150634766e-02
-2.086147107183933258e-02
-5.073276534676551819e-02
-4.897336475551128387e-03
-2.394902985543012619e-03
-1.887655071914196014e-02
-9.732400067150592804e-03
2.823367342352867126e-02
3.001490607857704163e-02
9.890115819871425629e-03
-3.334603831171989441e-02
-3.048575855791568756e-02
1.450827065855264664e-02
7.219547033309936523e-02
7.481426745653152466e-02
3.474823012948036194e-02
3.105187043547630310e-02
2.712680585682392120e-02
-5.483380332589149475e-02
-8.183687180280685425e-02
-6.407650560140609741e-02
-3.734664618968963623e-02
2.044567465782165527e-02
2.712479233741760254e-02
-3.248324850574135780e-03
-6.628639064729213715e-03
1.509360503405332565e-02
-4.073998704552650452e-02
7.081563025712966919e-02
-1.444653049111366272e-02
-2.657544612884521484e-02
2.113267779350280762e-02
2.893851138651371002e-03
-8.894453942775726318e-02
-8.400163054466247559e-02
7.234189193695783615e-03
-2.661143802106380463e-02
-2.111508138477802277e-02
-3.542501479387283325e-02
-2.133819088339805603e-02
-1.803828589618206024e-02
2.617926150560379028e-02
-6.628040224313735962e-02
-1.497212424874305725e-02
-1.139212772250175476e-02
5.083470046520233154e-02
4.880259931087493896e-02
5.343382805585861206e-02
3.912700712680816650e-02
1.779321767389774323e-02
1.629621721804141998e-02
-7.478293776512145996e-02
6.577414926141500473e-03
-5.139791592955589294e-02
5.770687386393547058e-02
3.971174359321594238e-02
4.080978780984878540e-02
-3.410770371556282043e-02
2.269643545150756836e-02
1.770089939236640930e-02
-6.169728934764862061e-02
1.950344070792198181e-02
4.552298225462436676e-03
-2.178576588630676270e-02
1.722537726163864136e-02
-1.084225252270698547e-02
2.849626168608665466e-02
3.751653432846069336e-02
4.612681921571493149e-03
-1.098721846938133240e-02
-4.952593706548213959e-03
4.989559948444366455e-02
6.333509925752878189e-03
7.107493001967668533e-03
-2.324842661619186401e-02
-5.447749048471450806e-02
-6.096538621932268143e-03
-2.993779629468917847e-02
-1.400853879749774933e-02
-5.781606212258338928e-02
3.089068271219730377e-02
1.021720841526985168e-02
3.714344464242458344e-03
1.434895861893892288e-02
-4.885226115584373474e-02
4.525280091911554337e-03
3.154528513550758362e-02
-2.358203940093517303e-02
1.438986230641603470e-02
2.331120707094669342e-02
-8.057317882776260376e-02
8.154406212270259857e-03
2.191713079810142517e-02
5.250270664691925049e-02
-1.886599324643611908e-02
3.904172917827963829e-03
-2.148202434182167053e-02
-3.429801762104034424e-02
-4.657586291432380676e-02
-1.228624023497104645e-02
-4.483690857887268066e-02
-2.622394450008869171e-02
-5.019932240247726440e-02
-2.409829758107662201e-02
-1.461078762076795101e-03
7.994552701711654663e-02
-3.078295104205608368e-02
-4.570827260613441467e-02
4.198270291090011597e-02
6.403899192810058594e-02
-2.293964475393295288e-02
5.969895422458648682e-02
6.308817863464355469e-02
-3.161139786243438721e-02
-5.709167942404747009e-02
2.591170743107795715e-02
-4.180610924959182739e-02
1.904733013361692429e-03
-2.189382445067167282e-03
-2.956587821245193481e-02
4.989784210920333862e-02
2.936753211542963982e-03
3.285973519086837769e-02
2.456987276673316956e-02
3.888406977057456970e-02
-9.006092697381973267e-02
-5.211074650287628174e-02
-2.579615265130996704e-02
7.381370663642883301e-02
5.827918276190757751e-02
6.925446540117263794e-02
1.028026919811964035e-03
4.744079336524009705e-02
1.586982794106006622e-02
1.379000023007392883e-02
5.223901942372322083e-03
7.010265439748764038e-02
2.864687331020832062e-02
-1.296575181186199188e-02
-3.572257608175277710e-02
-4.680459201335906982e-02
-1.454031001776456833e-02
-1.337674073874950409e-02
2.167343162000179291e-02
-6.472090631723403931e-02
-1.456908043473958969e-02
-1.628386601805686951e-02
-8.279388397932052612e-02
-1.281812600791454315e-02
-2.478028414770960808e-03
4.614957422018051147e-02
-4.080978408455848694e-02
2.808318473398685455e-02
4.450266063213348389e-02
-3.013578429818153381e-02
-2.482681162655353546e-02
-6.872826814651489258e-02
1.481919828802347183e-02
9.098197333514690399e-03
-8.603219874203205109e-03
-8.353568613529205322e-02
2.624070085585117340e-02
3.982825204730033875e-03
2.047754824161529541e-03
5.968970805406570435e-02
2.898708358407020569e-02
2.908618887886404991e-03
-8.084923028945922852e-03
-5.775502882897853851e-03
-5.747779272496700287e-03
-1.718782703392207623e-03
4.233815148472785950e-02
4.302699491381645203e-02
1.057479809969663620e-02
-3.314430266618728638e-02
2.963408082723617554e-02
4.455230012536048889e-02
-3.254339471459388733e-02
-2.130290865898132324e-02
-6.199522688984870911e-02
-3.384211286902427673e-02
1.344977598637342453e-02
-5.034829373471438885e-04
-6.366255879402160645e-02
4.426695033907890320e-02
1.500345114618539810e-02
-2.602032851427793503e-03
3.446042537689208984e-04
1.349932426819577813e-04
-4.435878247022628784e-02
4.711614176630973816e-02
3.589496389031410217e-02
-2.717595919966697693e-02
3.851456940174102783e-02
-2.523185871541500092e-02
-2.655537053942680359e-02
-2.274008654057979584e-02
5.313681811094284058e-02
6.548216938972473145e-02
1.381631940603256226e-02
-5.538276210427284241e-02
1.321354042738676071e-02
4.633209109306335449e-02
1.673432625830173492e-02
-3.223868086934089661e-02
1.339076261501759291e-04
-2.232006937265396118e-02
-1.976577751338481903e-02
-5.117929354310035706e-02
-1.592810382135212421e-03
-2.751463651657104492e-02
9.100887924432754517e-03
2.923961170017719269e-02
7.665232755243778229e-03
5.057776346802711487e-02
-6.150305271148681641e-02
9.538345970213413239e-03
3.590665757656097412e-02
9.701170027256011963e-02
-1.698365807533264160e-02
1.141705214977264404e-01
4.163981974124908447e-02
3.442598506808280945e-02
-4.341175779700279236e-02
7.990698213689029217e-04
3.152179298922419548e-03
8.114773780107498169e-02
2.973624132573604584e-02
6.609668023884296417e-03
-4.248843714594841003e-02
2.505541592836380005e-02
-1.879737153649330139e-02
-2.740787167567759752e-04
3.354040533304214478e-02
-6.258803606033325195e-02
9.312762413173913956e-04
-7.564863562583923340e-02
-6.277183443307876587e-02
9.206839604303240776e-04
-6.057678908109664917e-02
-3.219126025214791298e-03
-1.380559150129556656e-02
-5.683836713433265686e-02
-7.127907127141952515e-02
-6.608313322067260742e-02
-2.201276272535324097e-02
5.301535129547119141e-02
5.476588755846023560e-02
4.705797182396054268e-04
-1.035251095890998840e-02
1.364484056830406189e-02
-6.552655249834060669e-02
-1.578370295464992523e-02
8.107610046863555908e-02
6.628598272800445557e-02
-1.066558528691530228e-02
-2.869196049869060516e-02
-7.428914308547973633e-02
-6.196317449212074280e-02
8.237368427217006683e-03
-1.015501189976930618e-02
-3.324163705110549927e-02
-5.387716740369796753e-02
5.239589139819145203e-03
-4.788520187139511108e-02
-1.964290626347064972e-02
3.800778836011886597e-02
2.745679020881652832e-02
2.505795471370220184e-02
5.509689450263977051e-02
1.882163994014263153e-02
2.087838202714920044e-02
7.106920331716537476e-02
-1.063909903168678284e-01
-1.094084791839122772e-02
-5.344103276729583740e-02
-6.511728465557098389e-02
1.566633954644203186e-02
3.126490861177444458e-02
-1.264133676886558533e-02
5.605660378932952881e-03
1.023084484040737152e-02
-5.948184430599212646e-02
1.700400188565254211e-02
1.134475991129875183e-01
6.706371158361434937e-02
4.388533905148506165e-02
2.504781074821949005e-02
7.808211725205183029e-03
3.393451869487762451e-02
4.946056380867958069e-02
3.278651461005210876e-02
-4.717389121651649475e-02
-1.468550879508256912e-03
-3.726201504468917847e-02
4.252795130014419556e-02
-6.025831401348114014e-02
-2.891628304496407509e-03
5.774922668933868408e-02
-7.163346745073795319e-03
4.617050290107727051e-03
-7.444257289171218872e-02
7.500167191028594971e-02
-3.398758545517921448e-02
-5.346129834651947021e-02
-8.077917993068695068e-02
-3.270828351378440857e-02
-6.663630250841379166e-03
-1.133871451020240784e-01
-1.805126294493675232e-02
4.419224709272384644e-02
3.347713872790336609e-02
-9.529863484203815460e-03
7.045586127787828445e-03
1.148685514926910400e-01
-2.048475900664925575e-03
-5.303787067532539368e-03
-3.204144909977912903e-02
-7.183045893907546997e-02
-2.188212983310222626e-02
8.251971751451492310e-02
-2.735887095332145691e-02
-8.094502985477447510e-02
8.882585912942886353e-02
-5.301871336996555328e-03
4.416157025843858719e-03
6.179045420140028000e-03
-3.812989220023155212e-02
2.882944233715534210e-02
2.450874773785471916e-03
6.855953484773635864e-03
-2.849275944754481316e-03
7.893629372119903564e-03
-2.218361757695674896e-02
-9.081240743398666382e-02
-2.616820298135280609e-02
7.626837491989135742e-02
7.161001861095428467e-02
-1.573868840932846069e-02
-3.859393298625946045e-02
-3.763930872082710266e-02
-6.437662243843078613e-02
5.484898574650287628e-03
-8.393151313066482544e-02
2.913218364119529724e-02
5.324753746390342712e-02
-3.418770059943199158e-02
-3.095175139605998993e-02
9.043022990226745605e-03
-1.116137132048606873e-01
-8.304803818464279175e-02
6.076199561357498169e-02
-1.963653368875384331e-03
3.374852612614631653e-02
-5.330694466829299927e-02
-4.992517828941345215e-02
6.356219202280044556e-02
6.732366047799587250e-03
1.163760479539632797e-02
-2.548750117421150208e-02
-5.346302688121795654e-02
8.542661555111408234e-03
3.737517818808555603e-02
-5.364670604467391968e-02
-1.661282405257225037e-02
1.681537181138992310e-02
3.593228757381439209e-02
5.867661535739898682e-02
1.768052205443382263e-02
-2.829954400658607483e-02
7.342295348644256592e-02
4.353353753685951233e-02
-3.820547461509704590e-02
-3.489028662443161011e-02
1.876861602067947388e-02
5.586114153265953064e-02
1.214410550892353058e-02
-4.822912812232971191e-02
5.016685649752616882e-02
-4.015669226646423340e-02
4.963694512844085693e-02
-4.148297011852264404e-03
5.478165671229362488e-02
-4.235571995377540588e-02
-1.070230919867753983e-02
-2.075760811567306519e-02
4.143278580158948898e-03
-6.024432834237813950e-03
-5.901530385017395020e-03
-9.604934602975845337e-03
-5.704784393310546875e-02
-2.746711112558841705e-02
-1.188535019755363464e-01
2.947255037724971771e-02
-5.177377536892890930e-02
-1.849909499287605286e-02
4.719048738479614258e-02
-2.341641345992684364e-03
2.751823514699935913e-02
5.835854262113571167e-02
-1.802792400121688843e-02
-3.452806919813156128e-02
3.979681432247161865e-02
5.428130924701690674e-02
3.400202468037605286e-02
-5.694371648132801056e-03
-8.584634959697723389e-02
1.643387787044048309e-02
4.386513680219650269e-02
6.252029538154602051e-02
-5.586567800492048264e-03
-4.214886948466300964e-02
-1.632413640618324280e-02
-1.051863422617316246e-03
-5.571856722235679626e-02
1.630867482163012028e-03
-7.672161608934402466e-02
-1.774015277624130249e-02
-3.575854748487472534e-02
-4.902048036456108093e-02
-6.822475790977478027e-02
1.025508530437946320e-02
1.463971193879842758e-02
8.556347340345382690e-02
-1.599079556763172150e-02
-5.522326752543449402e-02
-5.929774045944213867e-02
-5.967972055077552795e-02
-6.550803035497665405e-02
7.994485087692737579e-03
4.734413698315620422e-03
9.393949061632156372e-02
2.543220669031143188e-02
-6.576287746429443359e-02
2.521814405918121338e-02
8.126499131321907043e-03
-8.023082464933395386e-02
-1.421206817030906677e-02
1.297381520271301270e-02
-5.492465570569038391e-03
-4.904899746179580688e-03
2.961843833327293396e-02
-6.875130534172058105e-02
3.131220862269401550e-02
3.776713088154792786e-02
1.019458100199699402e-02
-1.489525008946657181e-02
9.947569668292999268e-02
-2.452521771192550659e-02
-4.207415878772735596e-02
-1.960291899740695953e-02
-2.014972269535064697e-03
-4.594708606600761414e-02
-4.190981760621070862e-02
-1.690164580941200256e-02
1.970531791448593140e-02
-8.097364753484725952e-02
-4.891373682767152786e-03
-4.455846548080444336e-02
-2.924552932381629944e-02
1.261006854474544525e-02
8.662047795951366425e-03
9.018918126821517944e-02
6.489531137049198151e-03
-4.679487645626068115e-02
-2.046892791986465454e-02
1.444730535149574280e-02
3.026122599840164185e-02
2.768705412745475769e-02
2.771655656397342682e-02
-3.217124938964843750e-02
1.020777598023414612e-02
-1.397124305367469788e-02
-3.032327629625797272e-02
1.892129145562648773e-02
-5.526956170797348022e-03
-2.825710177421569824e-02
1.510099414736032486e-02
-5.941169802099466324e-03
1.867035962641239166e-02
1.601193286478519440e-02
-2.936000376939773560e-02
-3.115930408239364624e-02
-6.095987558364868164e-02
-3.182949498295783997e-02
-7.145926356315612793e-02
-8.366935700178146362e-02
-6.628692150115966797e-02
2.992291562259197235e-02
-7.400473114103078842e-03
2.567059546709060669e-02
4.047815501689910889e-02
3.066028095781803131e-02
5.779749155044555664e-02
6.908866018056869507e-02
-3.656413033604621887e-02
3.779459744691848755e-02
-2.867450006306171417e-02
4.235312715172767639e-02
-1.051250472664833069e-02
2.835724968463182449e-03
-1.443317160010337830e-02
4.044581577181816101e-02
5.940776318311691284e-02
-1.435623597353696823e-02
-5.280561745166778564e-02
-4.563907627016305923e-03
-3.185241296887397766e-02
-3.854806721210479736e-02
-5.853150784969329834e-02
-1.736757159233093262e-02
-8.688818663358688354e-03
6.596734747290611267e-03
1.546254940330982208e-02
5.345489457249641418e-02
5.385088175535202026e-02
4.780346155166625977e-02
1.303045172244310379e-02
4.446837556315585971e-05
-7.518558949232101440e-02
4.423271119594573975e-02
-1.179687399417161942e-02
1.478164549916982651e-02
1.373113319277763367e-02
-2.354667335748672485e-02
2.098409272730350494e-02
-2.452021837234497070e-02
-7.759580016136169434e-02
5.186827108263969421e-02
1.492985431104898453e-02
-2.193554490804672241e-02
1.510465517640113831e-02
-2.477442100644111633e-02
-7.826326787471771240e-02
8.580827154219150543e-03
