4.021689668297767639e-02
-1.679388806223869324e-02
1.364437118172645569e-02
-1.886459812521934509e-02
-4.633465036749839783e-02
7.228027563542127609e-03
4.590660706162452698e-02
4.679397121071815491e-02
7.912464439868927002e-02
6.746836937963962555e-03
4.988448228687047958e-03
3.120273724198341370e-02
-6.436305493116378784e-02
-3.239203616976737976e-02
5.007855221629142761e-02
4.121113196015357971e-02
3.261005878448486328e-02
7.511004805564880371e-02
-1.000684034079313278e-02
5.479915067553520203e-02
-3.117818571627140045e-02
1.778757199645042419e-02
5.724503099918365479e-02
-5.380249023437500000e-02
-1.148585416376590729e-02
-7.057063281536102295e-03
-2.602870948612689972e-02
3.343427181243896484e-02
-2.857230044901371002e-02
-4.453109204769134521e-02
3.467410802841186523e-02
-8.134069852530956268e-03
3.190784156322479248e-02
3.230354189872741699e-02
-2.357513457536697388e-02
-5.543665587902069092e-02
-5.067335441708564758e-03
2.870660740882158279e-03
5.470056086778640747e-02
1.861002668738365173e-02
-1.303242146968841553e-02
-4.874536022543907166e-02
8.162313140928745270e-03
-1.760780066251754761e-02
7.303505390882492065e-02
-4.436080157756805420e-02
1.986489398404955864e-03
6.495301425457000732e-02
5.372861400246620178e-03
-5.021451786160469055e-02
2.389773726463317871e-02
-2.571745030581951141e-02
-5.616059526801109314e-02
1.446847151964902878e-02
-3.960943594574928284e-02
3.953023254871368408e-02
-2.476657554507255554e-02
2.893557772040367126e-02
-4.416788741946220398e-02
5.891070235520601273e-03
-2.381128817796707153e-02
-1.140509452670812607e-02
-1.093778200447559357e-02
8.679853752255439758e-03
3.174882731400430202e-04
-1.711754314601421356e-02
-3.399989753961563110e-02
-2.959350124001502991e-02
-5.330505780875682831e-03
2.850043401122093201e-02
1.700308918952941895e-02
3.275817260146141052e-02
7.403573393821716309e-02
-3.780202195048332214e-02
-2.808653376996517181e-02
-2.317799441516399384e-02
4.474488273262977600e-02
8.100274018943309784e-03
2.304613590240478516e-04
-6.247755512595176697e-02
3.034388273954391479e-02
4.215268418192863464e-03
-4.834740236401557922e-02
7.369676232337951660e-02
-4.153699800372123718e-02
1.781070977449417114e-02
-3.282148391008377075e-02
1.905780471861362457e-02
-6.775312870740890503e-02
2.359241433441638947e-02
6.204780656844377518e-03
7.019454985857009888e-02
-3.104751557111740112e-02
4.420443251729011536e-02
5.168088711798191071e-03
7.059749215841293335e-02
-1.740451343357563019e-02
7.130303233861923218e-02
-2.660257369279861450e-02
6.861141324043273926e-02
8.534210920333862305e-02
-2.681481838226318359e-02
1.502926833927631378e-02
4.168288782238960266e-03
-2.872952446341514587e-02
6.628572940826416016e-02
-7.978487014770507812e-02
3.054773434996604919e-02
1.479823514819145203e-02
-5.693651735782623291e-02
-3.549489751458168030e-02
3.060468658804893494e-02
1.538280677050352097e-02
4.561893269419670105e-02
3.018920309841632843e-02
6.005316972732543945e-02
2.536005340516567230e-02
1.587398909032344818e-02
3.566621989011764526e-02
2.185156196355819702e-02
8.638431318104267120e-03
-8.761272765696048737e-03
2.693235129117965698e-02
-5.435993894934654236e-02
3.890518844127655029e-02
-9.165334515273571014e-03
4.140592738986015320e-02
5.243319272994995117e-02
-4.327441379427909851e-02
-6.219291244633495808e-04
6.928264349699020386e-02
1.488219574093818665e-02
1.097224280238151550e-02
-4.181144759058952332e-02
-2.248445525765419006e-02
-1.682240702211856842e-02
1.767257810570299625e-03
-1.988936215639114380e-02
6.663683801889419556e-02
-6.119455397129058838e-02
-1.707704178988933563e-02
1.013365760445594788e-01
-3.262143582105636597e-02
3.192744031548500061e-02
1.548494771122932434e-02
-4.196626320481300354e-02
-3.704517707228660583e-02
9.459904581308364868e-02
3.565557301044464111e-03
3.948928788304328918e-02
4.024130478501319885e-02
7.411086559295654297e-02
-1.150499936193227768e-02
-2.920659072697162628e-02
6.571793556213378906e-02
-6.936996709555387497e-03
4.883005842566490173e-02
1.257266569882631302e-02
2.770307660102844238e-02
4.212307184934616089e-02
-8.509062230587005615e-02
-3.775779530405998230e-02
5.180168896913528442e-02
-1.291555818170309067e-02
-3.062600642442703247e-02
4.414552822709083557e-02
7.221880555152893066e-02
-6.348904967308044434e-02
-2.533322013914585114e-02
-3.134131431579589844e-02
4.867408797144889832e-02
-4.468595236539840698e-02
-4.185757040977478027e-02
-2.411305904388427734e-03
3.499743761494755745e-03
1.822009682655334473e-02
6.548529025167226791e-03
-3.266823291778564453e-02
3.636594116687774658e-02
7.299346383661031723e-03
-2.561258338391780853e-02
-4.671786446124315262e-03
7.160502672195434570e-02
3.906336054205894470e-02
2.351550944149494171e-02
2.365109324455261230e-02
4.385538399219512939e-02
1.064012665301561356e-02
-8.292847778648138046e-04
6.844487786293029785e-02
-4.811334237456321716e-02
-1.064526736736297607e-01
-1.109980605542659760e-02
7.277461141347885132e-02
1.106161624193191528e-02
4.257111251354217529e-02
1.121693197637796402e-02
-1.842540875077247620e-02
-9.544768370687961578e-03
-8.369318209588527679e-03
3.727809712290763855e-02
1.518014073371887207e-02
7.320958375930786133e-02
5.422477051615715027e-02
-6.976382434368133545e-02
-3.666190803050994873e-02
-2.939744107425212860e-02
2.614041976630687714e-02
-8.370030671358108521e-02
-1.423644647002220154e-02
5.847732722759246826e-02
4.244104027748107910e-02
4.069091379642486572e-02
-4.227278381586074829e-02
4.076115787029266357e-02
2.181929536163806915e-02
-5.885295197367668152e-02
1.713439263403415680e-02
-4.555309563875198364e-02
6.992051005363464355e-02
-3.980448469519615173e-02
2.800760604441165924e-02
-3.572293743491172791e-02
-5.669979378581047058e-02
-1.904364302754402161e-02
1.233800798654556274e-01
-1.565729640424251556e-02
-1.982934027910232544e-02
-7.857017219066619873e-02
4.675404727458953857e-02
-2.192788943648338318e-02
-2.396671287715435028e-02
3.418358787894248962e-02
4.159288853406906128e-02
-8.203429728746414185e-02
-5.150100961327552795e-02
-3.975147847086191177e-03
-3.522349894046783447e-02
-3.019819036126136780e-02
3.055512532591819763e-02
-2.145449398085474968e-03
4.163469374179840088e-02
2.753432653844356537e-02
-2.242527157068252563e-02
3.132660174742341042e-03
5.188808217644691467e-02
-1.378208771347999573e-02
4.160915687680244446e-02
-5.707143247127532959e-02
6.632379442453384399e-02
5.872702598571777344e-02
1.227905694395303726e-02
2.300755307078361511e-02
-1.949588209390640259e-02
1.153926737606525421e-02
3.083657845854759216e-02
1.881038583815097809e-02
3.971430286765098572e-02
4.702607542276382446e-02
-6.896068807691335678e-03
-5.264578759670257568e-02
6.285672634840011597e-02
-1.715654879808425903e-02
-9.679640643298625946e-03
5.913980677723884583e-02
1.955078681930899620e-03
-4.565231129527091980e-02
-5.934854969382286072e-03
1.723787374794483185e-02
4.499180708080530167e-03
-7.590660452842712402e-02
-1.662837923504412174e-03
-4.344670102000236511e-02
-8.858237415552139282e-03
-6.550416350364685059e-02
-3.868893161416053772e-02
-1.223710477352142334e-01
-2.241725474596023560e-02
6.846517324447631836e-02
-1.930556446313858032e-02
-4.156475514173507690e-02
3.662653639912605286e-02
2.110467851161956787e-02
2.923328988254070282e-02
-1.672481931746006012e-02
-1.529047964140772820e-03
-1.410403195768594742e-02
4.966695606708526611e-02
-3.042214363813400269e-02
1.507369987666606903e-02
4.008673876523971558e-02
-5.231495480984449387e-03
-4.486661404371261597e-02
-1.144275255501270294e-02
-6.123448163270950317e-02
5.056968331336975098e-02
-3.213721793144941330e-03
1.869530044496059418e-02
-9.299297817051410675e-03
1.690114475786685944e-02
6.323223933577537537e-03
-5.471143522299826145e-04
3.003503568470478058e-02
-4.508327320218086243e-02
2.252992242574691772e-02
-3.408836573362350464e-02
-2.709861285984516144e-02
-2.762933494523167610e-03
-9.257335215806961060e-03
4.236360639333724976e-02
-9.618103504180908203e-02
8.632361888885498047e-03
5.932916700839996338e-02
6.466928869485855103e-02
-3.061745502054691315e-02
4.120987653732299805e-02
-2.168664475902915001e-03
-1.862042397260665894e-02
3.866931796073913574e-02
-1.611443469300866127e-03
3.982729464769363403e-02
3.965933620929718018e-02
-4.335457831621170044e-02
1.171118486672639847e-02
-1.260108401766046882e-04
-3.216556087136268616e-02
7.299495395272970200e-03
-1.961764693260192871e-02
-3.810062259435653687e-02
-1.561054959893226624e-02
-2.896449901163578033e-02
-6.576334591954946518e-03
1.614909619092941284e-02
-1.438172766938805580e-03
7.828019559383392334e-03
4.507250338792800903e-02
-3.935232385993003845e-02
-9.730304591357707977e-03
2.105827629566192627e-02
-5.065761506557464600e-02
-8.488455414772033691e-02
-4.583680629730224609e-02
3.528017085045576096e-03
3.770915046334266663e-02
1.589872688055038452e-02
9.378922171890735626e-03
-3.749242424964904785e-02
-8.592558093369007111e-03
4.410339891910552979e-02
-2.608196623623371124e-02
2.324560657143592834e-02
-6.426258385181427002e-02
-4.671771824359893799e-02
4.781456664204597473e-02
7.300990819931030273e-02
2.364099770784378052e-02
-1.589703373610973358e-02
2.638331800699234009e-02
1.573308371007442474e-02
1.956114917993545532e-02
-2.274564094841480255e-02
2.049464266747236252e-03
9.800267219543457031e-02
8.788250386714935303e-03
-1.165384147316217422e-02
-3.652751445770263672e-03
8.396742487093433738e-05
5.006963852792978287e-03
-9.485051035881042480e-03
-5.717294663190841675e-02
7.047932129353284836e-03
7.875695824623107910e-02
-6.498684734106063843e-02
-1.673732697963714600e-02
7.092045620083808899e-03
3.485227376222610474e-02
-3.887543827295303345e-02
1.017965842038393021e-02
-3.197078127413988113e-03
4.021750763058662415e-02
-6.634975224733352661e-02
-2.381251566112041473e-02
2.183239348232746124e-02
5.508073419332504272e-02
-8.449932187795639038e-02
1.010638568550348282e-02
1.633826829493045807e-02
1.061188336461782455e-02
-9.631878882646560669e-02
-2.185531891882419586e-02
-6.338906288146972656e-02
-2.311082184314727783e-02
7.095456868410110474e-02
-3.488404676318168640e-02
-5.923976376652717590e-02
7.256265264004468918e-03
-1.597346924245357513e-02
-4.962434526532888412e-03
-6.539826840162277222e-02
-1.855423301458358765e-02
-4.589413106441497803e-02
-4.979252070188522339e-02
5.952235660515725613e-04
3.520834818482398987e-02
-5.638164281845092773e-02
-8.624147623777389526e-02
-7.866326719522476196e-03
-9.840861707925796509e-02
1.913690939545631409e-02
-9.596429765224456787e-02
-3.677408397197723389e-02
7.113317400217056274e-02
2.926151268184185028e-02
-5.626918375492095947e-02
-3.564083576202392578e-02
3.276965813711285591e-03
2.143851667642593384e-02
8.703307248651981354e-03
7.758152205497026443e-03
-1.398585923016071320e-02
-5.106916278600692749e-02
-1.649787649512290955e-02
-8.191502094268798828e-02
2.962868101894855499e-02
-1.480604894459247589e-02
-1.148156356066465378e-02
-1.153295487165451050e-02
-5.556566268205642700e-02
5.689546093344688416e-02
1.602929271757602692e-02
-1.058337278664112091e-02
-2.672919072210788727e-02
2.068582922220230103e-02
4.675966128706932068e-02
8.610536903142929077e-02
3.040481358766555786e-02
7.301997859030961990e-03
2.909126505255699158e-02
-4.289839789271354675e-02
3.192480187863111496e-03
1.306650578044354916e-03
-5.503635108470916748e-02
5.396453663706779480e-02
-1.817015558481216431e-02
1.508429460227489471e-02
3.090045601129531860e-02
2.169683109968900681e-03
1.133354147896170616e-03
3.701381385326385498e-02
3.971709311008453369e-02
-6.355529278516769409e-02
-5.002759397029876709e-02
3.411046927794814110e-04
-1.138336770236492157e-02
-5.139858275651931763e-02
1.194470003247261047e-02
-2.100773155689239502e-02
4.512618482112884521e-02
-1.289580482989549637e-03
9.758407250046730042e-03
-3.797750920057296753e-02
-2.127464488148689270e-02
-4.162865225225687027e-03
2.902083285152912140e-02
1.070927642285823822e-02
-3.676400752738118172e-03
1.228731218725442886e-02
-4.525573924183845520e-03
-5.299139302223920822e-03
6.333743687719106674e-03
7.377376407384872437e-02
8.079883456230163574e-02
1.107447221875190735e-02
-1.086800079792737961e-02
-9.129638224840164185e-02
-8.736724965274333954e-03
6.642325967550277710e-02
4.974066093564033508e-02
4.024343192577362061e-02
4.785660654306411743e-03
-6.148752197623252869e-02
-2.344570681452751160e-02
-2.848350070416927338e-02
-1.410474907606840134e-02
5.206488072872161865e-02
-1.036783866584300995e-02
1.838405244052410126e-02
-5.700206011533737183e-02
5.588898900896310806e-03
-1.962387561798095703e-02
7.735434919595718384e-02
2.880252711474895477e-02
-2.141110412776470184e-02
-3.029041737318038940e-02
3.321309760212898254e-02
1.337277889251708984e-02
1.994231715798377991e-02
-3.337338566780090332e-03
9.324960410594940186e-02
2.006873302161693573e-02
3.859774768352508545e-02
2.197882533073425293e-02
7.250120490789413452e-02
-3.347969800233840942e-02
-1.325329951941967010e-02
2.491485141217708588e-02
-1.457680109888315201e-02
-7.902825623750686646e-02
5.134980753064155579e-02
-1.172030437737703323e-02
3.962290659546852112e-02
2.519118785858154297e-02
-2.742236480116844177e-02
3.553111478686332703e-02
-3.022137656807899475e-02
-2.876989729702472687e-02
-6.896247714757919312e-02
-9.857215918600559235e-03
-2.205442637205123901e-02
-1.119289547204971313e-02
3.115244768559932709e-02
3.833599388599395752e-02
8.274335414171218872e-02
-1.021857634186744690e-01
-2.128044515848159790e-02
-3.822113852947950363e-03
-2.758467569947242737e-02
-1.075073853135108948e-01
2.950813621282577515e-02
-1.481812167912721634e-02
5.304580088704824448e-03
1.984939537942409515e-02
3.015322843566536903e-03
-2.011612430214881897e-02
5.227842368185520172e-03
1.972355181351304054e-03
1.523559633642435074e-02
5.886212363839149475e-02
3.642573952674865723e-02
-1.010157540440559387e-02
-1.807663589715957642e-02
1.744913309812545776e-02
9.419783949851989746e-03
4.042832553386688232e-02
1.417619362473487854e-02
4.301262646913528442e-02
-3.905912162736058235e-03
1.581327617168426514e-02
2.337721548974514008e-02
-2.909918874502182007e-02
1.969177834689617157e-02
5.719667673110961914e-02
2.386229811236262321e-03
-5.360578373074531555e-02
-2.079647220671176910e-02
-9.949902305379509926e-04
1.362354378215968609e-03
-9.143551811575889587e-03
-1.982630416750907898e-02
-3.256944939494132996e-02
4.331637173891067505e-02
-1.479307189583778381e-02
-1.100451871752738953e-01
-5.679867044091224670e-02
-1.212144922465085983e-02
-2.296753041446208954e-02
-3.081526048481464386e-02
-2.546722302213311195e-03
-7.152228802442550659e-02
3.820231929421424866e-02
-1.846619136631488800e-02
3.242292255163192749e-02
5.023420974612236023e-02
7.571712136268615723e-03
4.628183320164680481e-02
5.353484768420457840e-03
3.680641576647758484e-02
3.260800987482070923e-02
1.310975663363933563e-02
1.548870746046304703e-02
-1.622667163610458374e-02
2.888846676796674728e-03
2.398083359003067017e-02
-2.371809817850589752e-02
-5.223929416388273239e-03
-6.627453863620758057e-02
-3.755440562963485718e-02
-2.105846628546714783e-02
1.197113771922886372e-03
-2.925892767962068319e-04
-4.744463413953781128e-02
2.541003003716468811e-02
8.459943532943725586e-02
4.474089667201042175e-02
-3.811942785978317261e-02
-4.439275711774826050e-02
-4.581234231591224670e-02
-2.094570547342300415e-02
5.367796868085861206e-02
-2.631186135113239288e-02
-1.522124279290437698e-02
3.093893267214298248e-02
3.421419113874435425e-02
2.951632253825664520e-02
2.251616679131984711e-02
-2.845133282244205475e-02
6.414365768432617188e-02
1.717020757496356964e-02
-7.861204445362091064e-03
7.592650502920150757e-02
-7.364147156476974487e-02
-1.718137413263320923e-02
-6.142865866422653198e-02
-5.293288081884384155e-02
-4.916233196854591370e-02
-3.147685155272483826e-02
-3.423794731497764587e-02
1.861958950757980347e-02
1.327005098573863506e-03
2.147464267909526825e-02
-4.390875250101089478e-02
9.718214161694049835e-03
-4.680109396576881409e-02
-5.319038406014442444e-02
1.776344701647758484e-02
-6.734020076692104340e-03
2.096864767372608185e-02
3.960966318845748901e-02
3.934733942151069641e-02
8.157249540090560913e-03
-4.356086626648902893e-02
-3.747271001338958740e-02
-9.413320571184158325e-03
5.939231812953948975e-02
-3.008898161351680756e-02
1.445675268769264221e-02
-6.651292555034160614e-03
-1.641726121306419373e-02
-1.206216774880886078e-02
7.264556363224983215e-03
3.402592241764068604e-02
1.996113173663616180e-02
-2.205352671444416046e-02
-1.487978640943765640e-02
5.195045098662376404e-02
-3.842165693640708923e-02
7.817757129669189453e-02
7.590091787278652191e-03
-6.617768853902816772e-02
4.241952672600746155e-02
1.360756717622280121e-02
-8.370427414774894714e-03
5.322101991623640060e-03
-2.324767969548702240e-02
4.001954570412635803e-02
4.296562075614929199e-02
1.885264297015964985e-03
-1.363630406558513641e-02
1.032786071300506592e-02
-7.225897163152694702e-02
-3.285842016339302063e-02
5.037909746170043945e-02
-7.535395771265029907e-02
-6.915821135044097900e-02
-1.763196103274822235e-02
1.191950682550668716e-02
-7.522904872894287109e-02
4.647392034530639648e-02
1.696857437491416931e-02
-8.003364317119121552e-03
-1.894482783973217010e-02
7.100828737020492554e-02
-2.726983278989791870e-02
-5.570632219314575195e-02
4.312674328684806824e-02
2.305991202592849731e-02
6.506681442260742188e-02
-5.293567082844674587e-04
4.649406671524047852e-02
-4.199467599391937256e-02
-1.737564057111740112e-02
1.015650853514671326e-01
3.963977470993995667e-02
2.184296399354934692e-02
3.587833419442176819e-02
2.605988411232829094e-03
-3.078375943005084991e-02
-1.853769458830356598e-02
-1.242987066507339478e-02
2.382790856063365936e-02
1.976050995290279388e-02
-2.713687531650066376e-02
2.781839482486248016e-02
6.855716556310653687e-02
1.338164694607257843e-02
2.910448471084237099e-03
2.513285540044307709e-02
3.447853960096836090e-03
1.307976059615612030e-02
-3.057325631380081177e-02
-4.015543498098850250e-03
1.846293359994888306e-02
3.010236471891403198e-02
4.663820564746856689e-02
-2.534179948270320892e-02
1.763416640460491180e-02
-2.592770010232925415e-02
-2.734860777854919434e-02
-3.813355043530464172e-02
-1.528250798583030701e-02
7.818862795829772949e-02
-1.775316707789897919e-02
1.669893413782119751e-02
-6.607048958539962769e-02
-1.168507989495992661e-02
3.809254989027976990e-02
-4.411512985825538635e-02
-7.496265321969985962e-02
-6.492432951927185059e-02
9.171732701361179352e-03
-2.294183336198329926e-02
8.203355222940444946e-02
8.741200901567935944e-03
-3.620965406298637390e-02
-8.917273022234439850e-03
-3.625373542308807373e-02
1.569745317101478577e-02
-9.990349411964416504e-02
-2.131768414983525872e-04
4.939548671245574951e-03
5.376090484787710011e-05
4.538777843117713928e-02
3.175447462126612663e-03
7.275717705488204956e-02
7.957496494054794312e-02
-1.253790315240621567e-02
-4.367822781205177307e-02
1.307983510196208954e-02
-3.258354216814041138e-02
-8.135224133729934692e-02
-3.511624177917838097e-03
-8.857524394989013672e-02
3.944195806980133057e-02
5.292326956987380981e-02
1.757352799177169800e-02
-2.878641337156295776e-02
4.937180504202842712e-02
-2.108674682676792145e-02
-5.103763937950134277e-02
-1.707383617758750916e-02
1.873755641281604767e-02
6.294177472591400146e-02
2.465266734361648560e-02
-4.172166809439659119e-02
5.118782818317413330e-02
-1.529274694621562958e-02
1.953934691846370697e-02
3.927088528871536255e-02
-2.341004461050033569e-02
-4.572373349219560623e-03
-1.104746479541063309e-03
-2.027885057032108307e-03
-8.000539243221282959e-02
-1.949506625533103943e-02
-3.054037690162658691e-03
5.679919198155403137e-02
-4.303671047091484070e-02
-1.839186809957027435e-02
-2.469033002853393555e-02
9.075611084699630737e-02
6.374791264533996582e-04
-4.446448385715484619e-02
-1.837461255490779877e-02
-5.089263245463371277e-02
7.070284336805343628e-02
3.605278208851814270e-02
-5.252831429243087769e-02
4.050049558281898499e-02
6.353864446282386780e-03
4.590893164277076721e-02
6.000056490302085876e-02
-4.019434750080108643e-02
-7.328872382640838623e-02
-1.694103702902793884e-02
2.352325990796089172e-02
-1.929396763443946838e-02
9.117567911744117737e-03
2.064657770097255707e-02
-1.193817555904388428e-01
-2.324800752103328705e-02
6.234953925013542175e-02
-9.886384010314941406e-02
-1.327142119407653809e-02
1.447600498795509338e-02
-2.649130998179316521e-03
1.702370867133140564e-02
-8.208048529922962189e-03
-1.219833642244338989e-02
-8.877960965037345886e-03
-2.635808475315570831e-02
2.746200188994407654e-02
-6.437235325574874878e-02
-4.140956327319145203e-03
-6.935787945985794067e-02
-7.196518778800964355e-02
6.777755916118621826e-02
3.346167504787445068e-02
6.200386211276054382e-03
-4.621368646621704102e-02
-5.962264537811279297e-02
4.970522224903106689e-02
-3.030627034604549408e-02
-6.953697651624679565e-02
-5.356277152895927429e-02
-4.307047277688980103e-02
1.804815605282783508e-02
-6.035056430846452713e-04
5.265605449676513672e-02
-6.234942376613616943e-02
-2.521817758679389954e-02
-1.098627690225839615e-02
-2.611602470278739929e-02
-4.904415458440780640e-02
-7.533826678991317749e-02
-1.486617792397737503e-02
-1.928044855594635010e-02
6.935079116374254227e-03
-4.534493759274482727e-02
5.582654476165771484e-02
2.282280102372169495e-02
-2.147106267511844635e-02
3.686499595642089844e-02
-3.540912643074989319e-02
6.285959482192993164e-02
-1.915344968438148499e-02
5.144727230072021484e-02
2.076788619160652161e-02
-2.179592661559581757e-02
-6.214087456464767456e-02
-2.262273803353309631e-02
-3.281274810433387756e-02
4.342666640877723694e-02
6.911376863718032837e-02
-1.311793830245733261e-02
6.019822135567665100e-02
-2.296353690326213837e-02
-2.961691841483116150e-02
-1.905334368348121643e-02
8.005330339074134827e-03
5.993400514125823975e-02
-6.778419483453035355e-03
-7.382895797491073608e-02
3.313798084855079651e-02
-5.137416347861289978e-02
-1.118512079119682312e-02
2.124327700585126877e-03
3.749449551105499268e-02
-3.791003674268722534e-02
-7.800621911883354187e-03
5.606492981314659119e-02
2.929907292127609253e-02
-2.197352424263954163e-02
-3.584702312946319580e-02
-4.068823158740997314e-02
7.257530093193054199e-02
-8.364442735910415649e-02
2.868758887052536011e-02
-4.695165436714887619e-03
7.848837226629257202e-02
1.871790178120136261e-02
-2.035212330520153046e-02
1.026360783725976944e-03
-9.144160896539688110e-03
-4.338352382183074951e-02
4.612492769956588745e-02
9.031774103641510010e-02
-1.504432689398527145e-02
4.606895148754119873e-02
-5.154634267091751099e-02
-1.221346016973257065e-02
1.535488525405526161e-03
-4.893661290407180786e-02
-1.968000829219818115e-02
6.273624021559953690e-03
-1.534565445035696030e-02
5.073948577046394348e-02
-5.303768441081047058e-03
-2.711415104568004608e-02
-5.078339576721191406e-02
-1.073273122310638428e-01
-1.058146730065345764e-02
4.739675670862197876e-02
-1.939547434449195862e-02
3.868899494409561157e-02
4.791891202330589294e-02
-9.509664960205554962e-03
3.821377875283360481e-03
-5.367207806557416916e-03
4.784459713846445084e-03
-6.559173762798309326e-02
-8.052603155374526978e-02
8.727367222309112549e-02
1.700285822153091431e-02
-2.063440531492233276e-02
3.028370626270771027e-02
2.898014523088932037e-02
5.709173902869224548e-02
-1.213865820318460464e-02
-5.113085731863975525e-02
-3.561459481716156006e-02
-5.658344551920890808e-02
-1.046618632972240448e-02
-9.896120987832546234e-03
7.514087017625570297e-03
2.045862562954425812e-02
-2.443655952811241150e-02
2.028589136898517609e-02
1.430627517402172089e-02
-2.506868727505207062e-02
2.113913744688034058e-02
-3.081307746469974518e-02
7.402750104665756226e-02
4.448409751057624817e-02
-3.592443652451038361e-03
6.473851390182971954e-03
-1.084789726883172989e-02
4.960606247186660767e-02
-7.925227284431457520e-03
9.400782734155654907e-02
-1.834074035286903381e-02
-1.245549041777849197e-02
5.125788971781730652e-03
1.546688005328178406e-02
5.957658961415290833e-02
5.339796841144561768e-02
2.772382833063602448e-02
5.045421421527862549e-02
3.896022588014602661e-02
2.352010458707809448e-02
-1.695136539638042450e-02
-1.898367889225482941e-02
-3.730295971035957336e-02
-5.916388705372810364e-02
1.672453433275222778e-02
-8.192308247089385986e-02
-1.442743372172117233e-02
1.208966318517923355e-02
9.298493154346942902e-03
-2.530075050890445709e-02
3.125197440385818481e-02
1.490002218633890152e-02
6.678842473775148392e-03
5.011669173836708069e-02
-4.567075520753860474e-02
1.143280565738677979e-01
-4.223229188937693834e-04
1.658842526376247406e-02
-2.312282286584377289e-02
4.994682967662811279e-02
1.439021062105894089e-02
-1.352206617593765259e-02
-2.019041776657104492e-02
3.655274212360382080e-02
6.591260433197021484e-02
4.562987759709358215e-02
-5.630896426737308502e-03
2.302165608853101730e-03
7.040382479317486286e-04
7.325736805796623230e-03
-2.022657543420791626e-02
4.199418798089027405e-02
-1.059569939970970154e-01
4.670163244009017944e-02
-1.312467455863952637e-02
-3.033856628462672234e-03
-1.606154814362525940e-02
-6.348286569118499756e-02
1.347009930759668350e-02
7.510961964726448059e-03
1.473410613834857941e-02
3.272102773189544678e-02
-1.221242547035217285e-02
-1.563319563865661621e-02
-2.553358674049377441e-02
5.755462870001792908e-02
5.913141649216413498e-03
-3.789933025836944580e-02
3.063491359353065491e-02
-2.584200818091630936e-03
1.709411665797233582e-02
7.865843921899795532e-02
5.547840520739555359e-02
-6.238640844821929932e-02
4.167050868272781372e-02
1.792685128748416901e-02
-2.236392535269260406e-02
-5.659107491374015808e-02
-5.788750946521759033e-02
-8.270142972469329834e-02
-5.541944503784179688e-02
-1.051002833992242813e-02
-5.332586541771888733e-02
-3.316221013665199280e-02
2.521827071905136108e-02
-3.246619366109371185e-03
-5.367497354745864868e-02
-4.043532535433769226e-03
-5.230500176548957825e-02
9.608849883079528809e-02
5.783002823591232300e-02
5.738631263375282288e-02
-6.247622519731521606e-02
-1.243085339665412903e-01
-1.334667019546031952e-02
-3.014412149786949158e-02
-1.941794529557228088e-02
-4.980792105197906494e-02
-4.083611071109771729e-02
-1.141045335680246353e-02
-1.788418181240558624e-02
2.470660395920276642e-02
1.513128634542226791e-02
1.521014492027461529e-03
-2.912173047661781311e-02
