-7.727891951799392700e-02
-7.437945902347564697e-02
-8.160751312971115112e-02
3.029445745050907135e-02
-1.173991523683071136e-02
-3.447068855166435242e-02
3.997244685888290405e-02
7.551394402980804443e-02
-4.146683029830455780e-03
-3.979999944567680359e-02
-1.410539448261260986e-02
9.686381556093692780e-03
6.804858148097991943e-02
-2.424491010606288910e-02
2.666084840893745422e-02
2.590890228748321533e-02
-7.600657641887664795e-03
-4.148466140031814575e-02
-6.578945368528366089e-02
-1.086817868053913116e-02
-1.011790260672569275e-01
2.233964577317237854e-02
2.921156957745552063e-02
-1.240091584622859955e-02
-4.033647105097770691e-02
5.883954837918281555e-02
4.798165336251258850e-02
1.129173859953880310e-01
-1.856049709022045135e-02
-1.428791694343090057e-02
-4.384326562285423279e-02
-1.289198733866214752e-02
-3.412684053182601929e-02
3.837647289037704468e-02
1.457956712692975998e-02
-2.835266664624214172e-02
-1.540452800691127777e-02
6.911855936050415039e-02
4.100187495350837708e-02
-1.616297662258148193e-02
-7.118020951747894287e-02
-2.570120990276336670e-02
-2.070323750376701355e-02
8.762669749557971954e-03
7.388651371002197266e-02
-4.139748960733413696e-02
-9.534896351397037506e-03
-1.496358029544353485e-02
5.166721343994140625e-02
-6.095460057258605957e-02
2.197613939642906189e-02
1.554745715111494064e-02
-8.223064988851547241e-02
-7.201103866100311279e-02
-8.762665092945098877e-02
-2.971012145280838013e-03
-7.446147501468658447e-04
-1.840040273964405060e-02
6.165717728435993195e-03
-4.286316409707069397e-02
1.115667633712291718e-02
-1.196345780044794083e-02
-5.809708032757043839e-03
8.951029926538467407e-02
5.779464915394783020e-02
2.240690216422080994e-02
2.978147007524967194e-02
-7.505707442760467529e-02
1.480891741812229156e-02
3.453337401151657104e-02
-3.952658548951148987e-02
6.353005021810531616e-02
6.057880818843841553e-03
-8.633107692003250122e-02
-2.703583613038063049e-02
3.566636145114898682e-02
-5.553653836250305176e-02
-1.907192519865930080e-03
6.435953825712203979e-02
-4.022229462862014771e-02
-1.043444126844406128e-02
6.080225110054016113e-02
9.197158366441726685e-02
7.836991548538208008e-02
-2.324177324771881104e-02
-6.041137129068374634e-02
6.560015678405761719e-02
1.921133697032928467e-02
1.841409504413604736e-02
3.673303872346878052e-02
-1.000381656922399998e-03
6.178231444209814072e-03
-6.955339014530181885e-02
2.241080068051815033e-02
9.640973061323165894e-03
-1.023149117827415466e-01
-2.799012139439582825e-02
-3.285218030214309692e-02
3.524283319711685181e-02
-4.849919676780700684e-02
3.623108938336372375e-02
-7.741017639636993408e-02
-2.024884894490242004e-02
5.933349579572677612e-02
5.911606550216674805e-02
1.705113425850868225e-02
-8.153353817760944366e-03
2.426095493137836456e-02
-4.888766258955001831e-02
-2.567018568515777588e-02
-4.087772220373153687e-03
3.073579631745815277e-02
7.950213551521301270e-02
-4.434151947498321533e-02
1.385547220706939697e-02
9.585227072238922119e-02
-6.857815198600292206e-03
7.787999697029590607e-03
5.983010679483413696e-02
-5.055979639291763306e-02
3.937130421400070190e-02
1.248815841972827911e-02
4.612093046307563782e-02
3.992915153503417969e-03
7.441310584545135498e-02
5.494766309857368469e-02
1.490736007690429688e-02
8.447598665952682495e-04
2.195281721651554108e-02
-6.098052859306335449e-02
4.897282272577285767e-02
7.594350725412368774e-02
-3.200577944517135620e-02
1.706191338598728180e-02
5.980360507965087891e-02
7.758493721485137939e-02
-3.807661682367324829e-02
5.525887012481689453e-03
-3.195162490010261536e-02
9.241466224193572998e-02
5.209578201174736023e-02
4.685985296964645386e-02
2.021803334355354309e-02
1.378913968801498413e-02
-1.806301996111869812e-02
-2.823032811284065247e-02
-3.377511352300643921e-02
1.136183366179466248e-01
2.173849148675799370e-03
2.633281424641609192e-02
-4.318164661526679993e-02
-4.017293080687522888e-02
-2.805036678910255432e-02
-8.358715102076530457e-03
-8.519162423908710480e-03
6.221736595034599304e-02
-3.083558753132820129e-02
-1.229922752827405930e-02
1.087833475321531296e-02
3.183502331376075745e-02
-1.234849318861961365e-01
-3.190726041793823242e-03
-1.834560371935367584e-02
3.311710804700851440e-02
4.405374079942703247e-02
-9.421467036008834839e-02
-8.998852968215942383e-02
1.493433397263288498e-02
3.273784369230270386e-02
-7.723098993301391602e-02
4.223994910717010498e-02
-2.425301121547818184e-03
8.279677480459213257e-02
1.462126336991786957e-02
-2.575242891907691956e-02
7.014809548854827881e-02
4.343222081661224365e-02
-1.258761249482631683e-02
4.943496733903884888e-02
-1.267017982900142670e-02
-3.870946541428565979e-02
-1.694123819470405579e-02
-4.560384154319763184e-02
8.247134089469909668e-02
-7.126242853701114655e-03
2.834462793543934822e-03
-2.215695194900035858e-02
-1.182517968118190765e-02
-7.824122905731201172e-02
-3.104570508003234863e-02
1.754495128989219666e-02
4.719540593214333057e-04
4.227907955646514893e-02
-3.505176305770874023e-02
-4.152380302548408508e-02
1.838694699108600616e-02
9.117455035448074341e-02
-7.678657025098800659e-02
2.340594772249460220e-03
3.526674211025238037e-02
-2.638662979006767273e-02
-2.588266134262084961e-02
4.218262806534767151e-02
-3.446303308010101318e-03
2.121655829250812531e-02
1.825242117047309875e-02
2.293558418750762939e-02
-7.054448127746582031e-03
-5.019051581621170044e-02
-5.922206491231918335e-02
-9.062584489583969116e-02
3.764816746115684509e-02
-1.065908670425415039e-01
1.839583739638328552e-02
-2.635487355291843414e-02
-1.604776643216609955e-02
-6.371666491031646729e-02
4.729559272527694702e-02
-5.171756818890571594e-02
-1.560789067298173904e-02
-2.270283922553062439e-02
-1.749952882528305054e-02
1.638719998300075531e-02
-2.314835786819458008e-03
2.242930792272090912e-02
3.345405310392379761e-02
-9.340978413820266724e-02
-2.191479690372943878e-02
-6.442501395940780640e-02
8.271098136901855469e-02
-6.191573664546012878e-02
9.070523083209991455e-02
-2.743729390203952789e-02
-4.848775640130043030e-02
-9.052367508411407471e-02
-3.443799540400505066e-02
9.596748650074005127e-02
-9.322034567594528198e-02
-7.859283685684204102e-02
-3.790818154811859131e-02
-8.047668263316154480e-03
7.733417209237813950e-03
1.042819619178771973e-01
4.404443129897117615e-02
-2.688235975801944733e-02
-6.355651654303073883e-03
-2.592315431684255600e-03
2.477513812482357025e-02
-6.021740287542343140e-02
5.144850164651870728e-02
-2.524707466363906860e-03
2.640376426279544830e-02
-2.593004144728183746e-02
3.551552444696426392e-02
-1.118426173925399780e-01
-5.106760188937187195e-02
-9.551351889967918396e-03
-5.963144823908805847e-02
-1.930883526802062988e-02
1.077208295464515686e-02
8.281147480010986328e-02
-3.613528609275817871e-02
-1.041785720735788345e-02
-4.662275314331054688e-04
8.964907377958297729e-02
6.654646247625350952e-02
3.875767812132835388e-02
4.390313103795051575e-02
6.152418255805969238e-02
-1.405555568635463715e-02
-6.614671554416418076e-03
2.527018450200557709e-02
3.267626091837882996e-02
-6.458355486392974854e-02
-3.340415656566619873e-02
-9.291050955653190613e-03
8.890341222286224365e-02
3.440025448799133301e-02
1.780757308006286621e-02
-6.012950465083122253e-02
-2.227411046624183655e-02
3.841082751750946045e-02
1.639243215322494507e-02
-4.809835460036993027e-03
1.413886807858943939e-02
1.497657876461744308e-02
-2.236585132777690887e-02
-3.933876380324363708e-02
-2.234417200088500977e-02
-2.492733672261238098e-02
-1.376714371144771576e-02
-6.448252499103546143e-02
1.235056482255458832e-02
-2.091989666223526001e-02
-3.019477985799312592e-02
3.392727300524711609e-02
-2.697938308119773865e-02
-1.160079427063465118e-02
4.882450215518474579e-03
4.150117561221122742e-02
-1.125870831310749054e-02
-5.781479924917221069e-02
2.767091989517211914e-02
-1.428666412830352783e-01
6.215233588591217995e-04
-7.292211055755615234e-02
-2.980727888643741608e-02
-3.154076263308525085e-02
3.821691125631332397e-02
2.651333808898925781e-02
-7.085962593555450439e-02
1.180792134255170822e-02
7.825224846601486206e-02
2.666908502578735352e-02
-2.584981359541416168e-02
-2.311252988874912262e-02
-4.844760522246360779e-02
7.196436822414398193e-02
-1.087590493261814117e-02
1.824660575948655605e-03
2.736929431557655334e-02
3.096259431913495064e-03
5.372355133295059204e-02
9.457975393161177635e-04
8.021633327007293701e-02
1.282430160790681839e-02
3.117502108216285706e-02
3.244392201304435730e-02
-7.394488900899887085e-02
-3.052388131618499756e-02
-9.668359905481338501e-02
5.587296560406684875e-02
7.050716131925582886e-02
-7.429230213165283203e-02
5.974656436592340469e-03
5.354932043701410294e-03
-5.718111991882324219e-02
-9.356002509593963623e-02
-5.576978437602519989e-03
2.714530564844608307e-02
-4.099821671843528748e-02
8.061030507087707520e-02
-4.732156544923782349e-02
6.654980033636093140e-02
-2.878152765333652496e-02
-6.106258556246757507e-02
-6.639330089092254639e-02
-8.235136047005653381e-03
2.164579555392265320e-02
2.573395892977714539e-02
-2.920454181730747223e-02
-4.601877182722091675e-02
8.578030765056610107e-02
4.842499643564224243e-02
7.570566982030868530e-02
-1.076946593821048737e-02
3.814930096268653870e-02
3.722184151411056519e-02
-5.824028328061103821e-02
1.340187899768352509e-02
-2.270178124308586121e-02
8.486489951610565186e-02
5.156552791595458984e-02
-3.615745157003402710e-02
2.695471084734890610e-05
4.473295807838439941e-02
1.978476718068122864e-02
-7.204937189817428589e-02
1.746977493166923523e-02
-2.387743815779685974e-02
-2.038081921637058258e-02
1.219134926795959473e-01
-2.528280392289161682e-02
-2.751475200057029724e-02
-2.932102419435977936e-02
-1.013757437467575073e-01
-2.060188911855220795e-02
8.728550374507904053e-02
-2.014058176428079605e-03
5.021559074521064758e-02
-9.269427508115768433e-02
-1.303571183234453201e-02
2.265897206962108612e-02
3.529423102736473083e-02
6.295882165431976318e-02
-9.197260439395904541e-02
3.330104053020477295e-02
-5.621490627527236938e-02
-3.446074202656745911e-02
3.921677824109792709e-03
-6.958576850593090057e-03
3.484448045492172241e-02
2.529116533696651459e-02
7.683766633272171021e-02
-5.665151402354240417e-02
6.338131614029407501e-03
-1.511133927851915359e-02
5.511654168367385864e-02
4.266763105988502502e-02
4.492403939366340637e-02
-2.156785875558853149e-02
-4.100677743554115295e-02
3.681074827909469604e-02
5.010230094194412231e-02
8.513244241476058960e-02
3.028515540063381195e-02
-4.156532138586044312e-02
-4.072998091578483582e-02
3.494624048471450806e-02
4.188491404056549072e-02
-6.188159063458442688e-02
2.528603374958038330e-02
1.010747626423835754e-02
-7.024792581796646118e-02
3.121229074895381927e-02
5.102027580142021179e-02
-3.771682828664779663e-02
-6.783410906791687012e-02
-3.993283584713935852e-02
-6.603188812732696533e-02
4.030122235417366028e-02
-2.463174238801002502e-02
1.085693091154098511e-01
-3.307089209556579590e-02
8.082659542560577393e-02
1.267502456903457642e-02
-5.184237845242023468e-03
-5.062500946223735809e-03
-8.887754753232002258e-03
-4.632280394434928894e-02
1.044356450438499451e-01
3.047331050038337708e-02
-2.146993996575474739e-03
6.037501618266105652e-02
-2.974322810769081116e-02
-4.144740104675292969e-02
-7.049520965665578842e-03
-6.418242305517196655e-02
1.050619706511497498e-01
-7.383815944194793701e-03
1.229473110288381577e-02
-6.123904138803482056e-02
-1.655704341828823090e-02
6.336399354040622711e-03
3.076330758631229401e-02
2.602081373333930969e-02
-2.539569698274135590e-02
-7.657153066247701645e-03
-1.592962816357612610e-02
1.027657836675643921e-01
-2.274112217128276825e-02
-1.390581764280796051e-02
4.108658805489540100e-02
-4.910681769251823425e-02
3.488156944513320923e-02
4.831679165363311768e-02
-4.931195825338363647e-02
1.227583512663841248e-01
8.193971589207649231e-03
2.512845955789089203e-02
2.583057619631290436e-02
-3.862145543098449707e-02
-4.667375236749649048e-02
7.124143093824386597e-02
-4.377549886703491211e-02
3.837635368108749390e-02
-4.848898202180862427e-02
-8.362855017185211182e-02
3.754036966711282730e-03
-6.639157235622406006e-02
7.096940185874700546e-03
-6.169816944748163223e-03
9.004233777523040771e-02
7.007192820310592651e-02
-2.300668880343437195e-02
-1.346945576369762421e-02
4.294359683990478516e-02
-7.442167494446039200e-03
-5.617346614599227905e-02
1.998322829604148865e-02
9.476015344262123108e-03
-2.388546429574489594e-02
5.766811966896057129e-02
5.620250850915908813e-02
-1.685544662177562714e-02
4.531859606504440308e-02
6.445299834012985229e-02
1.489320583641529083e-02
-4.977039247751235962e-02
4.783073440194129944e-02
4.493137449026107788e-02
-2.546761883422732353e-03
3.200766816735267639e-02
9.768427908420562744e-02
-2.638157643377780914e-02
-4.505942016839981079e-02
-2.610104903578758240e-02
8.215624094009399414e-02
9.566093981266021729e-02
3.815617412328720093e-02
1.939248107373714447e-02
-1.204488985240459442e-02
6.062005087733268738e-02
-1.746942102909088135e-02
7.307068258523941040e-02
1.128419302403926849e-02
6.461381912231445312e-02
-5.877351760864257812e-02
7.164233922958374023e-02
2.867536246776580811e-02
-2.348783239722251892e-02
-6.807700544595718384e-02
3.165686875581741333e-02
1.878685317933559418e-02
6.882138550281524658e-02
-6.143255624920129776e-03
-1.415146607905626297e-02
1.090120617300271988e-02
-4.474328085780143738e-02
-2.553785964846611023e-02
-7.270011119544506073e-03
3.015082515776157379e-02
1.204317584633827209e-01
-4.601461812853813171e-02
2.404521033167839050e-02
7.499693334102630615e-02
9.224352426826953888e-03
1.695194095373153687e-02
-3.030250035226345062e-02
3.025445388630032539e-03
6.069963332265615463e-03
-3.448118641972541809e-02
3.005993738770484924e-02
-1.125835906714200974e-02
-9.118106216192245483e-02
-9.877783060073852539e-02
-4.916701093316078186e-02
4.566102474927902222e-02
7.181307673454284668e-02
7.844911888241767883e-03
-9.251371026039123535e-02
-8.429704234004020691e-03
3.088353667408227921e-03
3.579707816243171692e-03
9.012687951326370239e-03
-9.601809084415435791e-03
1.431664079427719116e-02
4.788666218519210815e-02
-2.614799514412879944e-02
-3.507249429821968079e-02
5.458025261759757996e-02
-3.916751593351364136e-02
-3.992436453700065613e-02
4.039664193987846375e-02
-1.531047187745571136e-02
-2.648285031318664551e-02
4.477886110544204712e-02
4.436473362147808075e-03
4.576819017529487610e-02
-6.932201981544494629e-02
-6.990760564804077148e-02
4.394560307264328003e-02
-3.009662032127380371e-02
-3.207940608263015747e-02
-5.547263100743293762e-02
9.707555291242897511e-04
6.333670765161514282e-02
-6.868830323219299316e-02
-2.338571473956108093e-02
1.586126163601875305e-02
-3.971344977617263794e-02
-1.507034152746200562e-02
1.026681531220674515e-02
-1.412602700293064117e-02
2.310949005186557770e-02
-9.895883500576019287e-02
-3.101106360554695129e-02
-1.385681331157684326e-02
-1.444209180772304535e-02
-5.264510959386825562e-02
-4.804269969463348389e-02
-5.676937848329544067e-02
-2.332838065922260284e-02
3.041378036141395569e-02
-1.448731403797864914e-02
3.901722654700279236e-02
3.348695859313011169e-02
2.428548596799373627e-02
2.725364826619625092e-02
6.233812123537063599e-02
-2.868609037250280380e-03
-2.753580454736948013e-03
-8.697085082530975342e-03
2.401439845561981201e-02
-5.802754685282707214e-02
2.063912525773048401e-02
7.408841699361801147e-02
-6.283189356327056885e-02
-1.054324284195899963e-01
3.916555643081665039e-02
1.928388327360153198e-02
-8.623810112476348877e-02
3.282306343317031860e-02
1.173590309917926788e-02
-1.905013434588909149e-02
-3.426503390073776245e-02
-1.098649017512798309e-02
4.452633112668991089e-02
7.871539890766143799e-02
2.547073923051357269e-02
1.381489820778369904e-02
-1.104300841689109802e-02
-4.647753387689590454e-02
-2.523730136454105377e-02
9.845467284321784973e-03
2.917399071156978607e-02
2.260206639766693115e-02
-4.241334646940231323e-02
-7.374177128076553345e-02
-3.129295259714126587e-02
3.443890064954757690e-02
-1.416201936081051826e-03
-3.305349498987197876e-02
1.452069915831089020e-02
-1.035445183515548706e-01
-8.825922757387161255e-02
-5.233060196042060852e-02
-2.780338749289512634e-02
7.790975272655487061e-03
-1.049718633294105530e-01
-1.237087231129407883e-02
3.007877804338932037e-02
5.784088373184204102e-02
-4.784040153026580811e-02
-6.777204573154449463e-02
-1.143574491143226624e-01
-3.004074096679687500e-05
-5.272461101412773132e-03
-3.851500106975436211e-03
-1.624052412807941437e-02
-9.695397689938545227e-03
-3.227325528860092163e-02
3.758793696761131287e-02
1.163666248321533203e-01
4.585802555084228516e-03
2.904112264513969421e-02
4.912236239761114120e-03
5.214117094874382019e-02
3.941576869692653418e-04
6.260786950588226318e-02
-4.945704340934753418e-02
-1.045438088476657867e-02
-5.323445796966552734e-02
-6.329125259071588516e-03
2.908881567418575287e-02
5.364051554352045059e-03
-4.048234969377517700e-02
5.046917870640754700e-02
-6.017744541168212891e-02
2.854707278311252594e-02
-1.166825648397207260e-02
2.611978910863399506e-02
-5.567904189229011536e-02
-5.321920849382877350e-03
6.352215260267257690e-02
-2.655103243887424469e-02
-7.105282694101333618e-02
-4.632230848073959351e-03
-9.606068581342697144e-02
8.537903195247054100e-04
4.402888938784599304e-02
-2.371451258659362793e-02
-1.926795765757560730e-02
-8.720713667571544647e-03
-7.778448611497879028e-02
-2.731277607381343842e-02
5.669777747243642807e-03
-3.880894277244806290e-03
-4.585625976324081421e-02
-2.800435759127140045e-02
4.537662118673324585e-02
8.219761773943901062e-03
-6.735005229711532593e-02
1.077240556478500366e-01
2.149711921811103821e-02
-2.836048603057861328e-02
-6.113889161497354507e-03
3.697055857628583908e-03
-1.832331903278827667e-02
-6.643289327621459961e-02
-6.366561353206634521e-02
2.884232206270098686e-03
-8.521027117967605591e-02
6.141274934634566307e-04
-3.714343905448913574e-02
4.003473371267318726e-02
-7.657092995941638947e-03
8.537994697690010071e-03
3.771794959902763367e-02
1.095296144485473633e-01
-2.680986560881137848e-02
2.736162021756172180e-02
3.991480916738510132e-02
-6.406159698963165283e-02
2.681775391101837158e-02
2.644477225840091705e-02
4.400125145912170410e-02
6.271046400070190430e-02
-3.313592821359634399e-02
3.007425926625728607e-02
-1.785142160952091217e-02
-1.323458366096019745e-02
-2.970398589968681335e-02
1.015388742089271545e-01
7.783138658851385117e-03
-2.914657816290855408e-02
-4.549270123243331909e-02
2.914677560329437256e-02
-8.770258724689483643e-02
-5.198419094085693359e-03
7.655208557844161987e-02
7.354974001646041870e-02
-5.405891686677932739e-03
-8.226455003023147583e-02
-4.114527627825737000e-02
9.418554836884140968e-04
-5.149610713124275208e-02
3.815438970923423767e-02
8.199296891689300537e-02
-1.122471969574689865e-02
-2.063913829624652863e-02
6.456624716520309448e-02
4.190549254417419434e-02
2.956705354154109955e-02
7.358366157859563828e-03
-2.485543489456176758e-03
-6.144363433122634888e-02
-2.641756460070610046e-02
2.402729727327823639e-02
3.956658393144607544e-02
3.332758694887161255e-02
-8.569775521755218506e-02
-5.340003222227096558e-02
1.498339138925075531e-02
5.121842771768569946e-02
-1.441392302513122559e-02
-1.678024232387542725e-02
-5.245236679911613464e-02
-1.054168771952390671e-02
4.698771052062511444e-03
-2.242215909063816071e-02
-3.328790143132209778e-02
-1.719781779684126377e-03
-2.493520453572273254e-02
1.541677862405776978e-02
-1.293772179633378983e-02
2.202114090323448181e-02
1.368965022265911102e-02
4.955819994211196899e-02
5.543871968984603882e-02
-2.003845945000648499e-02
1.221723796334117651e-04
-4.104760661721229553e-02
6.208218261599540710e-02
2.756431326270103455e-02
-7.516594231128692627e-02
-6.685739010572433472e-02
-1.573677919805049896e-02
5.636283755302429199e-02
-8.866490796208381653e-03
1.795995421707630157e-02
-1.947317086160182953e-02
8.534356206655502319e-02
2.885171771049499512e-02
-2.641323581337928772e-02
1.813183352351188660e-02
-4.380464926362037659e-02
-2.232440747320652008e-02
-5.456702038645744324e-02
-4.711017012596130371e-02
-5.328452587127685547e-02
-7.621950469911098480e-03
-1.761059276759624481e-02
3.470824565738439560e-03
-6.210609152913093567e-02
5.699693411588668823e-02
2.022917568683624268e-02
-5.483129061758518219e-03
4.451813921332359314e-02
3.794933483004570007e-02
1.814420521259307861e-02
-5.388779193162918091e-02
3.401317819952964783e-02
-3.131357487291097641e-03
-3.936632350087165833e-02
8.958761580288410187e-03
-1.053789705038070679e-01
2.868935465812683105e-02
-3.435569349676370621e-03
-5.486029386520385742e-02
2.660994604229927063e-02
5.323844030499458313e-02
6.341637670993804932e-02
2.792292041704058647e-03
-2.621720731258392334e-02
-5.700676236301660538e-03
-3.896058350801467896e-02
-1.507937163114547729e-02
2.680199965834617615e-02
-3.530766814947128296e-02
5.392599105834960938e-02
-5.230845138430595398e-02
-6.154037266969680786e-02
7.364754565060138702e-03
2.175356075167655945e-02
-4.758979752659797668e-02
2.109164372086524963e-02
-5.760091543197631836e-02
-1.113714203238487244e-01
2.332285605370998383e-02
6.255489587783813477e-02
-2.703305706381797791e-02
4.579560086131095886e-02
5.359781533479690552e-02
-4.891548305749893188e-03
-9.330779430456459522e-04
-2.386697009205818176e-02
5.637108534574508667e-02
-3.174280375242233276e-02
-1.833250932395458221e-02
1.320355683565139771e-01
-3.890122473239898682e-02
-1.193185597658157349e-01
2.007364854216575623e-02
9.108696877956390381e-02
3.249160200357437134e-02
-9.429129213094711304e-02
-6.284029781818389893e-02
-4.979500547051429749e-02
2.263756282627582550e-02
1.218619011342525482e-02
1.000767722725868225e-01
-1.658411696553230286e-02
4.548492282629013062e-02
-1.294857449829578400e-02
-2.237670868635177612e-02
5.463556200265884399e-02
4.040516167879104614e-02
2.284102141857147217e-02
-2.442375198006629944e-02
9.072145074605941772e-02
7.225959748029708862e-02
-4.239912703633308411e-02
-2.974465605802834034e-04
2.320511080324649811e-02
-8.850398473441600800e-03
-2.814880572259426117e-02
-1.787995919585227966e-02
-3.583823889493942261e-02
-4.925391823053359985e-02
6.156392768025398254e-02
-9.224678389728069305e-03
-2.127611637115478516e-02
-1.034480705857276917e-02
-9.153546765446662903e-03
-1.256870925426483154e-01
-2.361579425632953644e-02
-5.145742371678352356e-02
-2.790613844990730286e-02
-5.184356495738029480e-02
5.479716509580612183e-02
6.755693256855010986e-02
-1.945017836987972260e-02
2.346492186188697815e-02
7.882009446620941162e-02
-3.741578385233879089e-02
-4.036597907543182373e-02
3.254213184118270874e-02
8.071927726268768311e-02
-5.164937116205692291e-03
1.350268572568893433e-01
-9.227497503161430359e-03
-5.939041450619697571e-02
-6.044200155884027481e-03
-9.285433590412139893e-02
1.215377822518348694e-02
5.162091925740242004e-02
-7.285134494304656982e-02
6.094427034258842468e-02
2.574924007058143616e-02
-5.093256384134292603e-02
-7.631065696477890015e-02
-4.774927347898483276e-02
-8.615495637059211731e-03
4.477485269308090210e-02
7.855919003486633301e-02
-3.535391762852668762e-02
1.040372997522354126e-02
3.846074268221855164e-02
9.365735948085784912e-02
1.032612193375825882e-02
2.086520008742809296e-02
-1.103910803794860840e-02
3.852831944823265076e-02
-3.511996194720268250e-02
8.634842187166213989e-02
-1.505378186702728271e-01
6.637566536664962769e-02
-6.196347624063491821e-02
-2.901032008230686188e-02
2.772564766928553581e-03
4.606496542692184448e-02
-1.093755476176738739e-02
-2.877128077670931816e-03
-7.194164209067821503e-03
-4.174766689538955688e-02
6.851610727608203888e-03
4.106879350729286671e-04
-1.063662171363830566e-01
1.019935384392738342e-01
-2.340093196835368872e-04
-3.351305797696113586e-02
2.259409055113792419e-02
-6.916083395481109619e-02
4.065146204084157944e-03
2.267227694392204285e-02
3.931153938174247742e-02
1.684783771634101868e-02
4.047955200076103210e-02
5.239459127187728882e-02
8.064610883593559265e-03
2.376672253012657166e-02
1.258032917976379395e-01
-2.126956358551979065e-02
8.364944159984588623e-02
-6.001166626811027527e-02
-2.863473817706108093e-02
4.923790693283081055e-02
6.485315412282943726e-02
-6.802080571651458740e-02
1.186239719390869141e-02
-3.437230736017227173e-02
-5.920005589723587036e-02
8.780672401189804077e-02
1.264449022710323334e-02
5.186873674392700195e-02
-8.645837195217609406e-03
3.027849597856402397e-03
1.224137842655181885e-03
1.078105419874191284e-01
-3.624684363603591919e-02
-3.900121152400970459e-02
-1.575309038162231445e-02
1.996594108641147614e-02
5.952402949333190918e-02
-3.145537897944450378e-02
-3.400132758542895317e-03
-3.687275946140289307e-02
-8.649730123579502106e-03
-3.289601951837539673e-02
5.429708957672119141e-02
5.492656305432319641e-02
-4.088660702109336853e-02
-7.749689277261495590e-03
-1.179951280355453491e-01
1.802738197147846222e-02
5.777426809072494507e-02
-2.508355304598808289e-02
2.658553794026374817e-02
3.801841288805007935e-02
3.602857515215873718e-02
-6.712500005960464478e-03
2.929080091416835785e-02
-3.106939233839511871e-02
-8.779779076576232910e-02
3.841391950845718384e-02
-6.833007186651229858e-02
5.212136358022689819e-02
-5.006102845072746277e-02
3.449549898505210876e-02
6.515991874039173126e-03
7.205752190202474594e-03
-9.327206015586853027e-02
-8.943663537502288818e-02
-1.645797863602638245e-03
2.025220729410648346e-02
1.968289725482463837e-02
-5.036444589495658875e-02
1.378135085105895996e-01
-7.181334495544433594e-02
-1.870860904455184937e-02
4.953927919268608093e-02
-2.586022019386291504e-04
-1.005998812615871429e-02
4.591809958219528198e-02
3.058977425098419189e-02
-2.585737779736518860e-02
1.229119487106800079e-02
5.914137512445449829e-02
7.723603397607803345e-02
1.294756215065717697e-02
-8.580031804740428925e-03
9.554831683635711670e-02
4.663024563342332840e-03
-1.983830891549587250e-02
-6.546577904373407364e-03
2.969825826585292816e-02
-4.957141727209091187e-02
6.045670062303543091e-02
-3.013311326503753662e-02
-8.387662470340728760e-02
9.073035418987274170e-02
4.183628037571907043e-02
1.922025578096508980e-03
-6.650847382843494415e-03
-4.803271964192390442e-02
1.338623743504285812e-02
6.549759209156036377e-02
7.306821644306182861e-03
-7.786641363054513931e-03
-5.014992877840995789e-02
-1.686527021229267120e-02
-1.193679869174957275e-03
4.894785210490226746e-02
