1.831530965864658356e-02
-5.368098616600036621e-02
-3.509064670652151108e-03
1.466419547796249390e-02
8.194739930331707001e-03
-6.302248686552047729e-02
2.500809356570243835e-02
4.468776658177375793e-02
7.222634553909301758e-02
-7.916937768459320068e-02
-3.527952823787927628e-03
2.229474671185016632e-02
6.981183588504791260e-02
2.795365825295448303e-02
-8.234363049268722534e-03
-1.282397657632827759e-02
1.111240591853857040e-02
-4.881255701184272766e-02
-6.482973694801330566e-02
-1.583662070333957672e-02
4.187791142612695694e-03
-5.518692731857299805e-02
3.724129172042012215e-03
-3.147726133465766907e-02
-8.498521149158477783e-02
-1.729726791381835938e-02
3.988251090049743652e-03
8.057164400815963745e-02
-3.754218295216560364e-02
-2.705849707126617432e-02
-5.601511523127555847e-02
1.478312723338603973e-02
-3.669703751802444458e-02
-5.823124572634696960e-02
-1.044511143118143082e-02
-3.964052349328994751e-02
-3.021299839019775391e-03
1.642446266487240791e-03
4.361355304718017578e-02
1.699687540531158447e-02
4.837997630238533020e-02
6.412069499492645264e-02
-6.565272808074951172e-02
3.151565091684460640e-03
-4.293506219983100891e-02
-7.360076904296875000e-02
-6.585973501205444336e-02
-4.812125116586685181e-03
3.184602409601211548e-02
-6.509183440357446671e-03
1.411279477179050446e-02
-5.881055071949958801e-02
6.402637064456939697e-02
4.177118465304374695e-02
-1.525407284498214722e-02
2.132418192923069000e-02
3.888716548681259155e-02
-5.261031538248062134e-02
-2.003027498722076416e-02
2.894801273941993713e-02
6.273889448493719101e-03
-2.171265706419944763e-02
-6.660610437393188477e-02
-4.768756777048110962e-02
-9.928102605044841766e-03
3.193387761712074280e-02
-6.462775915861129761e-02
8.365591615438461304e-02
-1.165995933115482330e-02
-1.897791400551795959e-02
-1.604908332228660583e-02
3.405789285898208618e-02
-3.671719878911972046e-02
2.339128404855728149e-02
-4.358238074928522110e-03
-6.438015401363372803e-02
1.208112388849258423e-02
-4.559652134776115417e-02
2.410456165671348572e-02
-4.431248083710670471e-02
-2.039918117225170135e-02
4.350075032562017441e-03
-7.117521949112415314e-03
-6.410165876150131226e-02
-9.178189560770988464e-03
-3.526928275823593140e-02
-4.104952886700630188e-02
4.526789858937263489e-02
6.061266176402568817e-03
3.602173877879977226e-03
5.119553208351135254e-02
3.373235522303730249e-04
4.435862973332405090e-02
-1.950814574956893921e-02
2.137605473399162292e-02
8.021181821823120117e-02
4.176074638962745667e-02
1.485150866210460663e-02
-5.171866342425346375e-02
3.490153700113296509e-02
-8.498034439980983734e-03
5.664094537496566772e-02
3.619968774728477001e-04
2.871663495898246765e-02
1.460795383900403976e-02
2.017250284552574158e-02
3.986500948667526245e-02
-2.201160043478012085e-02
-1.649322733283042908e-02
4.765582829713821411e-02
1.082793064415454865e-02
-2.238306775689125061e-02
4.847880080342292786e-02
1.553286053240299225e-02
4.040670394897460938e-02
-4.079937934875488281e-02
-2.266366966068744659e-02
-7.145825773477554321e-02
-5.775982141494750977e-02
6.762298196554183960e-02
-5.752464383840560913e-02
2.937742136418819427e-02
-3.876416385173797607e-02
-1.132879704236984253e-01
-3.771466389298439026e-02
-2.050435170531272888e-02
-5.954518169164657593e-02
-5.027864128351211548e-02
-1.329770870506763458e-02
2.114031463861465454e-02
-7.409811019897460938e-03
5.966955423355102539e-02
-2.673535607755184174e-02
7.202801294624805450e-03
-5.348384380340576172e-02
6.816428899765014648e-02
-6.833930313587188721e-02
-6.437811255455017090e-02
-1.812119036912918091e-02
-1.727617112919688225e-03
5.207043141126632690e-02
-1.372037269175052643e-02
-2.284528128802776337e-02
5.754131078720092773e-02
-1.490308064967393875e-02
-8.295356482267379761e-02
4.058948531746864319e-02
-4.854419734328985214e-03
-3.810113761574029922e-03
-3.060111403465270996e-02
-2.543673291802406311e-02
5.392583459615707397e-02
8.019711822271347046e-02
4.424745589494705200e-02
1.511884015053510666e-02
1.373710669577121735e-02
1.893308945000171661e-02
4.258380457758903503e-02
1.450002007186412811e-02
-4.283590987324714661e-02
3.173542767763137817e-02
-4.144959524273872375e-02
1.019755844026803970e-02
3.239682316780090332e-02
4.742873366922140121e-03
8.560026064515113831e-03
-3.752599703148007393e-03
1.583204790949821472e-02
2.730907872319221497e-02
-7.396303862333297729e-02
-1.512743532657623291e-03
-4.447776079177856445e-02
-2.976275980472564697e-02
-2.202283649239689112e-04
-9.017271548509597778e-02
5.801960080862045288e-02
2.743810415267944336e-02
-3.225202485918998718e-02
1.565409079194068909e-02
-4.379215836524963379e-02
6.150352768599987030e-03
-1.057103928178548813e-02
5.304452031850814819e-02
3.908647969365119934e-02
6.556981801986694336e-02
4.477854818105697632e-02
2.365896012634038925e-03
1.399497222155332565e-02
1.437412761151790619e-02
-9.824586100876331329e-03
6.452553719282150269e-02
1.946536637842655182e-02
3.230980783700942993e-02
-2.139875292778015137e-02
-1.797567307949066162e-02
-6.753577291965484619e-02
9.595637768507003784e-02
4.580942168831825256e-02
1.347588188946247101e-02
-1.038091350346803665e-02
6.643067114055156708e-03
4.358247295022010803e-02
-3.321589156985282898e-02
-5.862797424197196960e-02
7.122424244880676270e-02
1.079439558088779449e-02
-6.395338568836450577e-03
3.324308618903160095e-02
-6.354967504739761353e-02
-5.109567195177078247e-02
3.661527484655380249e-02
3.318476304411888123e-02
3.319050744175910950e-02
-8.237019181251525879e-02
-5.839576479047536850e-03
1.248576119542121887e-02
2.524674311280250549e-02
2.396775409579277039e-02
-6.746910512447357178e-02
4.099764861166477203e-03
2.448365092277526855e-02
2.552447095513343811e-02
-1.114034932106733322e-02
-4.352744668722152710e-02
1.524932961910963058e-02
1.642913743853569031e-02
-9.331934154033660889e-02
4.363754391670227051e-02
3.018370643258094788e-02
-1.567813009023666382e-02
-2.947483584284782410e-02
-2.882187068462371826e-02
2.579088136553764343e-02
-7.941795885562896729e-02
2.975189592689275742e-03
-3.892248123884201050e-02
-7.074152585119009018e-03
-2.263423800468444824e-02
2.918195165693759918e-02
-6.857208907604217529e-02
4.492582008242607117e-02
1.286386139690876007e-02
-5.278253462165594101e-03
-5.437554046511650085e-02
8.380195125937461853e-03
-8.956622332334518433e-03
-5.224034935235977173e-02
-2.924847649410367012e-03
3.178508486598730087e-03
6.023784168064594269e-03
-5.527423694729804993e-02
5.519624799489974976e-02
-5.240602046251296997e-02
1.149216666817665100e-02
-4.186569247394800186e-03
-4.421906918287277222e-02
4.225073754787445068e-02
2.213763631880283356e-02
2.077218517661094666e-02
-3.826908767223358154e-02
-2.968973293900489807e-02
-3.769810125231742859e-02
-4.312817007303237915e-02
-5.726488307118415833e-02
-1.437188126146793365e-02
-5.244640260934829712e-02
-1.741469465196132660e-02
-3.694491088390350342e-02
5.075133591890335083e-02
1.367042213678359985e-02
2.155755273997783661e-02
3.527805907651782036e-03
3.776985406875610352e-02
3.882680088281631470e-02
1.899937912821769714e-02
1.942768320441246033e-02
-1.673537492752075195e-02
3.215759992599487305e-03
1.285787858068943024e-02
-1.521160919219255447e-02
2.301077917218208313e-02
-4.188776761293411255e-02
-6.790920346975326538e-02
4.049632325768470764e-02
6.875924021005630493e-02
2.654679119586944580e-02
4.780800081789493561e-03
5.884388089179992676e-02
4.384791478514671326e-02
9.489065036177635193e-03
3.007521154358983040e-03
-6.694787740707397461e-02
5.942971631884574890e-02
-2.566127851605415344e-02
-4.062972590327262878e-02
6.744316965341567993e-02
-1.710017956793308258e-02
-5.374034494161605835e-02
-2.692379057407379150e-03
4.981682077050209045e-02
5.282692238688468933e-02
7.016676664352416992e-02
4.084387049078941345e-02
4.070329666137695312e-02
3.212938830256462097e-02
3.931763768196105957e-02
2.540209330618381500e-02
-3.789637610316276550e-02
-5.867888778448104858e-02
-7.951678335666656494e-02
6.467126309871673584e-03
7.768367230892181396e-02
2.996879257261753082e-02
-3.920089080929756165e-02
6.064050272107124329e-02
1.082028169184923172e-02
2.641293406486511230e-02
-3.985619544982910156e-02
8.493136614561080933e-02
4.010793939232826233e-02
1.407107990235090256e-02
3.837063908576965332e-02
2.869584783911705017e-02
5.333283450454473495e-03
-1.245581312105059624e-03
-1.836010627448558807e-02
-3.051419556140899658e-02
-1.844533160328865051e-02
6.231033802032470703e-02
3.368566976860165596e-03
1.174706127494573593e-02
-1.848336122930049896e-02
1.582255773246288300e-02
3.719780594110488892e-02
-7.958751916885375977e-02
-1.508772402303293347e-04
-3.203234076499938965e-02
4.067947715520858765e-02
-1.185328979045152664e-02
8.496059104800224304e-03
-3.798327967524528503e-02
2.665261551737785339e-02
-2.931589446961879730e-02
3.069699183106422424e-02
-3.193704038858413696e-02
1.310985721647739410e-02
6.867139041423797607e-02
2.916553523391485214e-03
-1.474170945584774017e-02
-2.403686381876468658e-02
-1.060042809695005417e-02
-8.783924393355846405e-03
5.039973184466362000e-02
2.879887260496616364e-02
7.204296439886093140e-02
1.295036636292934418e-02
-2.991047501564025879e-02
3.552361205220222473e-02
4.724036157131195068e-02
2.838417515158653259e-02
-2.259466052055358887e-02
-5.247321724891662598e-02
4.337669536471366882e-02
2.452712133526802063e-02
-6.386547535657882690e-02
-4.111113399267196655e-02
-1.656976714730262756e-02
-4.805003851652145386e-02
9.601994603872299194e-02
6.213762611150741577e-02
-9.613389149308204651e-03
3.460857318714261055e-03
-7.109791040420532227e-02
-6.283678114414215088e-03
-2.158646844327449799e-02
-2.279342710971832275e-02
3.362600505352020264e-02
3.288900945335626602e-03
3.692726790904998779e-02
9.828688576817512512e-03
-3.202108666300773621e-02
-2.782781049609184265e-02
4.464510083198547363e-02
-4.322794079780578613e-02
5.044141411781311035e-02
2.702701091766357422e-02
3.994016721844673157e-02
3.581700474023818970e-02
8.905638940632343292e-03
-2.016687765717506409e-02
9.871279820799827576e-03
-2.967109903693199158e-02
-2.610993944108486176e-02
-4.315140843391418457e-02
-1.147341728210449219e-02
-3.384219482541084290e-02
2.359831891953945160e-02
2.809257712215185165e-03
5.011891201138496399e-02
-3.001884184777736664e-02
8.760669827461242676e-02
-6.013379245996475220e-02
-4.398322850465774536e-02
-1.374898850917816162e-02
7.089174352586269379e-03
4.051194712519645691e-02
4.511946812272071838e-02
4.465790838003158569e-02
-1.436873059719800949e-02
-5.822799354791641235e-02
1.242908835411071777e-02
-3.682226088130846620e-05
1.520218513906002045e-02
-2.320832200348377228e-02
-2.814476564526557922e-02
-1.806685887277126312e-02
-7.557202875614166260e-02
-2.807436510920524597e-02
-8.470030501484870911e-03
-1.074299495667219162e-02
-5.174272507429122925e-02
1.357437483966350555e-02
7.100716466084122658e-04
1.501406449824571609e-02
1.227617263793945312e-02
-3.449148684740066528e-02
1.781766489148139954e-02
5.239555984735488892e-02
5.984487384557723999e-02
3.630165755748748779e-02
-6.079339981079101562e-02
1.601338014006614685e-02
-5.009909719228744507e-02
1.855134591460227966e-02
-1.592157594859600067e-02
3.287884220480918884e-02
1.277657318860292435e-02
-1.174164637923240662e-01
4.371113702654838562e-02
-4.330898076295852661e-02
-7.189414650201797485e-02
-4.617857933044433594e-02
-1.998113282024860382e-02
8.496059477329254150e-02
-3.608516976237297058e-02
7.184569537639617920e-02
-3.530590562149882317e-03
-6.626887619495391846e-02
2.916689217090606689e-02
2.469295635819435120e-02
1.307913102209568024e-02
9.734681993722915649e-02
7.817972218617796898e-04
4.591097123920917511e-03
-7.035352289676666260e-02
-2.915842831134796143e-02
6.504812277853488922e-03
1.717899926006793976e-02
-2.548777498304843903e-02
-6.337348371744155884e-02
-1.303645037114620209e-02
3.497444838285446167e-02
6.665651686489582062e-03
-4.725215025246143341e-03
-2.452746033668518066e-03
-3.331825882196426392e-02
-3.008943749591708183e-03
-7.287997752428054810e-02
-4.235997051000595093e-02
-4.487972334027290344e-02
-1.288194768130779266e-02
6.654280424118041992e-02
1.785167679190635681e-02
-9.011795371770858765e-02
2.835214254446327686e-04
1.536825578659772873e-02
-3.576287627220153809e-02
-7.791862636804580688e-02
-1.697678491473197937e-02
3.011084534227848053e-02
-3.195462003350257874e-02
3.180424124002456665e-02
-1.046818960458040237e-02
-6.050043553113937378e-02
-9.482266753911972046e-02
-4.319690912961959839e-02
8.209292590618133545e-02
-2.404130436480045319e-02
-1.411988027393817902e-02
-6.556441076099872589e-03
2.629926428198814392e-02
-2.351486124098300934e-02
1.773092709481716156e-02
1.960214413702487946e-02
-4.837559536099433899e-02
1.580420695245265961e-02
1.542494911700487137e-02
-3.027054108679294586e-02
6.153463572263717651e-02
7.483704946935176849e-03
-1.868911273777484894e-02
-6.768204271793365479e-03
-9.730262681841850281e-03
6.308171153068542480e-02
-7.811470329761505127e-02
-3.731064870953559875e-02
-5.501400679349899292e-02
-2.396406047046184540e-02
-1.172686833888292313e-02
4.319658968597650528e-03
3.475590050220489502e-02
-3.529192879796028137e-02
-3.204945847392082214e-02
8.819511858746409416e-04
-1.967906393110752106e-02
-9.345399215817451477e-03
-5.609800666570663452e-02
3.142001107335090637e-02
-2.094118855893611908e-02
-1.922529563307762146e-02
6.336034834384918213e-02
-2.684075199067592621e-02
-2.057445701211690903e-03
-5.882978439331054688e-03
3.339035063982009888e-02
-3.595107421278953552e-02
-3.780551999807357788e-02
6.880661845207214355e-02
7.537961006164550781e-02
-2.651114715263247490e-03
-5.337433889508247375e-02
-6.129456683993339539e-02
-6.486116349697113037e-02
-1.339695882052183151e-02
-3.779316693544387817e-02
6.551147997379302979e-02
4.193026944994926453e-02
4.943578317761421204e-02
-2.789252623915672302e-02
6.107167154550552368e-02
-9.037352167069911957e-03
-7.210725545883178711e-02
-4.043225571513175964e-02
1.620571361854672432e-03
-6.746617145836353302e-03
7.706035859882831573e-03
6.144219636917114258e-02
1.960836909711360931e-02
3.261515498161315918e-02
-9.963877499103546143e-03
5.577500909566879272e-02
4.431907087564468384e-02
9.552851319313049316e-02
3.529294580221176147e-02
-4.296538233757019043e-02
-2.531179226934909821e-02
8.621366322040557861e-02
-6.591466069221496582e-02
-2.326259948313236237e-02
-2.247759327292442322e-02
3.130286186933517456e-02
-4.789197817444801331e-02
1.913644932210445404e-02
-2.322518266737461090e-02
2.826304174959659576e-02
6.000424548983573914e-02
-6.104857847094535828e-02
-2.057000435888767242e-02
-3.549084067344665527e-03
-2.567993663251399994e-02
-7.488290220499038696e-02
-8.891065418720245361e-02
5.628551170229911804e-02
3.029621206223964691e-02
-1.573356566950678825e-03
-1.046548830345273018e-03
-1.419560052454471588e-02
-3.904773294925689697e-02
6.684824824333190918e-02
1.625542901456356049e-02
-5.563079379498958588e-03
3.548544272780418396e-02
-3.144592791795730591e-02
-2.692362666130065918e-02
3.394594416022300720e-02
1.435956335626542568e-03
1.020684000104665756e-02
-6.225756369531154633e-03
2.766548655927181244e-02
-4.649759829044342041e-02
1.347951870411634445e-02
1.039759628474712372e-02
-9.243479929864406586e-03
-1.769576035439968109e-02
5.427304655313491821e-02
-2.228636480867862701e-02
1.313221752643585205e-01
1.970569789409637451e-02
-3.628234192728996277e-02
7.820841670036315918e-02
2.056940086185932159e-02
-5.118736065924167633e-03
9.281627833843231201e-03
-3.178962320089340210e-02
2.148249419406056404e-03
-6.230643484741449356e-03
2.861343882977962494e-02
5.172283202409744263e-02
5.957223102450370789e-02
-8.188214153051376343e-03
1.127026043832302094e-02
-2.150192484259605408e-02
3.356266394257545471e-02
-2.153027988970279694e-02
-1.375585235655307770e-02
-1.315210573375225067e-02
7.046891003847122192e-02
-8.811979740858078003e-02
-3.928632289171218872e-02
4.741658270359039307e-02
1.335264183580875397e-02
-3.962984308600425720e-02
1.426406763494014740e-02
1.405142992734909058e-02
-6.504317373037338257e-02
-1.597843691706657410e-02
-9.140593931078910828e-03
3.072276711463928223e-02
-1.812429726123809814e-02
-1.957258954644203186e-02
-3.322666883468627930e-02
-3.399081155657768250e-02
-1.953022368252277374e-02
-5.147259309887886047e-02
-5.328136961907148361e-03
6.523994356393814087e-02
-1.067386753857135773e-02
-7.922459393739700317e-02
6.979121360927820206e-03
2.936437027528882027e-03
2.593533135950565338e-02
-1.004223246127367020e-02
6.333239376544952393e-02
-6.718668341636657715e-02
-1.744849234819412231e-02
6.015476305037736893e-03
3.583209123462438583e-03
7.867026142776012421e-03
2.039354108273983002e-02
2.447872981429100037e-02
1.692491769790649414e-02
2.028671652078628540e-02
3.445341810584068298e-02
5.936533212661743164e-02
2.336270920932292938e-02
-5.103860050439834595e-02
1.648775301873683929e-02
1.009269850328564644e-03
-5.477873235940933228e-02
-9.796055033802986145e-03
-1.099383272230625153e-02
-6.515278015285730362e-03
2.384421229362487793e-02
1.550505589693784714e-02
3.986300528049468994e-02
-4.003192856907844543e-02
1.188770495355129242e-02
2.448579110205173492e-02
4.253385215997695923e-02
-4.789485409855842590e-02
1.126752048730850220e-02
3.282008320093154907e-02
1.216974295675754547e-02
2.491546235978603363e-02
5.935664288699626923e-03
4.943116754293441772e-02
1.618115045130252838e-02
2.782824076712131500e-02
4.725655540823936462e-03
3.713836893439292908e-02
-5.252404604107141495e-03
1.991122961044311523e-02
7.341213524341583252e-03
-1.126780547201633453e-02
-5.040325969457626343e-02
1.090626232326030731e-02
-1.746449247002601624e-02
1.554921269416809082e-02
-1.566239073872566223e-02
5.621816590428352356e-02
5.934168770909309387e-02
7.271948270499706268e-03
-2.235832996666431427e-02
2.921776100993156433e-02
6.321698310784995556e-04
-3.057087585330009460e-02
-6.525442004203796387e-04
-1.627410762012004852e-02
-6.374920904636383057e-02
1.824440620839595795e-02
-5.167729780077934265e-02
4.147056490182876587e-02
4.448077082633972168e-02
1.012206897139549255e-01
7.173193991184234619e-02
1.884464360773563385e-02
1.315345056354999542e-02
3.390685841441154480e-02
-1.409816928207874298e-02
-6.635434925556182861e-02
-2.232915535569190979e-02
-1.564718782901763916e-03
5.672950297594070435e-02
4.696766287088394165e-02
2.235503867268562317e-02
1.509001292288303375e-02
-4.545048810541629791e-03
-2.552986703813076019e-02
-1.539832167327404022e-02
1.317316107451915741e-02
1.118203345686197281e-02
1.395190972834825516e-02
-2.727045491337776184e-02
7.349911332130432129e-02
-1.100345104932785034e-01
7.116185128688812256e-02
5.092306062579154968e-02
1.178094558417797089e-02
2.077241055667400360e-02
2.943724952638149261e-02
-2.597066387534141541e-02
4.479502886533737183e-02
-4.055518656969070435e-02
1.231178082525730133e-02
-3.513520210981369019e-02
2.384645491838455200e-02
-3.380206972360610962e-02
1.508013345301151276e-02
-6.002617999911308289e-02
5.745080299675464630e-03
6.583844125270843506e-02
5.315912887454032898e-02
-2.115041390061378479e-02
-2.584378793835639954e-02
2.398872002959251404e-02
-3.334672749042510986e-02
-3.819381445646286011e-02
1.476975716650485992e-02
8.659978210926055908e-02
3.520524501800537109e-02
-4.572576284408569336e-02
4.582663252949714661e-02
-9.612385183572769165e-03
4.464509338140487671e-02
3.234854340553283691e-02
4.804500192403793335e-02
-6.762061268091201782e-02
3.401998430490493774e-02
-2.675234153866767883e-02
8.229664713144302368e-02
1.748070679605007172e-02
3.408746328204870224e-03
7.660971488803625107e-03
3.292835876345634460e-02
3.193500684574246407e-03
-8.738998323678970337e-03
-3.317399695515632629e-02
-3.660152107477188110e-02
5.525127053260803223e-04
-1.059464085847139359e-02
-8.639554679393768311e-02
4.106609895825386047e-02
-1.743114925920963287e-02
-4.448227956891059875e-02
1.537009514868259430e-02
-1.919276267290115356e-02
-1.151309907436370850e-02
-2.741103246808052063e-02
-2.948846481740474701e-02
2.920648548752069473e-03
-5.759769119322299957e-03
5.462315678596496582e-02
-7.232338190078735352e-02
8.132345974445343018e-04
-7.148110866546630859e-02
6.538394838571548462e-02
-2.648918703198432922e-02
6.793509423732757568e-02
7.509372383356094360e-02
-2.167417481541633606e-02
-2.788152173161506653e-02
1.133070327341556549e-02
5.013024806976318359e-02
-7.169336080551147461e-02
-7.568015158176422119e-02
-4.106687009334564209e-02
5.020054429769515991e-02
-3.322438523173332214e-02
-2.783609926700592041e-02
-3.267018590122461319e-03
8.592097088694572449e-03
-5.418143793940544128e-02
-7.979159057140350342e-02
-2.170178294181823730e-02
5.355887115001678467e-03
2.481532655656337738e-02
-2.584239840507507324e-02
-2.276154235005378723e-02
-3.585020452737808228e-02
-7.759952452033758163e-03
-1.228247862309217453e-02
-6.648697704076766968e-02
-6.223599985241889954e-02
-6.266358494758605957e-02
-4.442726820707321167e-02
1.421044301241636276e-02
3.097669221460819244e-02
-3.241003258153796196e-03
7.771328091621398926e-05
1.369724888354539871e-02
-4.869937896728515625e-02
4.276006296277046204e-02
1.539387367665767670e-02
9.317140094935894012e-03
-2.166691422462463379e-02
-2.154357172548770905e-02
8.594006299972534180e-02
1.408261992037296295e-02
-3.096950054168701172e-02
-3.383466601371765137e-02
-6.249275803565979004e-02
-1.029558014124631882e-02
-4.045460373163223267e-02
-4.326187190599739552e-04
1.005563139915466309e-01
-8.586982637643814087e-02
6.481803208589553833e-02
3.072839975357055664e-02
1.314500719308853149e-02
-2.960097743198275566e-03
-1.100145932286977768e-02
7.550931069999933243e-03
2.412068471312522888e-02
-1.557474583387374878e-02
2.687725424766540527e-02
3.143619745969772339e-02
1.001543365418910980e-02
-7.720379531383514404e-02
3.448560892138630152e-04
8.198936283588409424e-02
-1.414684765040874481e-02
-4.369410127401351929e-02
1.042382419109344482e-02
5.244780704379081726e-02
-3.228562325239181519e-02
-3.629257902503013611e-02
2.973605319857597351e-02
-1.090839505195617676e-02
5.008933693170547485e-02
-1.464923005551099777e-02
-2.677872776985168457e-02
2.205762080848217010e-02
-1.370552368462085724e-02
1.959843933582305908e-02
5.136283487081527710e-02
-7.713436335325241089e-02
-6.588493287563323975e-02
-1.997401379048824310e-02
6.359917670488357544e-02
1.272078324109315872e-02
1.474092900753021240e-02
2.370389178395271301e-02
-2.179864607751369476e-02
5.073750019073486328e-02
-5.598444491624832153e-02
8.491314947605133057e-02
1.090758200734853745e-02
-2.406265959143638611e-02
-7.760201394557952881e-02
3.082321025431156158e-02
-4.861572384834289551e-02
5.203446745872497559e-02
-4.966875538229942322e-02
-1.240211189724504948e-03
-7.126751542091369629e-02
2.220991626381874084e-02
-1.733260601758956909e-02
-4.308328405022621155e-02
3.068387508392333984e-03
-4.053532332181930542e-02
-7.144616544246673584e-02
-3.686955198645591736e-02
5.473524332046508789e-02
1.182633172720670700e-02
3.684607893228530884e-02
4.770754277706146240e-02
-6.580126285552978516e-02
-3.190021961927413940e-02
2.870522066950798035e-02
1.799228228628635406e-02
2.505174279212951660e-02
1.789661124348640442e-02
2.600845694541931152e-02
-4.842760413885116577e-02
-4.548849910497665405e-02
-2.563275396823883057e-03
2.378378435969352722e-02
3.675228357315063477e-02
4.944405704736709595e-02
1.449369452893733978e-02
2.828905545175075531e-02
-1.207789755426347256e-03
3.020853176712989807e-02
4.970281198620796204e-02
5.164004489779472351e-02
4.569951444864273071e-02
3.943673521280288696e-02
-6.299640983343124390e-02
-4.421539604663848877e-02
-4.617412574589252472e-03
-4.525755718350410461e-02
1.698931120336055756e-02
-2.115417085587978363e-02
-3.711191564798355103e-02
3.231961280107498169e-02
1.576507813297212124e-03
-6.997103989124298096e-02
-2.656485140323638916e-02
-7.464183866977691650e-02
1.110201887786388397e-02
1.531291939318180084e-02
2.111208066344261169e-02
3.975966479629278183e-03
-3.760889545083045959e-02
-1.616609469056129456e-02
3.647305071353912354e-03
-4.904808942228555679e-03
3.195039182901382446e-02
3.160746069625020027e-03
-2.376273274421691895e-03
4.961596429347991943e-02
4.169281572103500366e-02
1.248851476702839136e-04
-2.768809534609317780e-02
-3.494755178689956665e-02
8.162058889865875244e-02
-3.623498231172561646e-02
-3.589073568582534790e-02
-7.199835032224655151e-03
5.753344297409057617e-02
3.059480525553226471e-02
2.922812104225158691e-02
-5.072725936770439148e-02
-2.276774682104587555e-02
7.784804794937372208e-03
8.042138069868087769e-02
9.502777829766273499e-03
2.394858561456203461e-02
-3.994104638695716858e-02
3.136882185935974121e-02
1.489765010774135590e-02
1.684603467583656311e-02
8.787006372585892677e-04
8.394622802734375000e-02
1.867079176008701324e-02
1.207446586340665817e-02
5.309578031301498413e-02
3.223635256290435791e-03
1.127373985946178436e-02
-4.876883700489997864e-02
-2.426673285663127899e-02
-4.311568662524223328e-02
-5.333786085247993469e-02
-1.043113879859447479e-02
2.982652746140956879e-02
-2.623100578784942627e-02
5.118383094668388367e-02
6.113604828715324402e-02
3.321525081992149353e-02
1.727579534053802490e-02
3.386473655700683594e-02
-4.467200487852096558e-02
-3.354489058256149292e-02
1.440557278692722321e-02
-4.692838992923498154e-03
1.782971667125821114e-03
-3.525255713611841202e-03
1.177194714546203613e-02
2.673650160431861877e-02
3.390189260244369507e-03
-2.642666175961494446e-02
4.912822321057319641e-02
-2.232678607106208801e-02
2.482365444302558899e-02
1.639215089380741119e-02
-1.251070178113877773e-03
4.566831514239311218e-03
-5.584212392568588257e-02
-1.686899550259113312e-02
4.360828548669815063e-03
-6.467463076114654541e-02
-1.594839990139007568e-02
-9.681346826255321503e-03
-1.356797199696302414e-02
-1.629873178899288177e-02
-1.580874621868133545e-02
3.356334567070007324e-02
1.419264636933803558e-02
2.395228669047355652e-02
7.300714496523141861e-03
9.160602837800979614e-02
4.709168523550033569e-02
-8.700483292341232300e-02
3.768999502062797546e-02
7.407768070697784424e-02
2.200625091791152954e-02
2.401184290647506714e-03
-4.128382541239261627e-03
-9.613755159080028534e-03
-8.215516805648803711e-03
5.379392951726913452e-02
4.463196545839309692e-02
-4.003467038273811340e-02
-2.515261992812156677e-02
