3.273205086588859558e-02
2.899098768830299377e-02
1.992684043943881989e-02
-2.830500248819589615e-03
7.873285561800003052e-03
4.447129741311073303e-02
-2.812132425606250763e-02
-1.851317659020423889e-02
4.073292389512062073e-02
-1.688772626221179962e-02
-7.371483836323022842e-03
3.652330022305250168e-03
1.731708832085132599e-02
7.757696509361267090e-02
-2.369937486946582794e-02
-5.450306087732315063e-02
-3.251718357205390930e-02
-1.884169690310955048e-02
-1.164363138377666473e-02
5.755948368459939957e-04
-1.579060778021812439e-02
5.276516824960708618e-02
-2.028037235140800476e-02
1.925298199057579041e-02
-2.849830500781536102e-02
-8.307683281600475311e-03
1.189172640442848206e-02
5.892920307815074921e-03
1.257811021059751511e-02
-7.443144172430038452e-02
-9.412072598934173584e-03
-1.676724106073379517e-02
-7.094687968492507935e-02
-1.040230020880699158e-01
5.395741388201713562e-02
-4.011779651045799255e-02
4.443735256791114807e-02
4.731043055653572083e-02
3.613714873790740967e-02
1.778900995850563049e-02
-1.976961269974708557e-02
-8.105417713522911072e-03
5.270748957991600037e-02
-8.021592348814010620e-02
1.049361564218997955e-02
1.740698702633380890e-02
5.986933130770921707e-03
4.718586429953575134e-02
-6.431483477354049683e-02
7.206092774868011475e-02
-4.815378040075302124e-02
-6.600609421730041504e-02
6.947800051420927048e-03
3.826092695817351341e-03
-1.684663631021976471e-02
-6.595391780138015747e-02
-8.714884519577026367e-02
-7.792022079229354858e-02
-5.542985349893569946e-02
-1.103636771440505981e-01
-3.187229856848716736e-02
-1.925043389201164246e-02
6.834483891725540161e-02
-1.206116750836372375e-02
1.571588031947612762e-02
-1.338444091379642487e-02
1.661264896392822266e-02
6.443353742361068726e-02
6.029856577515602112e-02
4.709152132272720337e-02
2.666094712913036346e-02
6.204043515026569366e-03
3.830081317573785782e-03
-7.256864011287689209e-02
-9.749077260494232178e-03
-2.959961444139480591e-02
2.403823658823966980e-02
-5.505388602614402771e-03
-1.092982143163681030e-01
8.456478267908096313e-02
-9.728690609335899353e-03
4.383925814181566238e-03
2.468644268810749054e-02
4.770671948790550232e-02
-1.256581046618521214e-03
5.294238403439521790e-02
-2.719116210937500000e-02
-1.922814734280109406e-02
1.679185777902603149e-02
1.739627495408058167e-02
1.057424247264862061e-01
-1.478178519755601883e-02
-4.494646191596984863e-02
3.854436427354812622e-02
-3.301962837576866150e-02
5.246682837605476379e-02
1.823988929390907288e-02
6.483687460422515869e-02
1.764672435820102692e-02
-4.377273097634315491e-02
3.759431093931198120e-02
3.470410406589508057e-02
3.653383627533912659e-02
-1.178573351353406906e-02
5.114827305078506470e-02
-1.092182379215955734e-02
-5.538653954863548279e-02
1.273488104343414307e-01
6.678536999970674515e-03
1.647183485329151154e-02
-1.902713067829608917e-02
5.367492791265249252e-03
4.651696234941482544e-02
-2.866554632782936096e-02
1.864563114941120148e-02
8.068170398473739624e-02
4.473689943552017212e-02
5.184500291943550110e-02
8.678548969328403473e-03
9.119112044572830200e-03
5.774751678109169006e-02
-4.184079356491565704e-03
-9.829455055296421051e-03
-7.188098877668380737e-02
-1.164165884256362915e-02
6.512065883725881577e-03
-5.745348334312438965e-02
3.513105958700180054e-02
-2.761117368936538696e-02
2.303054556250572205e-03
-2.887245640158653259e-02
6.117427349090576172e-02
-3.099049814045429230e-02
2.981749549508094788e-02
-6.013250350952148438e-02
-7.886943221092224121e-02
-3.257377073168754578e-02
-9.599428623914718628e-02
-3.697629272937774658e-02
1.606815494596958160e-02
7.116550207138061523e-02
3.905541077256202698e-02
9.931726381182670593e-03
8.682976663112640381e-02
-2.833095006644725800e-02
6.596710532903671265e-02
2.724912390112876892e-02
2.161929197609424591e-02
-2.827171701937913895e-03
-2.940089628100395203e-02
1.397164911031723022e-02
2.169669419527053833e-02
-4.936144221574068069e-03
-2.262697182595729828e-02
1.211639610119163990e-03
9.354987740516662598e-02
2.168810460716485977e-03
2.725279331207275391e-02
2.316105365753173828e-02
2.078261785209178925e-02
4.644390568137168884e-02
4.225373268127441406e-02
-3.433899953961372375e-02
-2.847299911081790924e-02
3.483151551336050034e-03
1.083706598728895187e-02
2.675285190343856812e-02
-1.770505867898464203e-02
-1.035850681364536285e-02
-2.280058339238166809e-02
-9.727124124765396118e-03
4.435627162456512451e-02
1.205793023109436035e-02
-1.334756240248680115e-02
-7.781789172440767288e-03
7.114831358194351196e-02
-3.222003206610679626e-02
8.948116563260555267e-03
5.639023147523403168e-03
-7.780830841511487961e-03
8.507878333330154419e-02
2.932020463049411774e-02
-1.159861031919717789e-02
-2.240670472383499146e-02
-4.606289044022560120e-02
-2.977939508855342865e-02
1.343765296041965485e-02
8.117330819368362427e-02
1.819057576358318329e-02
2.490573935210704803e-02
5.363026633858680725e-02
2.095181867480278015e-02
5.742123350501060486e-02
5.509058386087417603e-02
7.534927874803543091e-02
2.215437218546867371e-02
-1.941287145018577576e-02
-1.857856661081314087e-02
-5.828890949487686157e-02
-4.284665733575820923e-02
-1.269137603230774403e-03
-3.370776399970054626e-02
-2.317273803055286407e-02
-7.193859666585922241e-02
2.652481384575366974e-02
-1.741198077797889709e-02
-6.144283711910247803e-02
-7.986897230148315430e-02
-6.821844261139631271e-03
5.432345718145370483e-02
1.917687430977821350e-02
-4.097294062376022339e-02
-3.117963485419750214e-02
-2.665488421916961670e-02
-3.691541031002998352e-02
4.331890493631362915e-02
-2.949356846511363983e-02
-5.382080003619194031e-02
1.245185919106006622e-02
-1.898764260113239288e-02
-4.910765588283538818e-02
-3.802446648478507996e-02
5.926996096968650818e-02
-1.780186779797077179e-02
5.553369224071502686e-02
-8.100090175867080688e-02
7.492557168006896973e-02
2.738595381379127502e-02
-4.077455028891563416e-02
-6.159331183880567551e-03
-3.704237937927246094e-02
-2.931293658912181854e-02
-1.821901649236679077e-02
4.512524232268333435e-02
2.356840530410408974e-03
-1.187394838780164719e-02
6.664361059665679932e-02
-5.819005891680717468e-02
-2.520288806408643723e-03
7.904629409313201904e-02
-4.277097992599010468e-03
3.251001611351966858e-02
-2.622251585125923157e-02
3.926442936062812805e-02
-2.200976945459842682e-03
-1.712256669998168945e-02
3.388047963380813599e-02
-3.363686054944992065e-02
-1.297171507030725479e-02
-6.549033802002668381e-03
5.990688130259513855e-02
-2.824062714353203773e-03
-3.445442393422126770e-02
7.086754776537418365e-03
-1.352758333086967468e-02
3.683295473456382751e-02
1.183430477976799011e-02
7.038443535566329956e-02
-5.527634173631668091e-03
3.915477544069290161e-02
-5.058174952864646912e-03
2.426672354340553284e-02
-3.264586627483367920e-02
1.124202460050582886e-01
2.365941554307937622e-02
7.777989655733108521e-02
5.385152995586395264e-02
5.754229798913002014e-02
2.157741598784923553e-02
-5.438784882426261902e-02
5.714860279113054276e-03
-2.338344417512416840e-02
1.536137703806161880e-02
1.080256421118974686e-02
1.798052713274955750e-02
6.882455665618181229e-03
-1.776933856308460236e-02
-5.222915112972259521e-02
-3.412479162216186523e-02
-1.717715710401535034e-02
-4.180273972451686859e-03
-4.673280566930770874e-02
-7.244438678026199341e-02
-2.056185901165008545e-02
8.933358825743198395e-03
4.459616914391517639e-02
1.544035319238901138e-02
1.840273104608058929e-02
-3.756589069962501526e-02
-1.924001984298229218e-02
-3.199966996908187866e-02
-4.323710128664970398e-02
-4.814082011580467224e-02
3.146282210946083069e-02
-4.543963074684143066e-02
-1.589663699269294739e-02
3.633411228656768799e-02
8.847227692604064941e-02
-1.872805133461952209e-02
-3.314296156167984009e-02
2.725915750488638878e-03
7.427873089909553528e-03
5.440183728933334351e-02
4.211946204304695129e-02
-5.600148346275091171e-03
2.340610884130001068e-02
1.197858899831771851e-02
-2.408385463058948517e-02
4.555340483784675598e-02
4.492804780602455139e-02
-3.412682190537452698e-02
-7.544934004545211792e-02
-1.099433843046426773e-02
-4.499342665076255798e-02
-9.597466327250003815e-03
-6.529399752616882324e-02
2.562607638537883759e-02
4.953993856906890869e-02
-1.398562826216220856e-02
-4.552593827247619629e-02
5.470204725861549377e-02
-4.255389794707298279e-02
1.913096942007541656e-02
-7.196125388145446777e-02
-7.118405774235725403e-03
-3.152778372168540955e-02
-1.048756670206785202e-02
-4.553763940930366516e-02
2.033292688429355621e-02
-5.468829348683357239e-02
-3.933933377265930176e-02
4.644537693820893764e-04
5.542094632983207703e-02
-8.446952328085899353e-03
-2.390296943485736847e-02
5.778435990214347839e-02
-1.427696365863084793e-02
1.107910554856061935e-02
-6.814641505479812622e-02
-5.173026584088802338e-03
-3.743777924682945013e-04
8.393783867359161377e-02
-1.802365481853485107e-02
-2.021156065165996552e-02
3.765282034873962402e-02
8.550789207220077515e-03
3.017990291118621826e-02
-4.976139403879642487e-03
-2.482743933796882629e-02
3.525802493095397949e-02
-8.816867321729660034e-02
5.373525246977806091e-02
-1.003404892981052399e-02
4.281990230083465576e-02
-7.822908461093902588e-03
-1.564271375536918640e-02
-1.170294880867004395e-01
6.159564480185508728e-02
-2.128261514008045197e-02
-5.187611654400825500e-02
2.048063278198242188e-02
-6.469055544584989548e-03
8.443383872509002686e-02
-2.993152849376201630e-02
4.234157502651214600e-02
5.853998288512229919e-02
2.732523158192634583e-02
4.731294512748718262e-02
-7.352422177791595459e-02
3.854919224977493286e-02
-3.621859475970268250e-02
5.930368602275848389e-02
1.437931600958108902e-02
-1.145777292549610138e-02
1.938982680439949036e-02
-6.086328998208045959e-03
-9.428419172763824463e-02
6.137272715568542480e-02
8.289661258459091187e-02
8.445005118846893311e-02
-1.805604249238967896e-02
7.607810199260711670e-02
2.305835485458374023e-03
6.316422019153833389e-03
3.323336690664291382e-02
-1.157855987548828125e-02
1.800163045118097216e-05
-8.613938093185424805e-02
1.018755882978439331e-02
-5.414443835616111755e-02
4.858335107564926147e-02
-4.078560695052146912e-02
-7.420428097248077393e-02
5.334551911801099777e-03
-9.027160704135894775e-03
5.670073628425598145e-02
4.882992058992385864e-02
1.425850763916969299e-02
-7.305852323770523071e-02
3.942970559000968933e-02
6.103662773966789246e-02
1.511504501104354858e-02
7.629443705081939697e-02
-1.609478332102298737e-02
-2.685564570128917694e-02
-4.756632447242736816e-02
9.359814971685409546e-02
-1.734733395278453827e-02
3.480467572808265686e-02
6.984066218137741089e-02
6.151625141501426697e-02
4.234428331255912781e-02
2.953619137406349182e-02
-7.693180814385414124e-03
-3.002460580319166183e-04
1.749335043132305145e-02
3.533005714416503906e-03
1.274172309786081314e-02
1.543199643492698669e-02
4.071373865008354187e-02
-1.572779193520545959e-02
-3.648089244961738586e-02
5.584778264164924622e-03
-5.568358674645423889e-02
-1.136225275695323944e-02
-6.662858277559280396e-02
-4.935728013515472412e-02
1.623884961009025574e-02
-1.682540401816368103e-02
5.244008265435695648e-03
1.311282161623239517e-02
-9.406229481101036072e-03
-6.206124275922775269e-02
-4.416385293006896973e-02
5.717804655432701111e-02
7.710198871791362762e-03
2.877000533044338226e-02
-2.159617282450199127e-02
3.133275359869003296e-02
1.202068477869033813e-02
-1.430920045822858810e-02
7.504493743181228638e-02
1.060879230499267578e-02
-1.963554322719573975e-02
6.285144016146659851e-03
-5.122592672705650330e-02
5.235645547509193420e-02
-2.996992692351341248e-02
1.998975127935409546e-02
3.756375983357429504e-02
-5.753544159233570099e-03
-3.019143268465995789e-02
-1.048523467034101486e-02
5.166963674128055573e-03
3.671308606863021851e-02
-1.604335010051727295e-02
5.523590371012687683e-02
-8.941330015659332275e-03
8.124023675918579102e-02
-1.468623522669076920e-03
-1.822372153401374817e-02
3.996331617236137390e-02
-7.844004034996032715e-02
-2.403009310364723206e-02
-7.805687934160232544e-02
-7.042685896158218384e-02
7.900236546993255615e-02
-3.018813766539096832e-02
6.767055019736289978e-03
-6.443402171134948730e-02
-5.557813867926597595e-02
-5.832361988723278046e-03
1.674189791083335876e-02
1.571094617247581482e-02
-8.683395572006702423e-03
4.742220789194107056e-02
1.710751652717590332e-02
-9.892980568110942841e-03
-5.492380261421203613e-02
7.322143018245697021e-02
-1.011127606034278870e-01
3.387023508548736572e-02
4.285936430096626282e-02
-2.238986454904079437e-02
5.937548354268074036e-02
-3.308266028761863708e-02
-6.929588504135608673e-03
4.147589951753616333e-02
1.946342410519719124e-03
2.204662002623081207e-02
2.803521789610385895e-02
-5.473551899194717407e-02
1.263202819973230362e-02
-6.254631094634532928e-03
-4.596274346113204956e-02
6.537394970655441284e-02
5.331896618008613586e-02
-3.436206653714179993e-02
1.384786050766706467e-02
4.183977469801902771e-02
1.280454359948635101e-02
-4.706322029232978821e-02
-2.168158069252967834e-03
-8.306197822093963623e-02
-7.522722706198692322e-03
-2.717852778732776642e-02
1.460519433021545410e-02
-5.578276887536048889e-02
1.282730139791965485e-02
2.929740399122238159e-02
-2.364128082990646362e-02
-1.872149854898452759e-02
-1.458256784826517105e-02
-1.351357623934745789e-02
-6.527471356093883514e-03
-3.421618789434432983e-02
-4.122814908623695374e-02
1.081856153905391693e-02
6.204237043857574463e-02
2.609073556959629059e-02
-5.763293802738189697e-02
1.126905158162117004e-02
5.234457552433013916e-02
-8.737995289266109467e-03
4.327211063355207443e-03
-2.217042446136474609e-02
-2.157122641801834106e-02
5.734169855713844299e-02
1.365041825920343399e-02
-2.553238905966281891e-02
-9.071200154721736908e-03
-6.330864876508712769e-02
-3.571366518735885620e-02
2.444213442504405975e-02
5.029127001762390137e-02
1.783809624612331390e-02
1.026941649615764618e-02
-2.984171546995639801e-02
1.506076473742723465e-02
-2.112779111484996974e-05
-2.428624592721462250e-02
-1.951627805829048157e-02
-6.005338206887245178e-02
-2.146526984870433807e-02
2.328884601593017578e-02
4.209705628454685211e-03
-1.321155019104480743e-02
1.301416195929050446e-02
-3.255791217088699341e-02
1.503526326268911362e-02
-4.125019907951354980e-02
-1.556922961026430130e-02
4.060469567775726318e-02
-2.559808455407619476e-02
1.367932534776628017e-03
1.299970084801316261e-03
8.457576483488082886e-02
-5.545302107930183411e-02
-9.587150067090988159e-03
-2.238709421362727880e-04
6.436903029680252075e-02
1.762875728309154510e-02
-5.424037110060453415e-03
-7.486004382371902466e-03
-5.334894172847270966e-03
-8.421285450458526611e-02
3.274744842201471329e-03
2.564281038939952850e-02
2.043747529387474060e-02
-3.229829296469688416e-02
-5.589620396494865417e-02
3.238213434815406799e-02
-7.188193965703248978e-03
-3.855927207041531801e-04
-2.456122636795043945e-02
9.511863812804222107e-03
2.350274473428726196e-02
-5.522076040506362915e-02
1.523205917328596115e-02
2.880654670298099518e-02
-2.502247318625450134e-02
-7.218652218580245972e-02
8.196460548788309097e-04
-5.463814735412597656e-02
-1.292184181511402130e-02
4.489438980817794800e-02
1.497760321944952011e-02
1.007622480392456055e-02
4.043198656290769577e-03
-2.242419309914112091e-02
-1.913537271320819855e-02
1.495568081736564636e-02
-1.393950358033180237e-02
5.583959445357322693e-02
1.283579766750335693e-01
5.059591494500637054e-04
4.665641859173774719e-02
-3.907583653926849365e-02
5.965827405452728271e-02
-3.500324115157127380e-02
4.024544730782508850e-02
-7.581259589642286301e-03
-3.306427597999572754e-02
2.885967865586280823e-02
-2.383696613833308220e-03
-8.459252864122390747e-02
-1.656382903456687927e-02
7.602163590490818024e-03
-6.843835860490798950e-02
7.097207754850387573e-02
3.012784942984580994e-02
4.357844218611717224e-02
-1.278858631849288940e-01
5.032663699239492416e-03
5.213582515716552734e-02
-1.966731250286102295e-02
-2.118507772684097290e-02
9.421320259571075439e-02
-5.976425483822822571e-02
-1.327358651906251907e-02
-5.856426060199737549e-02
3.521263226866722107e-02
-5.976483598351478577e-02
6.263795495033264160e-02
5.734344944357872009e-02
-1.730485074222087860e-02
-5.515995901077985764e-03
-3.539552912116050720e-02
5.178410932421684265e-02
-8.819987624883651733e-02
-1.194677595049142838e-02
1.687463931739330292e-02
3.477957844734191895e-02
-6.433805823326110840e-02
2.668364206328988075e-03
7.411906123161315918e-02
-3.175473585724830627e-02
2.110034227371215820e-02
1.092589553445577621e-02
6.936743110418319702e-02
-1.764789223670959473e-03
6.413957104086875916e-03
-3.758997470140457153e-02
4.045095294713973999e-02
-4.146837163716554642e-03
7.100809365510940552e-02
2.363416180014610291e-02
7.165197748690843582e-03
3.724057023646309972e-05
6.979668047279119492e-03
2.617305703461170197e-02
-3.647190704941749573e-02
-3.836971148848533630e-02
8.686184883117675781e-04
8.219856768846511841e-03
3.506539016962051392e-02
5.591978877782821655e-02
-3.127966076135635376e-02
-3.725752979516983032e-02
-7.514399290084838867e-02
3.578286850824952126e-03
1.671110093593597412e-02
-6.353285908699035645e-02
-4.276799969375133514e-03
8.121087215840816498e-03
4.824390262365341187e-02
7.524508237838745117e-02
1.914524659514427185e-02
4.618997871875762939e-02
6.712739821523427963e-03
2.275477536022663116e-02
-4.340418614447116852e-03
9.296868741512298584e-02
-3.788025677204132080e-02
8.582739531993865967e-02
-7.102000527083873749e-03
1.743540354073047638e-02
7.580368220806121826e-02
-4.477296024560928345e-02
3.028630465269088745e-02
-3.172331303358078003e-02
4.367169365286827087e-02
-3.644783794879913330e-02
4.785427823662757874e-02
-6.165337562561035156e-02
-3.782014548778533936e-02
-3.533817082643508911e-02
-9.567441418766975403e-03
7.100291084498167038e-03
1.251585688441991806e-02
1.228766292333602905e-01
-9.154381230473518372e-03
1.503541972488164902e-02
2.955342642962932587e-03
-2.584517933428287506e-03
5.306747276335954666e-03
7.772257924079895020e-02
-2.206354867666959763e-03
1.656579598784446716e-02
4.766197130084037781e-02
3.176355734467506409e-02
1.474819332361221313e-02
-3.767216205596923828e-02
5.309144407510757446e-02
2.171781845390796661e-02
5.910319834947586060e-02
-1.859348639845848083e-02
-5.328814499080181122e-03
3.829104825854301453e-02
2.879244089126586914e-02
3.376147896051406860e-02
-7.386013399809598923e-03
-5.966129899024963379e-02
1.991023682057857513e-02
3.184119611978530884e-02
-2.766791731119155884e-02
3.038419038057327271e-02
-1.580897020176053047e-03
-3.240149095654487610e-02
-2.452055364847183228e-02
-7.551990915089845657e-03
8.048056066036224365e-02
-7.197415083646774292e-02
3.851631656289100647e-02
5.623940750956535339e-02
-1.708109304308891296e-02
4.436183720827102661e-02
2.203208953142166138e-02
2.758860588073730469e-02
-1.054436936974525452e-01
-5.271403118968009949e-02
7.136385887861251831e-02
-9.644336998462677002e-03
-2.634896524250507355e-02
-1.915133371949195862e-02
-2.648342028260231018e-02
2.136492356657981873e-02
1.912686787545681000e-02
1.572555862367153168e-02
-4.200269281864166260e-02
-3.200812637805938721e-02
1.136925723403692245e-02
-9.718355536460876465e-02
-1.929350569844245911e-02
-4.459652304649353027e-02
-3.148034960031509399e-02
-4.810003563761711121e-02
-6.362415384501218796e-03
9.238657541573047638e-03
-7.781496271491050720e-03
2.325146086513996124e-02
-1.805483922362327576e-02
-1.799632422626018524e-02
-5.151481181383132935e-02
-4.599492251873016357e-02
-2.020037919282913208e-02
-1.901582628488540649e-02
3.399816155433654785e-02
4.078347980976104736e-02
1.363279204815626144e-02
-2.931845746934413910e-02
-5.703353509306907654e-02
-8.323769271373748779e-02
-4.271041229367256165e-02
-3.242391720414161682e-02
1.210006140172481537e-02
6.285284459590911865e-02
4.385574907064437866e-02
-3.721491992473602295e-02
-3.556151688098907471e-02
-2.825698629021644592e-02
1.127355080097913742e-02
2.304683439433574677e-02
-1.427484955638647079e-02
6.212747190147638321e-03
-7.817370444536209106e-02
-1.825522631406784058e-02
-2.251943759620189667e-02
3.249963000416755676e-02
-1.993794366717338562e-02
6.775056011974811554e-03
-1.179315336048603058e-02
4.516262561082839966e-02
3.056679852306842804e-02
9.331823140382766724e-02
-1.070567034184932709e-02
-3.627054765820503235e-02
-7.188148796558380127e-02
3.204382956027984619e-02
-6.914411485195159912e-02
-1.925628259778022766e-02
1.198241207748651505e-02
-8.311551064252853394e-02
2.109507843852043152e-02
1.314325607381761074e-03
1.249547954648733139e-02
-1.020600944757461548e-01
1.513768266886472702e-02
-2.450194582343101501e-02
1.720819622278213501e-02
-1.720046810805797577e-02
-7.551228255033493042e-02
1.310909818857908249e-02
-7.849348336458206177e-02
-7.140869647264480591e-02
9.749712795019149780e-02
-6.887438893318176270e-02
-2.404278144240379333e-02
1.107948049902915955e-01
2.238656207919120789e-02
-5.364648066461086273e-03
3.657095134258270264e-02
-3.916623815894126892e-02
-1.745505817234516144e-02
5.007319618016481400e-03
1.812027208507061005e-02
6.083814054727554321e-02
3.537421301007270813e-02
-6.659055594354867935e-03
-3.472593054175376892e-02
-3.970124293118715286e-03
8.352895081043243408e-02
3.723670542240142822e-02
-8.449832908809185028e-03
-3.839728236198425293e-02
4.482828825712203979e-02
-4.524771869182586670e-02
-3.256016969680786133e-02
-3.326284140348434448e-02
2.908691950142383575e-02
-2.743223868310451508e-02
-3.523315116763114929e-02
1.476555503904819489e-02
-1.812179572880268097e-02
-5.797838419675827026e-02
6.338293850421905518e-02
4.745183885097503662e-02
-7.614864408969879150e-02
4.696097690612077713e-03
1.958164945244789124e-02
1.848024502396583557e-02
7.651264313608407974e-03
9.423611685633659363e-03
4.744407255202531815e-03
1.726943440735340118e-02
-6.590042263269424438e-02
-5.279286415316164494e-04
-1.510334946215152740e-02
-3.794503957033157349e-02
3.894346207380294800e-02
-7.177977263927459717e-02
1.292062401771545410e-01
2.072155848145484924e-02
4.942738916724920273e-03
5.588525906205177307e-02
-2.003161609172821045e-02
-3.302255645394325256e-02
-2.648704685270786285e-02
-5.728841293603181839e-03
7.403612881898880005e-02
1.344444230198860168e-02
6.990947574377059937e-02
9.297573938965797424e-03
-4.918776825070381165e-02
-5.119439214468002319e-02
-3.367986530065536499e-02
-6.106547079980373383e-03
-4.906172305345535278e-02
2.180573530495166779e-02
4.674081131815910339e-02
-2.275806665420532227e-02
5.372656509280204773e-02
3.926515951752662659e-02
-9.574820287525653839e-03
6.511849910020828247e-02
1.100965403020381927e-02
-1.422335207462310791e-01
3.563450416550040245e-03
-4.289547726511955261e-02
3.513247147202491760e-02
4.476452991366386414e-02
5.864540487527847290e-02
-1.418909616768360138e-02
-2.203774824738502502e-02
-8.230609446763992310e-02
4.883555695414543152e-02
4.700512066483497620e-02
-1.728292554616928101e-02
6.210549268871545792e-03
1.395568251609802246e-02
-1.195775158703327179e-02
5.453488230705261230e-02
-6.200440227985382080e-02
3.950059041380882263e-02
5.714070424437522888e-02
5.345268640667200089e-03
1.889000646770000458e-02
2.960349991917610168e-02
-3.741418570280075073e-02
4.172963649034500122e-02
-3.013071976602077484e-02
-3.326428681612014771e-02
8.057950064539909363e-03
7.843920588493347168e-02
-4.269692301750183105e-02
3.939412534236907959e-02
-4.606365412473678589e-02
-6.691037863492965698e-02
1.621101610362529755e-02
3.965246304869651794e-02
3.402265533804893494e-02
-7.861372828483581543e-02
7.243677508085966110e-03
8.241157047450542450e-03
5.920143797993659973e-02
1.944209448993206024e-02
-2.692811423912644386e-03
3.469265624880790710e-02
-2.493278309702873230e-02
-4.047448188066482544e-02
4.030227661132812500e-02
-8.302047103643417358e-02
1.652018912136554718e-02
-1.263335812836885452e-03
-6.814120337367057800e-03
3.072253661230206490e-03
4.892333969473838806e-02
3.175533935427665710e-02
-9.903248399496078491e-02
2.109082043170928955e-02
5.683166533708572388e-02
-2.375906333327293396e-02
7.216489408165216446e-03
-3.065471723675727844e-02
-6.410278379917144775e-02
-7.067205011844635010e-02
2.972448058426380157e-02
7.027284707874059677e-03
-4.909492656588554382e-02
4.154364764690399170e-02
-2.473003044724464417e-02
-7.100489735603332520e-02
-3.023527748882770538e-02
-5.331679061055183411e-02
-1.136564463376998901e-02
-1.180063840001821518e-02
-2.569884993135929108e-03
-1.450140308588743210e-02
9.662579745054244995e-02
5.461545661091804504e-02
2.539240196347236633e-02
-5.765902623534202576e-02
5.331113468855619431e-03
7.780636101961135864e-02
4.343063384294509888e-02
-1.005924399942159653e-02
-5.367545410990715027e-02
2.159712277352809906e-02
-2.852574177086353302e-02
-5.963055416941642761e-03
-5.196033790707588196e-02
-2.432970702648162842e-02
3.678211569786071777e-02
4.903303086757659912e-02
-6.332963705062866211e-02
1.866553910076618195e-02
1.525948382914066315e-02
-2.474232576787471771e-02
-1.048501208424568176e-02
-2.599100768566131592e-02
-8.322420716285705566e-02
-1.178755797445774078e-02
-4.381777346134185791e-02
2.688258886337280273e-02
5.387838464230298996e-03
9.687131969258189201e-04
-4.929749295115470886e-02
1.155315525829792023e-02
3.993980959057807922e-02
2.088725380599498749e-02
-3.103202022612094879e-02
4.555288702249526978e-02
5.228665843605995178e-02
-4.277100414037704468e-02
6.394542008638381958e-02
-3.551348578184843063e-03
2.904155664145946503e-02
9.136515669524669647e-03
-4.895961657166481018e-02
-8.389551937580108643e-02
-8.777984976768493652e-02
-5.193081125617027283e-02
-6.817418336868286133e-02
-1.878702826797962189e-02
-4.664330277591943741e-03
-2.474286593496799469e-02
4.912943765521049500e-02
2.235801704227924347e-02
-1.623201370239257812e-02
6.759873032569885254e-02
-1.301962509751319885e-02
3.373543731868267059e-03
-3.845289722084999084e-02
1.209261640906333923e-02
4.166000708937644958e-02
-1.282949186861515045e-02
-5.283448379486799240e-03
6.607467681169509888e-02
-6.729811429977416992e-02
-6.768737733364105225e-02
1.102166157215833664e-02
3.289820253849029541e-02
-2.567022293806076050e-02
-1.603657752275466919e-02
-3.221942484378814697e-02
9.237665683031082153e-02
1.910919696092605591e-02
1.112281996756792068e-02
1.007582154124975204e-02
-6.542471796274185181e-02
-6.971938163042068481e-02
1.160425879061222076e-02
-5.000989139080047607e-02
9.608425199985504150e-02
