6.572001427412033081e-02
-2.963411808013916016e-02
2.920914627611637115e-02
-5.644610151648521423e-02
5.695277824997901917e-03
2.175371535122394562e-02
3.685821220278739929e-02
-5.064801499247550964e-02
7.471443712711334229e-02
-2.231606096029281616e-02
-2.917346172034740448e-02
-2.338094450533390045e-02
-8.204552531242370605e-02
-5.807667225599288940e-02
-6.019362434744834900e-02
8.201120793819427490e-02
3.436786588281393051e-03
-1.963302306830883026e-02
9.786841273307800293e-02
4.438371397554874420e-03
-3.141956403851509094e-02
9.954681992530822754e-02
-3.597669303417205811e-02
6.480310112237930298e-03
-3.769500926136970520e-02
-5.060571804642677307e-02
-2.316786535084247589e-02
-1.980797387659549713e-02
5.958022549748420715e-03
-7.308317581191658974e-04
-4.392453283071517944e-02
2.333314530551433563e-02
3.610934317111968994e-02
-1.939863525331020355e-02
4.490262828767299652e-03
5.704364925622940063e-02
-1.272841729223728180e-02
-5.494228750467300415e-02
-5.740186944603919983e-02
7.939856499433517456e-02
9.136942215263843536e-03
-5.767181864939630032e-04
7.957879453897476196e-02
2.302244491875171661e-02
-6.762987375259399414e-02
-1.742899417877197266e-03
1.765525899827480316e-02
-4.872265830636024475e-02
6.078572943806648254e-02
1.950163580477237701e-02
2.023727633059024811e-02
9.470124728977680206e-03
-3.982480242848396301e-02
-2.800056897103786469e-02
2.432446181774139404e-02
2.628938667476177216e-02
-4.503344744443893433e-02
4.505701735615730286e-02
2.462484315037727356e-02
9.012951701879501343e-02
2.083101123571395874e-02
3.248999267816543579e-02
-4.668160155415534973e-02
-3.447142615914344788e-02
5.068938061594963074e-02
9.977907873690128326e-03
-5.939973983913660049e-03
-1.353594008833169937e-02
-2.063710056245326996e-02
2.770244702696800232e-02
4.203892499208450317e-02
-2.290476486086845398e-02
4.160613194108009338e-02
5.941777303814888000e-02
1.724424026906490326e-02
-3.512180969119071960e-02
3.718959167599678040e-02
-4.390962049365043640e-02
2.852963283658027649e-02
-5.347428098320960999e-02
9.104705532081425190e-05
3.369130939245223999e-02
-4.342190548777580261e-02
2.287434414029121399e-02
3.192405402660369873e-02
-6.018099561333656311e-02
-8.891217410564422607e-03
2.682673186063766479e-02
1.112280413508415222e-02
4.276613239198923111e-03
-3.749536350369453430e-02
5.501932650804519653e-02
4.980014171451330185e-03
-3.973983600735664368e-02
3.667898476123809814e-02
-4.106119275093078613e-02
7.874076813459396362e-02
-2.950930595397949219e-02
6.022533401846885681e-02
4.562240559607744217e-03
-3.178400173783302307e-02
2.485228702425956726e-02
7.399557530879974365e-02
5.063443630933761597e-02
1.294201426208019257e-02
-4.511579498648643494e-02
1.402226183563470840e-02
5.213962867856025696e-02
-2.217642031610012054e-02
4.867934063076972961e-02
-6.717823445796966553e-02
5.388255417346954346e-02
-7.971877232193946838e-03
-2.234364487230777740e-02
1.280654221773147583e-02
-1.393260527402162552e-02
7.462318241596221924e-02
4.950420930981636047e-02
-1.539077237248420715e-02
-2.736150845885276794e-02
1.926901005208492279e-02
-3.401875495910644531e-02
-6.164594739675521851e-02
6.617015600204467773e-02
2.303464338183403015e-02
5.161904543638229370e-02
-1.692640595138072968e-02
8.945190347731113434e-03
2.553779073059558868e-02
3.380857035517692566e-02
4.201760143041610718e-02
7.995705120265483856e-03
-6.694863736629486084e-02
-4.251265525817871094e-02
-6.213115528225898743e-02
-6.590577960014343262e-02
2.767863683402538300e-02
4.793525859713554382e-02
-5.479178950190544128e-02
-6.456696242094039917e-02
-2.643772587180137634e-02
-6.590713560581207275e-02
2.065321616828441620e-02
2.047195285558700562e-02
9.677491150796413422e-03
1.732235960662364960e-02
-3.656750172376632690e-02
3.986654430627822876e-02
-9.633165597915649414e-02
1.443130895495414734e-02
-4.061218816787004471e-03
7.763729989528656006e-02
-3.658324107527732849e-02
-4.472162947058677673e-02
4.957574233412742615e-02
-5.968981608748435974e-02
2.269900403916835785e-02
-1.186645403504371643e-02
-6.772771477699279785e-02
4.947870969772338867e-03
-4.774730280041694641e-02
-6.381688639521598816e-03
2.393233217298984528e-02
-1.692607253789901733e-02
1.739658787846565247e-02
-6.997971236705780029e-02
-2.126839198172092438e-02
-7.229178445413708687e-04
1.377761713229119778e-03
-6.899741711094975471e-04
-1.123462338000535965e-02
2.269078791141510010e-02
-5.400327220559120178e-02
-1.177993137389421463e-02
-2.100390009582042694e-02
2.289053238928318024e-02
-1.833516545593738556e-02
-3.615241870284080505e-02
2.693404210731387138e-03
-5.966567434370517731e-03
3.247788548469543457e-02
5.074531957507133484e-02
1.928780600428581238e-02
1.314953435212373734e-02
7.545817643404006958e-02
1.745180599391460419e-02
-6.856723129749298096e-02
-2.690656855702400208e-02
1.208912674337625504e-02
-2.143081091344356537e-02
6.125879287719726562e-02
4.924078658223152161e-02
-2.542562037706375122e-02
1.761269639246165752e-03
-2.175719710066914558e-03
4.984231293201446533e-02
-1.139306230470538139e-03
6.272207945585250854e-02
4.380187764763832092e-02
-7.591377943754196167e-02
1.031985227018594742e-02
3.316026553511619568e-02
-4.079045727849006653e-02
-2.278912067413330078e-02
-5.183586850762367249e-02
-8.360569179058074951e-02
-3.860375285148620605e-02
9.552130475640296936e-03
8.207269012928009033e-02
-5.710959061980247498e-02
-6.965050939470529556e-03
7.296206802129745483e-02
-6.056272238492965698e-02
-7.295860350131988525e-02
-8.036483824253082275e-02
5.259231198579072952e-03
4.189826548099517822e-02
-5.287580192089080811e-02
5.634875036776065826e-03
3.478027135133743286e-02
6.584843993186950684e-02
-2.728177420794963837e-02
5.373349878937005997e-03
-1.175897847861051559e-02
1.928441785275936127e-02
4.038375988602638245e-02
-3.885419294238090515e-02
-3.661647066473960876e-02
8.101856335997581482e-03
-1.909797452390193939e-02
1.600823178887367249e-02
-2.285972796380519867e-02
-2.303571626543998718e-02
-1.663001254200935364e-02
2.505222894251346588e-02
1.077828928828239441e-02
-9.459213912487030029e-02
-6.073771417140960693e-02
-4.919410869479179382e-02
3.587326407432556152e-02
2.803701721131801605e-02
4.886268079280853271e-02
-2.793084084987640381e-02
3.920313715934753418e-02
2.301014261320233345e-03
5.877987295389175415e-02
-6.707702577114105225e-02
6.314579397439956665e-03
-3.054957091808319092e-02
4.367805644869804382e-02
1.747738383710384369e-02
-4.728239029645919800e-02
-8.546978933736681938e-04
6.822067499160766602e-02
-1.971795037388801575e-02
2.957385033369064331e-02
-1.552235055714845657e-02
4.114944860339164734e-02
2.499357983469963074e-02
-7.360218092799186707e-03
3.554305061697959900e-02
-3.540030121803283691e-02
-6.127694156020879745e-03
2.337300591170787811e-02
9.331702440977096558e-02
5.125762894749641418e-02
-1.773080602288246155e-02
-3.799986559897661209e-03
2.374805696308612823e-02
-3.074498288333415985e-02
-7.304126769304275513e-02
2.494677156209945679e-02
-4.213634133338928223e-02
5.501994490623474121e-02
-1.942950487136840820e-02
-2.958544529974460602e-02
-6.096773222088813782e-02
5.320474132895469666e-02
-4.021297395229339600e-02
9.934416972100734711e-03
-4.560069739818572998e-02
6.187716871500015259e-02
8.331768214702606201e-02
8.528248965740203857e-02
-1.605437509715557098e-02
-5.965867312625050545e-04
8.354743011295795441e-03
4.728446155786514282e-02
-2.155655436217784882e-02
2.300113625824451447e-02
2.561483718454837799e-02
3.731295838952064514e-02
-4.036364704370498657e-02
-4.202167317271232605e-02
1.508387736976146698e-02
-1.042611617594957352e-02
-3.218003362417221069e-02
9.242707863450050354e-03
-8.179286122322082520e-02
-7.154340296983718872e-02
-2.588716801255941391e-03
2.467201836407184601e-02
9.280377998948097229e-03
-3.305916860699653625e-02
5.172489583492279053e-02
1.555953826755285263e-02
1.202432438731193542e-02
2.673627436161041260e-02
1.146004125475883484e-01
6.328302621841430664e-02
-2.948387525975704193e-02
9.566310793161392212e-03
3.899863734841346741e-02
-3.353207558393478394e-02
-1.139800413511693478e-03
7.239493425004184246e-04
-1.147995144128799438e-02
-1.559320557862520218e-02
-2.228105813264846802e-02
5.604855716228485107e-02
-1.385050476528704166e-03
-1.425440143793821335e-02
-2.598341181874275208e-02
1.973950676620006561e-02
1.032993104308843613e-02
-1.071982234716415405e-01
1.162756234407424927e-02
-5.233102291822433472e-02
-3.190160787198692560e-04
-4.910979047417640686e-02
-1.765189319849014282e-02
-1.076586395502090454e-01
5.561647191643714905e-02
-2.843386866152286530e-02
4.189895465970039368e-02
8.790396153926849365e-03
-2.170349285006523132e-02
-6.087569147348403931e-02
-2.125673927366733551e-02
2.707322128117084503e-02
5.435307696461677551e-02
3.268572501838207245e-03
5.552057549357414246e-02
-2.195222303271293640e-02
8.019287139177322388e-03
-4.334080964326858521e-02
-6.613164208829402924e-03
4.379732999950647354e-03
-9.016230702400207520e-02
9.053244255483150482e-03
3.035621251910924911e-03
-1.184879615902900696e-02
-3.366927430033683777e-02
-2.779466565698385239e-03
4.066960141062736511e-02
-6.147630978375673294e-03
-1.284367032349109650e-02
-4.040731862187385559e-02
-6.279566138982772827e-02
-4.527981951832771301e-02
-3.886935114860534668e-02
6.809557974338531494e-02
-6.994727253913879395e-02
-4.102417081594467163e-02
-3.710307553410530090e-02
-4.906163364648818970e-02
-6.367748975753784180e-02
7.160950335673987865e-04
1.711441017687320709e-02
2.885675616562366486e-02
8.124250173568725586e-02
3.027451783418655396e-02
5.943370610475540161e-02
7.735922932624816895e-02
3.681489825248718262e-02
5.146907176822423935e-03
-1.966278813779354095e-02
-4.412537068128585815e-02
4.985906183719635010e-02
-8.974470943212509155e-02
-6.159892678260803223e-02
-4.070072621107101440e-02
-2.239131368696689606e-02
2.593022398650646210e-02
4.663258418440818787e-02
7.036222610622644424e-03
-9.737011045217514038e-03
3.459668159484863281e-02
3.810980170965194702e-02
4.581245034933090210e-02
2.238031290471553802e-02
2.336865477263927460e-02
6.310293823480606079e-02
-8.887066692113876343e-02
4.439149424433708191e-02
-4.537321999669075012e-02
-5.799061805009841919e-02
5.844442173838615417e-02
5.116236582398414612e-02
4.148710891604423523e-02
-4.476318508386611938e-02
-8.302780985832214355e-02
-3.406651318073272705e-02
8.076588809490203857e-02
-9.300548583269119263e-02
-1.807314716279506683e-02
3.750638663768768311e-02
-4.280503839254379272e-03
-1.503488142043352127e-02
9.154493361711502075e-02
2.159321308135986328e-02
-6.267387419939041138e-02
-2.848922275006771088e-02
-2.512462623417377472e-02
-4.809327796101570129e-02
-1.460493635386228561e-02
-7.407579105347394943e-03
2.898258715867996216e-02
-3.437093272805213928e-02
1.554946135729551315e-02
-4.047374054789543152e-02
-2.938606776297092438e-02
4.241739399731159210e-03
-2.903288975358009338e-02
8.808952569961547852e-02
1.531809940934181213e-02
6.099407747387886047e-02
1.049318760633468628e-01
-7.111109048128128052e-02
2.531722746789455414e-02
1.510426308959722519e-02
1.526556070894002914e-02
-1.032680459320545197e-02
-1.429914496839046478e-02
5.904015526175498962e-02
1.600660011172294617e-02
3.417916595935821533e-02
9.091784060001373291e-02
-2.299591433256864548e-03
3.077035211026668549e-02
-6.915646046400070190e-02
-1.818728074431419373e-02
-4.514359310269355774e-02
-5.720557644963264465e-02
1.683060824871063232e-02
-1.922334358096122742e-02
-8.644051849842071533e-02
7.035323232412338257e-02
-3.664828604087233543e-03
6.998359411954879761e-02
-2.180094644427299500e-02
-1.329326815903186798e-02
1.341192284598946571e-03
1.099652051925659180e-02
-3.778557106852531433e-02
7.172034587711095810e-03
-4.227470979094505310e-02
2.155986614525318146e-02
3.250197321176528931e-02
8.907359838485717773e-02
4.284315556287765503e-02
-1.685522496700286865e-02
1.392150297760963440e-02
-7.941163145005702972e-03
6.603221595287322998e-02
-2.417764812707901001e-02
-1.935154013335704803e-02
4.117192700505256653e-02
4.561713337898254395e-02
-1.800570078194141388e-02
-6.649442762136459351e-02
2.365409582853317261e-02
-1.149687264114618301e-02
1.274389564059674740e-03
-9.366313368082046509e-02
2.797661721706390381e-02
1.360801700502634048e-02
9.032374620437622070e-02
4.220907762646675110e-02
6.417472381144762039e-03
-1.708779856562614441e-02
6.274346262216567993e-03
-3.402677178382873535e-02
3.183721005916595459e-02
2.752069756388664246e-02
-1.772654242813587189e-02
-1.789894327521324158e-02
2.333890646696090698e-02
4.378212615847587585e-02
-5.465729907155036926e-02
-5.388792231678962708e-02
2.451068721711635590e-02
2.326545864343643188e-02
-3.196020796895027161e-02
-4.736657813191413879e-02
-6.156962830573320389e-03
-9.408229961991310120e-03
-3.470080345869064331e-02
-2.087718434631824493e-02
1.737649552524089813e-02
2.473272383213043213e-02
6.533121317625045776e-02
-3.287130733951926231e-03
-3.020103275775909424e-02
-3.872385248541831970e-02
2.858619019389152527e-02
4.890502616763114929e-02
3.598985075950622559e-02
-5.265362933278083801e-02
5.025267601013183594e-03
-4.214421380311250687e-03
-5.681974440813064575e-02
1.048365328460931778e-02
1.332686748355627060e-02
9.110595285892486572e-02
-3.669369220733642578e-02
9.140629321336746216e-02
-2.848975919187068939e-02
5.674287304282188416e-02
-2.644163928925991058e-02
1.797566935420036316e-02
-4.146102815866470337e-02
1.647211052477359772e-02
9.043547324836254120e-03
2.467392757534980774e-02
-3.768129274249076843e-02
2.152423001825809479e-02
5.189265124499797821e-03
5.328144505620002747e-02
2.212720550596714020e-02
3.293281048536300659e-02
5.310537666082382202e-02
1.880067959427833557e-02
-1.677704602479934692e-02
8.391517400741577148e-02
-4.335773736238479614e-02
5.831309407949447632e-02
-7.659447728656232357e-04
-5.274105817079544067e-02
-3.938841167837381363e-03
-1.222651265561580658e-02
6.170739606022834778e-02
3.808700665831565857e-02
5.873784888535737991e-03
-4.680484160780906677e-02
-1.951402239501476288e-02
-2.336056903004646301e-02
4.868736490607261658e-02
-1.118425186723470688e-02
7.005908992141485214e-03
2.401742152869701385e-02
8.500931411981582642e-02
2.401781082153320312e-02
-1.646911166608333588e-02
2.472324110567569733e-02
9.783153235912322998e-02
1.019102036952972412e-01
-1.959405140951275826e-03
7.477345876395702362e-03
-2.436943538486957550e-02
4.279794916510581970e-02
-1.593390852212905884e-02
8.632320910692214966e-03
-4.639638122171163559e-03
-7.158464193344116211e-02
8.010705560445785522e-02
3.542171791195869446e-02
-2.095639705657958984e-02
-1.862740144133567810e-02
-1.107392739504575729e-02
-5.961061641573905945e-02
4.894686490297317505e-02
-2.705543301999568939e-03
-3.976225480437278748e-02
4.852358251810073853e-02
-1.118060667067766190e-02
-4.151501879096031189e-02
6.106891203671693802e-03
-7.913003116846084595e-02
2.900623157620429993e-02
-1.997721847146749496e-03
1.768963993526995182e-03
4.057163745164871216e-02
2.414612099528312683e-03
-5.631458386778831482e-02
-7.986181974411010742e-02
5.642734840512275696e-02
6.312654912471771240e-02
2.335836924612522125e-02
1.810203306376934052e-02
-7.764263544231653214e-03
5.017521604895591736e-02
3.355150669813156128e-02
-7.427249103784561157e-02
-2.663904568180441856e-03
5.064793676137924194e-02
8.559282869100570679e-03
8.193195797502994537e-03
-7.416157983243465424e-03
1.845427043735980988e-02
3.120035491883754730e-02
4.734451696276664734e-02
5.388673394918441772e-02
5.532714421860873699e-04
5.130154546350240707e-03
-4.504224658012390137e-02
5.573477223515510559e-02
3.123518265783786774e-02
3.671686351299285889e-02
-9.455363452434539795e-02
-9.429838508367538452e-03
-1.375735104084014893e-01
-5.187221243977546692e-02
5.012060329318046570e-02
-6.608424242585897446e-03
-1.036870875395834446e-03
-1.291971188038587570e-02
-5.904682353138923645e-02
7.927994430065155029e-02
-1.000299826264381409e-01
-4.683188349008560181e-02
3.635058552026748657e-02
9.788817726075649261e-03
-4.292491823434829712e-02
-5.838478729128837585e-02
-2.292276360094547272e-03
8.009982854127883911e-02
-9.444864094257354736e-02
4.154023155570030212e-02
2.300485409796237946e-02
1.323216408491134644e-02
-9.556685574352741241e-03
-1.330945454537868500e-02
8.088042959570884705e-03
1.329113380052149296e-03
3.314350172877311707e-02
-7.942338287830352783e-02
5.963446944952011108e-02
1.428884081542491913e-02
1.581277610966935754e-04
-5.359964817762374878e-02
1.390312984585762024e-02
1.780313625931739807e-02
-1.832546107470989227e-02
-3.693087026476860046e-02
-5.915289372205734253e-02
-8.528025937266647816e-04
6.657318025827407837e-02
4.195713251829147339e-02
-4.465713165700435638e-03
8.553859777748584747e-03
2.330521354451775551e-03
-7.280777394771575928e-02
-9.417065978050231934e-02
-5.890767648816108704e-02
-3.893833979964256287e-02
-6.524137686938047409e-03
-2.313655056059360504e-02
1.223362237215042114e-02
1.607309444807469845e-03
2.254311554133892059e-02
5.608531832695007324e-02
1.307547371834516525e-02
1.040735393762588501e-01
-1.432693004608154297e-02
-4.942575003951787949e-03
1.926219835877418518e-02
-1.876224018633365631e-02
1.361108757555484772e-02
-1.855579175753518939e-04
-7.356921676546335220e-03
-4.348178952932357788e-02
1.824324764311313629e-02
-1.118651553988456726e-01
-2.880200371146202087e-02
2.354570478200912476e-02
-9.233115240931510925e-03
-1.043944153934717178e-02
-3.660366684198379517e-02
-2.055067010223865509e-02
-5.391301587224006653e-02
6.279858760535717010e-03
-1.985282264649868011e-02
-4.669625312089920044e-02
2.954838611185550690e-02
1.590925082564353943e-02
8.013869822025299072e-02
4.985669627785682678e-02
-5.603895336389541626e-02
-2.011091448366641998e-02
-6.348758190870285034e-02
-6.810991466045379639e-02
-2.044874988496303558e-02
-3.163993731141090393e-02
-2.768781268969178200e-03
-2.757001202553510666e-03
8.302424103021621704e-02
-2.883018180727958679e-02
6.839453708380460739e-03
-1.652874238789081573e-02
-9.086221456527709961e-02
-1.631359569728374481e-02
1.069901231676340103e-02
-2.060746029019355774e-02
2.591687627136707306e-02
-7.011665496975183487e-03
6.417886912822723389e-02
-1.760664209723472595e-02
-8.236385881900787354e-02
-5.649911239743232727e-02
-7.648842036724090576e-02
3.723449632525444031e-02
-4.005287960171699524e-02
1.829466782510280609e-02
1.337813795544207096e-03
-1.904962025582790375e-02
-8.575984835624694824e-02
3.632351011037826538e-02
-1.619056798517704010e-02
1.333921868354082108e-02
-1.366113405674695969e-02
-3.881443524733185768e-03
-2.295024693012237549e-03
1.052733417600393295e-02
-3.462856868281960487e-03
6.624046713113784790e-02
-3.217979893088340759e-02
4.547408968210220337e-02
-1.012630993500351906e-03
-6.016934663057327271e-02
2.532990090548992157e-02
6.237664446234703064e-02
2.427145466208457947e-02
-3.399541368708014488e-03
-2.699768729507923126e-02
6.633927673101425171e-02
1.144986692816019058e-02
-1.815814897418022156e-02
-2.635215409100055695e-02
1.869789697229862213e-02
-2.606516145169734955e-02
2.274492057040333748e-03
-4.293063655495643616e-02
-5.835460871458053589e-02
-6.129296496510505676e-02
8.496470749378204346e-03
-3.945044428110122681e-02
5.605435371398925781e-02
-1.223000064492225647e-01
3.743765875697135925e-03
5.993548408150672913e-02
4.355557635426521301e-02
1.172679662704467773e-02
-1.336875557899475098e-02
-1.455140858888626099e-02
-3.618518263101577759e-02
-7.190804928541183472e-03
-5.674347747117280960e-03
-9.110501036047935486e-03
1.216600183397531509e-02
8.614337421022355556e-04
-5.075721070170402527e-03
3.338924422860145569e-02
3.234751895070075989e-02
-2.965456573292613029e-03
5.069922655820846558e-02
-7.157192379236221313e-02
2.642784081399440765e-02
6.037092953920364380e-02
4.580411687493324280e-02
-6.199670210480690002e-02
-3.189646406099200249e-03
8.588455617427825928e-02
2.050138637423515320e-02
6.291610002517700195e-02
6.915465742349624634e-02
4.838158842176198959e-03
-2.306148223578929901e-02
2.096195332705974579e-02
3.763846307992935181e-02
3.664278984069824219e-02
3.749579563736915588e-02
-4.059830680489540100e-02
-1.766662858426570892e-02
-2.506610564887523651e-02
5.756599828600883484e-02
3.612647205591201782e-02
-1.910258643329143524e-02
-7.812015712261199951e-02
-3.690499439835548401e-02
4.853631556034088135e-02
-8.272678405046463013e-02
2.367698773741722107e-02
-9.844356216490268707e-03
-8.141439408063888550e-02
-1.785178319551050663e-04
-3.472201293334364891e-03
-2.092569135129451752e-03
1.105463784188032150e-02
4.984723031520843506e-02
-2.418357506394386292e-02
-8.250460028648376465e-02
3.037544898688793182e-02
4.143888503313064575e-02
-3.441742435097694397e-02
2.179831825196743011e-02
9.070840314961969852e-04
1.173738297075033188e-02
-1.604437455534934998e-02
-4.340643063187599182e-02
-7.925875484943389893e-02
-3.257187083363533020e-02
1.103713735938072205e-02
1.156102400273084641e-02
2.519907429814338684e-03
2.142729237675666809e-02
-1.526787597686052322e-02
4.601750895380973816e-02
-5.409804359078407288e-02
-1.794080599211156368e-04
-3.690808638930320740e-02
-7.788792252540588379e-02
-8.404423482716083527e-03
-3.905726969242095947e-02
7.809761911630630493e-03
-6.974786520004272461e-02
-9.165059030055999756e-02
-2.769722789525985718e-02
-9.099718183279037476e-03
2.863550931215286255e-02
3.802302759140729904e-03
2.423109672963619232e-02
-1.041203737258911133e-02
-5.188490077853202820e-02
5.410571768879890442e-02
1.323560345917940140e-02
-2.538652531802654266e-02
2.864328213036060333e-03
4.704225063323974609e-02
5.579238384962081909e-02
6.414806004613637924e-03
3.113938961178064346e-03
3.683600807562470436e-03
-6.692402809858322144e-02
-1.614190824329853058e-02
3.519363328814506531e-02
5.972102750092744827e-03
-3.381793946027755737e-02
3.298041224479675293e-02
3.219153732061386108e-02
6.600551307201385498e-02
4.327975586056709290e-02
4.397001117467880249e-02
-8.420187048614025116e-03
2.428300864994525909e-02
-5.142423138022422791e-02
1.638299226760864258e-02
6.961858831346035004e-03
-3.984065353870391846e-02
-7.258415687829256058e-03
7.068666070699691772e-02
6.234574690461158752e-02
-2.899061888456344604e-02
-3.887664154171943665e-02
5.128075834363698959e-03
1.903606578707695007e-02
2.735852450132369995e-02
-2.087387256324291229e-02
6.258106976747512817e-02
-1.476230751723051071e-02
-1.108582038432359695e-02
-1.566988602280616760e-02
-2.566106803715229034e-02
-1.285127177834510803e-02
1.764925383031368256e-02
-8.187010139226913452e-02
-3.589103370904922485e-02
-9.413882158696651459e-03
-2.587455883622169495e-02
-3.199918661266565323e-03
8.885173010639846325e-04
-1.407566014677286148e-02
6.023411452770233154e-02
7.386584579944610596e-02
-3.272010013461112976e-02
3.020378015935420990e-02
-9.085015393793582916e-03
5.721194297075271606e-02
3.974355384707450867e-02
6.023499742150306702e-02
2.640037424862384796e-02
5.448506399989128113e-02
5.785222724080085754e-02
-4.748937115073204041e-02
3.404402732849121094e-02
6.419604644179344177e-03
3.097382932901382446e-02
-6.720317155122756958e-02
-3.166862006764858961e-04
-1.352889090776443481e-02
-1.215523481369018555e-02
5.260360427200794220e-03
2.061183797195553780e-03
1.480414997786283493e-02
7.886311970651149750e-03
3.990487661212682724e-03
-7.224672287702560425e-02
-6.295381113886833191e-03
3.128049895167350769e-02
-4.225914925336837769e-02
-1.275321375578641891e-02
-2.532615885138511658e-02
1.039226818829774857e-02
4.985120147466659546e-02
4.564030840992927551e-02
-4.703723639249801636e-02
4.306531324982643127e-02
3.361271321773529053e-02
-4.628409072756767273e-02
4.517843946814537048e-03
1.440620049834251404e-02
-1.594888977706432343e-02
8.097327500581741333e-02
4.527487233281135559e-02
-2.238052431493997574e-03
-5.748251825571060181e-02
6.282508838921785355e-03
1.859478279948234558e-02
-5.017072334885597229e-02
-2.266276627779006958e-02
2.396965771913528442e-02
-2.745523676276206970e-02
3.082258813083171844e-02
-8.732339367270469666e-03
2.262541465461254120e-02
2.569520659744739532e-02
-5.910848453640937805e-02
9.035376831889152527e-03
-4.344081878662109375e-02
5.447631329298019409e-02
5.789746716618537903e-02
-5.357594229280948639e-03
-4.051491245627403259e-02
2.751482464373111725e-02
-3.699037432670593262e-02
-1.782272383570671082e-02
9.215070866048336029e-03
2.327387779951095581e-02
4.938596114516258240e-02
-1.190289575606584549e-02
-1.248727887868881226e-01
-5.110600590705871582e-02
-5.233120918273925781e-02
-1.815069094300270081e-02
-2.520583570003509521e-02
4.819135367870330811e-02
1.334943622350692749e-02
4.127483442425727844e-02
8.695346303284168243e-03
1.066770497709512711e-02
1.181255504488945007e-01
4.073944687843322754e-02
-1.255629770457744598e-02
-1.383150927722454071e-02
5.036269500851631165e-02
-5.887990072369575500e-02
5.424993112683296204e-02
-1.780798309482634068e-03
-3.383236378431320190e-02
1.380038261413574219e-02
-1.722107082605361938e-02
9.430428035557270050e-03
-3.224270045757293701e-02
3.805120289325714111e-02
3.825272992253303528e-02
8.230327814817428589e-02
1.954107172787189484e-02
-2.948467247188091278e-02
-1.217322796583175659e-02
3.640387579798698425e-02
-2.602687664330005646e-02
3.319299221038818359e-02
-1.631538011133670807e-02
1.428162399679422379e-02
2.026904188096523285e-02
2.015811856836080551e-03
-5.754315480589866638e-02
1.635510474443435669e-02
2.399624139070510864e-02
-4.819489270448684692e-02
-1.271246559917926788e-02
1.741372747346758842e-03
1.028356328606605530e-02
5.458154156804084778e-02
9.806969761848449707e-02
-5.906169861555099487e-02
-3.604795783758163452e-02
9.719619899988174438e-02
2.505288459360599518e-02
1.342170871794223785e-02
-7.608576864004135132e-02
1.471514441072940826e-02
2.261810563504695892e-02
-6.907887756824493408e-02
-8.962746709585189819e-03
-5.296369269490242004e-02
1.252766326069831848e-02
3.499111533164978027e-02
-7.070796936750411987e-02
5.625161156058311462e-02
1.823033578693866730e-02
4.998037125915288925e-03
-2.329980209469795227e-02
3.256581723690032959e-02
3.173638880252838135e-02
-1.464654784649610519e-02
-5.130444094538688660e-02
-8.943743258714675903e-02
-1.715626753866672516e-02
-3.805828746408224106e-03
6.536833196878433228e-02
-2.552743442356586456e-02
-1.296734716743230820e-02
1.316428184509277344e-02
