4.475934430956840515e-02
1.632627472281455994e-02
-5.439324304461479187e-03
2.100495621562004089e-02
-2.898292429745197296e-02
4.509841278195381165e-02
-1.956905424594879150e-02
1.036005001515150070e-02
-1.592330634593963623e-02
2.005208469927310944e-02
5.072445422410964966e-02
5.527052283287048340e-02
1.014593150466680527e-02
-6.270430237054824829e-02
-6.303730607032775879e-02
-2.643156796693801880e-02
3.316076844930648804e-02
-2.626818418502807617e-02
6.513809412717819214e-02
-1.570064050611108541e-04
1.690463349223136902e-02
-3.626222163438796997e-02
-3.064207360148429871e-02
-4.293456207960844040e-03
-3.890370950102806091e-02
-8.787327259778976440e-02
3.978967294096946716e-02
-3.656115010380744934e-02
6.255625933408737183e-02
1.389572676271200180e-02
2.257399447262287140e-02
8.009239286184310913e-02
2.528947032988071442e-02
2.561652101576328278e-03
-2.091778442263603210e-02
4.013206489617004991e-05
2.236613072454929352e-02
-5.126703903079032898e-02
-5.149577930569648743e-02
-3.720095613971352577e-03
2.058645524084568024e-02
1.384397316724061966e-02
1.280368072912096977e-03
-4.062400013208389282e-02
-4.071008786559104919e-02
-7.572168111801147461e-02
-1.526087429374456406e-02
-2.381399460136890411e-02
-3.737237304449081421e-02
5.906616151332855225e-02
-7.524538785219192505e-02
1.474859309382736683e-03
2.934194728732109070e-02
-6.738109141588211060e-02
6.818637996912002563e-02
3.517802432179450989e-02
-3.140603378415107727e-02
-1.822697115130722523e-03
-4.182040691375732422e-03
-6.125255674123764038e-02
3.720356523990631104e-02
1.226431205868721008e-01
1.983388885855674744e-02
3.461191058158874512e-02
5.228994786739349365e-02
2.919945679605007172e-02
-4.966797679662704468e-02
5.859503522515296936e-02
4.194575175642967224e-02
2.227035351097583771e-02
1.530345715582370758e-02
1.103249285370111465e-02
3.478051722049713135e-02
3.142801672220230103e-02
1.624452881515026093e-02
7.826971262693405151e-02
4.288027435541152954e-02
6.514681503176689148e-03
5.648843199014663696e-02
-2.190101332962512970e-02
6.228066608309745789e-02
-4.295974969863891602e-03
-1.358949858695268631e-02
4.750105738639831543e-02
5.448305234313011169e-02
7.461155951023101807e-02
-5.402445793151855469e-02
4.427353292703628540e-02
-3.544986248016357422e-02
-6.148819252848625183e-02
3.209292888641357422e-02
5.958931520581245422e-02
-2.224249951541423798e-02
-3.313859179615974426e-02
-4.327646922320127487e-03
2.651683427393436432e-02
-8.295617252588272095e-02
1.216317247599363327e-02
-1.921631768345832825e-02
-1.345024723559617996e-02
-9.730393649078905582e-04
4.663814604282379150e-02
-5.807714536786079407e-02
2.800537459552288055e-02
2.681516483426094055e-02
6.598106771707534790e-02
-1.159481257200241089e-01
-1.334059145301580429e-02
-2.204304747283458710e-02
2.065932750701904297e-02
2.178489044308662415e-02
7.945778965950012207e-02
-2.318273857235908508e-02
5.714380368590354919e-02
-3.902531787753105164e-02
7.551851123571395874e-02
-4.479998722672462463e-02
-5.779635533690452576e-02
-3.582058101892471313e-02
-7.346971333026885986e-02
2.078313194215297699e-02
-6.157236173748970032e-02
-2.722826786339282990e-02
3.947730734944343567e-02
-1.059234049171209335e-02
1.931388676166534424e-02
-1.092371251434087753e-02
4.435234889388084412e-02
3.684725984930992126e-02
7.565580308437347412e-02
3.329675272107124329e-02
-1.364619820378720760e-03
4.317151382565498352e-02
-1.029631271958351135e-01
4.018929600715637207e-02
-9.083074331283569336e-02
-3.835207596421241760e-02
-7.347361743450164795e-02
-4.274396225810050964e-02
-4.918179288506507874e-02
8.347590267658233643e-02
-9.541238099336624146e-02
-5.904019251465797424e-02
1.690955087542533875e-02
4.590011201798915863e-03
3.737742081284523010e-02
-1.089031808078289032e-02
1.650893688201904297e-02
1.531588751822710037e-02
-2.124953456223011017e-02
-4.486402124166488647e-02
2.427242137491703033e-02
3.479393944144248962e-02
-9.938523173332214355e-02
-5.036693532019853592e-03
4.061025101691484451e-03
-1.437320932745933533e-02
-3.878372535109519958e-02
2.177610434591770172e-02
1.425857748836278915e-02
-5.024348851293325424e-03
-2.943186834454536438e-02
-9.014929085969924927e-02
6.002593040466308594e-02
-2.837410196661949158e-02
8.508615195751190186e-03
-4.918249323964118958e-02
-1.020273938775062561e-01
-7.966911047697067261e-02
-3.789981082081794739e-02
3.448902070522308350e-02
-5.233312025666236877e-02
5.345486104488372803e-03
4.907796531915664673e-02
4.451415687799453735e-02
1.914509944617748260e-02
-3.370390087366104126e-02
4.846118390560150146e-02
-2.292210701853036880e-03
-3.335874155163764954e-02
-3.637241944670677185e-02
3.142167627811431885e-02
-1.729858480393886566e-02
-5.934474617242813110e-02
5.144430696964263916e-02
5.791606009006500244e-02
2.947137132287025452e-02
-1.296713668853044510e-02
-2.841271692886948586e-03
-3.682887181639671326e-02
2.684131450951099396e-02
4.259144514799118042e-02
5.346786696463823318e-03
-9.042032808065414429e-02
-2.215514518320560455e-02
1.041256543248891830e-02
-2.815222740173339844e-02
-8.485149592161178589e-02
-6.101564690470695496e-02
1.589921116828918457e-02
-1.678847149014472961e-02
6.891750544309616089e-02
4.578025545924901962e-04
7.663589436560869217e-03
-3.804941428825259209e-03
-2.267552912235260010e-02
-2.538100583478808403e-03
1.179651618003845215e-01
-2.096415124833583832e-02
6.972949206829071045e-02
2.597390487790107727e-02
-1.447250507771968842e-02
-7.758928090333938599e-02
-2.751063555479049683e-02
-9.887453913688659668e-02
5.175673402845859528e-03
4.819026216864585876e-02
1.206521783024072647e-02
-4.785126820206642151e-02
3.967220429331064224e-03
1.463326439261436462e-02
6.807192414999008179e-02
4.369981214404106140e-02
-6.062990799546241760e-02
5.289318971335887909e-03
2.776251733303070068e-02
-5.833147838711738586e-02
-4.378698766231536865e-02
-5.131713580340147018e-03
5.768453702330589294e-02
-5.115433782339096069e-02
3.132508695125579834e-02
-5.867597833275794983e-02
1.342812459915876389e-02
8.360721170902252197e-02
-3.792432695627212524e-02
-3.068951191380620003e-03
-3.478841111063957214e-02
5.760602280497550964e-02
5.750488862395286560e-02
8.458662033081054688e-02
-3.595306724309921265e-02
3.828174620866775513e-02
-2.239300310611724854e-02
-3.889614343643188477e-02
1.452597882598638535e-02
-3.255007043480873108e-02
1.310230046510696411e-02
-4.637833312153816223e-02
1.615321822464466095e-02
7.915215566754341125e-03
-3.666054084897041321e-02
-2.840825356543064117e-02
-1.264272928237915039e-01
4.380815848708152771e-02
8.340065926313400269e-02
-1.968435943126678467e-02
4.693274851888418198e-03
2.909500524401664734e-02
-4.789138212800025940e-03
-1.513972785323858261e-02
2.693268470466136932e-02
-2.019908279180526733e-02
1.904491148889064789e-02
8.039263077080249786e-03
-2.009741030633449554e-02
-2.349003031849861145e-02
6.405788660049438477e-02
-4.036960005760192871e-02
-7.428649812936782837e-03
7.648219913244247437e-02
-6.650247424840927124e-02
4.787892848253250122e-02
-4.571930691599845886e-02
-3.577273711562156677e-02
1.675141975283622742e-02
-1.300684758462011814e-03
-5.277826637029647827e-02
3.455703333020210266e-02
-6.081895902752876282e-03
1.330662146210670471e-02
4.100330919027328491e-02
-8.082053065299987793e-02
6.872979551553726196e-02
-3.841588646173477173e-02
7.685475982725620270e-03
-8.326064795255661011e-02
4.458458349108695984e-02
-9.694690257310867310e-02
-3.059744648635387421e-02
2.221487462520599365e-02
-2.964041195809841156e-02
-7.029277086257934570e-02
3.956104815006256104e-02
6.258384138345718384e-02
-5.200002342462539673e-02
3.738385811448097229e-02
-3.711635712534189224e-03
2.562125399708747864e-02
4.125309363007545471e-02
-3.161133453249931335e-02
3.124227002263069153e-02
3.574627265334129333e-02
6.111926585435867310e-02
-4.131867736577987671e-02
-3.460244042798876762e-03
-1.330070942640304565e-02
-3.611674904823303223e-02
1.502661616541445255e-03
-1.203493960201740265e-02
4.805680364370346069e-02
-4.655527696013450623e-02
-2.614725613966584206e-03
-1.886400207877159119e-02
-2.426372654736042023e-02
-2.134193107485771179e-02
-5.063860863447189331e-02
3.436684608459472656e-02
8.247141540050506592e-02
3.888456523418426514e-02
5.611444637179374695e-02
-5.895319581031799316e-02
3.679236769676208496e-02
1.207305002026259899e-03
3.284279257059097290e-02
-4.402998369187116623e-03
-4.726976901292800903e-02
-9.977573156356811523e-02
-4.410316236317157745e-03
-8.394771814346313477e-02
5.966950953006744385e-02
-1.810442283749580383e-02
-7.013995945453643799e-02
2.976126782596111298e-02
-2.787241712212562561e-02
4.715333878993988037e-02
5.322974175214767456e-02
-3.851842507719993591e-02
-1.076002325862646103e-02
-1.773250289261341095e-02
8.609753847122192383e-02
4.821863025426864624e-02
-2.485637366771697998e-02
-4.098945483565330505e-02
-4.563412442803382874e-02
-6.440363824367523193e-02
-6.387210637331008911e-02
7.715737819671630859e-02
3.257011994719505310e-02
-2.391904592514038086e-02
-1.515813264995813370e-02
8.221241086721420288e-02
-2.915291115641593933e-02
2.135510370135307312e-02
-2.342901006340980530e-02
5.735862627625465393e-02
-2.944322302937507629e-02
4.155258089303970337e-02
-5.648354440927505493e-02
-6.047985982149839401e-03
1.629128493368625641e-02
-2.316106855869293213e-02
3.688608761876821518e-03
3.465990722179412842e-02
-3.263116255402565002e-02
6.873231846839189529e-03
-6.306830793619155884e-02
-4.020961932837963104e-03
-1.166350580751895905e-02
-1.787009066902101040e-03
-1.653551869094371796e-02
6.399290263652801514e-02
3.151679039001464844e-02
3.812439041212201118e-03
1.128243096172809601e-02
6.739661842584609985e-02
-5.509237572550773621e-02
-4.709488525986671448e-02
1.574514992535114288e-02
-2.917837910354137421e-02
6.834773812443017960e-04
-2.841388434171676636e-02
1.188604086637496948e-01
-7.147023081779479980e-02
1.445374824106693268e-02
-6.234581395983695984e-02
8.001232519745826721e-03
-1.563455536961555481e-02
-5.175790563225746155e-02
3.373957052826881409e-02
1.104573067277669907e-02
1.833519712090492249e-02
2.553896978497505188e-02
-1.178489774465560913e-01
2.684065140783786774e-02
-7.612234354019165039e-02
9.925215505063533783e-03
6.834680587053298950e-02
-5.822968855500221252e-02
1.494199968874454498e-02
-1.316802948713302612e-02
1.056029833853244781e-02
-1.815700158476829529e-02
-1.112227048724889755e-02
2.716654352843761444e-02
4.418530687689781189e-02
-2.074509672820568085e-02
7.503642886877059937e-02
-7.821300625801086426e-02
-1.653393544256687164e-02
-2.323711477220058441e-02
-8.886034600436687469e-03
5.533130094408988953e-02
-1.082251127809286118e-02
1.406692527234554291e-02
-2.412395551800727844e-02
-2.909895591437816620e-02
5.043114349246025085e-02
-7.465659826993942261e-02
-4.894588142633438110e-02
-5.854883417487144470e-02
1.774622127413749695e-02
-2.162811579182744026e-03
1.112835295498371124e-02
-7.000718265771865845e-03
4.378985613584518433e-03
5.090519040822982788e-02
1.113198790699243546e-02
-4.539457708597183228e-02
1.570447720587253571e-02
6.705156993120908737e-03
-7.119701802730560303e-02
-1.162797063589096069e-01
2.724537812173366547e-02
5.805442482233047485e-02
3.535153716802597046e-02
-6.351329386234283447e-02
-2.084882184863090515e-02
-4.578182101249694824e-02
2.493363805115222931e-02
-1.581689529120922089e-02
3.912188857793807983e-02
3.916588798165321350e-02
6.698447978124022484e-04
8.920924738049507141e-03
-1.668620388954877853e-03
-7.339615374803543091e-02
-4.132210835814476013e-02
-5.794918164610862732e-02
6.734073907136917114e-02
-9.088076651096343994e-02
-2.666548267006874084e-02
-7.449499517679214478e-02
-4.375329613685607910e-02
2.366589941084384918e-02
-1.794053614139556885e-02
-1.578364521265029907e-02
-3.716447949409484863e-02
-4.284046962857246399e-02
6.521211564540863037e-02
1.430643815547227859e-02
2.601859904825687408e-02
7.664684951305389404e-02
1.319929258897900581e-03
-4.843050613999366760e-02
7.573867589235305786e-02
-1.539435889571905136e-02
-4.430051892995834351e-02
-1.376828644424676895e-02
2.187130041420459747e-02
5.230741575360298157e-02
5.557847023010253906e-02
6.497097760438919067e-02
5.184691771864891052e-02
-3.355398774147033691e-02
-4.872410744428634644e-02
-1.093536056578159332e-02
-8.601056784391403198e-02
2.292296662926673889e-02
-1.045558527112007141e-01
7.609823346138000488e-02
-7.187814265489578247e-02
3.251555189490318298e-02
-1.064130803570151329e-03
-6.939399987459182739e-02
-6.409287452697753906e-02
6.621060520410537720e-02
-2.507692575454711914e-02
-2.174946106970310211e-02
-5.154101923108100891e-02
4.359706118702888489e-02
-6.480133533477783203e-02
-2.397914230823516846e-02
4.595162719488143921e-02
-2.217601286247372627e-03
4.388108849525451660e-03
-1.966500468552112579e-02
-4.085970297455787659e-02
-7.219267077744007111e-03
2.794832177460193634e-02
-2.663362026214599609e-02
4.796836525201797485e-02
-3.572569042444229126e-02
8.191581815481185913e-02
5.036374181509017944e-02
-2.105797082185745239e-02
-2.496605738997459412e-03
-6.960709393024444580e-02
-2.413043566048145294e-02
-1.694076135754585266e-02
-9.477070532739162445e-03
-2.213284373283386230e-03
1.816804637201130390e-03
-3.655090928077697754e-02
-8.965061046183109283e-03
8.059239946305751801e-03
2.660441957414150238e-02
7.165943831205368042e-02
3.471000865101814270e-02
5.301530286669731140e-02
-1.840703561902046204e-02
1.045053917914628983e-02
4.926288127899169922e-02
-1.977051142603158951e-03
3.275955561548471451e-03
-5.500496551394462585e-02
-1.334532648324966431e-01
4.459913820028305054e-02
4.327386617660522461e-03
2.768841572105884552e-02
-2.287800423800945282e-02
2.680707164108753204e-02
-3.268490359187126160e-02
-8.324366807937622070e-02
2.108008787035942078e-02
6.778571754693984985e-03
-1.211431529372930527e-02
-4.231331124901771545e-02
5.413977429270744324e-02
2.219523489475250244e-02
-7.849621772766113281e-02
1.026244251988828182e-03
-7.780992984771728516e-02
2.793840831145644188e-03
4.748322814702987671e-02
-5.229661613702774048e-02
8.363639004528522491e-03
-2.091684192419052124e-02
-4.471926018595695496e-02
-9.698463231325149536e-02
-1.797622442245483398e-02
-3.407625481486320496e-02
-1.951181702315807343e-02
-7.006559520959854126e-02
-6.369820237159729004e-02
3.619816899299621582e-02
-4.190336167812347412e-02
-3.492921590805053711e-02
8.361932821571826935e-03
3.877544542774558067e-03
-9.398661553859710693e-02
9.168336540460586548e-02
-4.395922273397445679e-02
-4.398028180003166199e-02
-6.030556559562683105e-02
8.145297318696975708e-02
-8.099837601184844971e-02
2.737738564610481262e-02
4.902657121419906616e-02
3.858064487576484680e-02
-4.173899069428443909e-02
-9.951369836926460266e-03
-3.838811814785003662e-02
-4.930970817804336548e-02
6.991254538297653198e-02
1.252682693302631378e-02
3.436825051903724670e-02
-8.066886104643344879e-03
4.304990172386169434e-02
2.964435517787933350e-02
-6.568234879523515701e-03
6.566021591424942017e-02
4.886032268404960632e-02
2.953007444739341736e-02
5.277470871806144714e-02
7.535545621067285538e-03
5.529046058654785156e-03
-3.550925105810165405e-02
-5.365669354796409607e-02
5.950014106929302216e-03
-7.985894381999969482e-02
-4.582227766513824463e-02
-6.255584955215454102e-02
-1.729604415595531464e-02
-5.038058385252952576e-02
5.167762190103530884e-02
3.027498535811901093e-02
4.647878929972648621e-02
4.242587089538574219e-02
5.281045287847518921e-02
5.956973135471343994e-02
-4.181627184152603149e-02
-6.635419558733701706e-03
1.243748050183057785e-02
-4.978642612695693970e-02
1.019309833645820618e-01
1.885408721864223480e-02
-1.642211899161338806e-02
-2.824576757848262787e-02
-2.607053332030773163e-02
-3.412409871816635132e-02
5.721661821007728577e-02
4.476846661418676376e-03
-4.386333748698234558e-02
-7.809496670961380005e-02
-1.409671921283006668e-02
7.052238285541534424e-02
3.300181403756141663e-02
-3.280299529433250427e-02
1.546550821512937546e-02
1.615525572560727596e-03
3.521871287375688553e-03
-4.733423236757516861e-03
-9.050542116165161133e-02
-1.137777790427207947e-02
-1.860510744154453278e-02
-4.272899404168128967e-02
1.439809100702404976e-03
3.690172359347343445e-02
-3.673463687300682068e-02
3.095136024057865143e-02
-6.778162205591797829e-04
1.192800886929035187e-02
6.827618926763534546e-03
-3.957758191972970963e-03
-2.113197930157184601e-02
1.472663599997758865e-02
-6.899632862769067287e-04
4.464120790362358093e-02
5.999549478292465210e-02
-4.686152562499046326e-02
5.715737584978342056e-03
-3.968239948153495789e-02
2.219263836741447449e-02
8.656286448240280151e-02
4.185544326901435852e-02
5.386214703321456909e-02
-3.453718125820159912e-02
7.228562235832214355e-02
-6.312914937734603882e-02
5.272044986486434937e-02
4.937480762600898743e-02
-7.910800166428089142e-03
-3.815273195505142212e-02
-9.948482038453221321e-04
8.047869056463241577e-02
-1.557607203722000122e-02
5.645492672920227051e-02
-4.388657957315444946e-02
-1.479542814195156097e-02
3.694361820816993713e-02
1.280375663191080093e-02
-1.094439066946506500e-02
-2.873146533966064453e-02
4.594968631863594055e-02
1.026238128542900085e-01
-1.250483840703964233e-02
3.368621319532394409e-02
4.430896416306495667e-02
5.305452272295951843e-02
-2.550138533115386963e-02
6.455644965171813965e-02
7.068344950675964355e-02
6.283608824014663696e-02
-8.043591678142547607e-02
6.635089218616485596e-02
5.373889952898025513e-02
-1.223054528236389160e-01
6.041883304715156555e-02
3.401308134198188782e-02
6.143137067556381226e-02
1.237039491534233093e-01
3.341312333941459656e-02
-3.011890687048435211e-02
4.362460225820541382e-03
-7.366706430912017822e-02
-9.284428320825099945e-03
1.529377326369285583e-02
-4.093537479639053345e-02
-4.899864550679922104e-03
-1.183995455503463745e-01
-4.194419458508491516e-02
4.525549337267875671e-02
1.175831332802772522e-01
-2.032066509127616882e-02
8.225835859775543213e-03
7.365122437477111816e-04
-5.420315265655517578e-02
-4.318564012646675110e-02
-4.495810344815254211e-02
-7.361435797065496445e-03
-7.103874534368515015e-02
-3.097681794315576553e-03
-5.788594856858253479e-02
-1.647440530359745026e-02
-4.018134996294975281e-02
-3.268067166209220886e-02
-3.133861720561981201e-02
-5.350082367658615112e-02
2.570376731455326080e-02
1.340529695153236389e-02
-1.428302377462387085e-02
1.396689750254154205e-02
-7.729031890630722046e-02
-9.639244526624679565e-02
-4.124362394213676453e-02
-1.847557350993156433e-02
7.837911136448383331e-03
9.364131093025207520e-02
-5.785128567367792130e-03
-5.271809920668601990e-02
-4.240792768541723490e-04
1.740901917219161987e-02
-6.678020209074020386e-02
-1.281444635242223740e-02
-5.501636117696762085e-02
-2.277102135121822357e-02
2.058015763759613037e-02
4.421938583254814148e-02
-2.595156244933605194e-02
7.794214412569999695e-03
-2.189780399203300476e-02
1.074658408761024475e-01
-8.342386782169342041e-02
-1.065162755548954010e-02
-1.792346127331256866e-02
5.412256345152854919e-02
-5.164568871259689331e-02
1.731367968022823334e-02
-1.704208925366401672e-02
1.540300343185663223e-02
-8.873521350324153900e-03
4.186616092920303345e-02
1.432817615568637848e-02
9.379161894321441650e-02
-7.788030058145523071e-02
-6.639569997787475586e-03
-3.076624870300292969e-02
2.292653778567910194e-03
4.583162814378738403e-02
-7.056179642677307129e-02
2.012496255338191986e-02
-4.881113022565841675e-02
3.989959135651588440e-02
8.151112496852874756e-02
3.916559368371963501e-02
-2.444471791386604309e-02
-4.726412519812583923e-02
6.159130856394767761e-02
9.141529351472854614e-02
-1.413119398057460785e-02
-2.841271227225661278e-03
-4.992586001753807068e-02
-3.632801398634910583e-02
2.646404691040515900e-02
5.474048107862472534e-02
1.667402312159538269e-02
3.364358097314834595e-02
1.599670015275478363e-02
-5.188319832086563110e-03
-2.295376360416412354e-02
2.278255671262741089e-02
-8.979762904345989227e-03
-8.891008049249649048e-02
-2.205895632505416870e-02
-3.323468938469886780e-02
2.645100280642509460e-02
3.748984262347221375e-02
-1.926120743155479431e-02
-3.077245317399501801e-02
2.295752801001071930e-02
3.630143776535987854e-02
-5.402039270848035812e-03
-3.751289471983909607e-02
-4.409738630056381226e-02
5.408505722880363464e-02
4.688902571797370911e-02
-1.999861560761928558e-02
-3.675622865557670593e-02
-1.111989654600620270e-02
3.468229668214917183e-03
-2.487155981361865997e-02
-9.787087328732013702e-03
5.885722860693931580e-02
-8.551802486181259155e-02
7.080227136611938477e-02
-1.411970891058444977e-02
1.611353456974029541e-02
-2.831039950251579285e-02
-6.624618917703628540e-02
-4.343178495764732361e-02
-4.435960203409194946e-02
-2.758265100419521332e-02
6.030284240841865540e-02
-6.917626410722732544e-02
-6.365387141704559326e-02
3.938852623105049133e-02
3.493437543511390686e-02
1.793988607823848724e-02
-2.041748352348804474e-02
7.005278952419757843e-03
1.908099651336669922e-02
-6.326492130756378174e-02
-5.895597860217094421e-02
-6.163802370429039001e-02
4.539024829864501953e-02
1.019608452916145325e-01
-1.230901759117841721e-02
3.525429591536521912e-02
-6.432577501982450485e-03
2.539904229342937469e-02
-8.133985102176666260e-02
-3.234530985355377197e-02
6.572744250297546387e-02
-5.777750909328460693e-02
-2.982665598392486572e-02
-4.337526485323905945e-02
2.746465429663658142e-02
3.593741729855537415e-02
-5.285097658634185791e-02
8.550353348255157471e-03
-6.034369021654129028e-02
6.155531480908393860e-02
-1.541598420590162277e-02
-6.509514059871435165e-03
-3.149186074733734131e-02
-3.371841832995414734e-02
-1.860840129666030407e-03
1.128073707222938538e-01
4.723075032234191895e-02
1.050909422338008881e-02
-3.825297113507986069e-03
-5.178159102797508240e-02
1.488940883427858353e-02
-3.442299365997314453e-02
4.869114980101585388e-02
-1.905975118279457092e-02
-4.888724163174629211e-02
-3.324753418564796448e-02
-1.988845132291316986e-02
-1.057109888643026352e-02
-2.414985559880733490e-02
3.195951459929347038e-03
-6.306819152086973190e-03
-3.463547676801681519e-02
-1.256246957927942276e-02
4.099604673683643341e-03
2.313597314059734344e-02
-1.485280971974134445e-02
-4.494994133710861206e-02
-5.989012494683265686e-02
8.281591348350048065e-03
1.305808424949645996e-01
-6.812898907810449600e-03
-7.816003635525703430e-03
-1.747708022594451904e-02
4.772021621465682983e-02
-7.267511636018753052e-02
4.616327956318855286e-02
-3.867464512586593628e-02
9.759829193353652954e-02
-6.978921126574277878e-03
7.239967584609985352e-02
3.909291326999664307e-02
9.027770161628723145e-02
4.513499327003955841e-03
-5.471942201256752014e-02
5.325357988476753235e-02
-2.656496129930019379e-03
-2.302447520196437836e-02
4.401845857501029968e-02
-5.207695998251438141e-03
4.344219341874122620e-02
4.295760765671730042e-02
-2.217887528240680695e-02
9.722819551825523376e-03
-5.179476924240589142e-03
1.275476254522800446e-02
-1.545351743698120117e-02
2.697132900357246399e-02
1.591063104569911957e-02
3.960281237959861755e-02
-6.123496219515800476e-03
1.553814858198165894e-02
5.503284558653831482e-02
-4.767818376421928406e-02
-3.159960731863975525e-02
-3.809435665607452393e-02
6.893532350659370422e-03
-4.083244502544403076e-02
-7.832066155970096588e-03
-8.640830405056476593e-03
3.460089117288589478e-02
-5.103871971368789673e-02
1.789751090109348297e-02
7.735031843185424805e-02
-2.264930866658687592e-02
-5.832834169268608093e-02
4.064523428678512573e-02
-5.617031455039978027e-02
-8.673223108053207397e-02
-7.597131654620170593e-03
2.267847023904323578e-02
-3.388262167572975159e-02
5.921887233853340149e-02
7.867228239774703979e-02
-4.261312633752822876e-02
-2.342905104160308838e-02
-2.027891762554645538e-02
1.191607788205146790e-01
-2.599244751036167145e-02
-6.774808466434478760e-02
1.157777942717075348e-02
-3.769623860716819763e-02
4.929640796035528183e-03
-3.870956972241401672e-02
-3.507566452026367188e-02
-3.700152738019824028e-03
6.175794638693332672e-03
3.291223570704460144e-02
-2.586133591830730438e-02
-2.314678207039833069e-02
-3.532925248146057129e-02
-2.464004093781113625e-03
-8.809804916381835938e-03
1.322462409734725952e-02
8.307441137731075287e-03
3.883548453450202942e-02
-1.182343140244483948e-01
8.130176365375518799e-02
1.483043469488620758e-02
2.232519909739494324e-02
-2.386687882244586945e-02
-6.183765083551406860e-02
-3.426373004913330078e-04
1.640080846846103668e-02
3.930007293820381165e-02
2.489743195474147797e-02
-2.950794063508510590e-02
3.516077995300292969e-03
2.963860984891653061e-03
2.692913450300693512e-02
-5.650518089532852173e-02
-8.536957204341888428e-02
3.436914086341857910e-02
1.524670887738466263e-02
-3.635563701391220093e-02
4.786700755357742310e-02
2.375014359131455421e-03
-2.369347773492336273e-02
1.236954331398010254e-02
7.669183611869812012e-02
2.290885895490646362e-02
-1.524325832724571228e-02
9.318808093667030334e-03
3.513607755303382874e-02
-8.870694041252136230e-02
3.787211328744888306e-02
-1.710371300578117371e-02
-1.097600348293781281e-02
2.757127396762371063e-02
5.965964123606681824e-02
1.111467741429805756e-02
3.097209706902503967e-02
5.383708700537681580e-02
1.477341167628765106e-02
3.772467374801635742e-03
-8.021217072382569313e-04
-8.595381677150726318e-02
-1.293726079165935516e-02
-3.725337609648704529e-02
8.251845836639404297e-02
-3.652668744325637817e-02
-1.167181283235549927e-01
-3.202363103628158569e-02
3.733849897980690002e-02
-3.159902617335319519e-02
-4.741115495562553406e-02
3.114693798124790192e-03
3.597414866089820862e-02
-3.896882385015487671e-02
2.427968196570873260e-02
-4.585237056016921997e-02
5.181559920310974121e-02
-2.383476682007312775e-02
-4.278643801808357239e-02
5.826544761657714844e-02
1.020002067089080811e-01
1.265075150877237320e-02
-7.989212870597839355e-02
3.127287328243255615e-02
-5.589595064520835876e-02
-2.944601932540535927e-03
-2.496151626110076904e-02
6.305409222841262817e-02
-3.272124379873275757e-02
-3.075118875131011009e-03
7.714223116636276245e-02
-4.503687471151351929e-02
-5.173476412892341614e-02
-4.843176901340484619e-02
-5.213728547096252441e-02
-3.494059666991233826e-02
-6.285850703716278076e-02
7.741440087556838989e-02
-2.516014128923416138e-02
-3.525803610682487488e-02
-1.968478318303823471e-03
-3.355929628014564514e-02
6.421055644750595093e-02
-3.612431511282920837e-02
-2.670431975275278091e-03
-4.529697448015213013e-02
-2.094986103475093842e-02
