2.660304121673107147e-02
-3.773886710405349731e-02
7.079260796308517456e-02
4.804281890392303467e-02
-4.453294724225997925e-02
-3.490566834807395935e-02
3.892610780894756317e-03
-2.983958460390567780e-02
1.502746250480413437e-02
-5.415095388889312744e-02
-5.274950712919235229e-02
1.958164945244789124e-02
1.686042174696922302e-02
-2.842313796281814575e-02
-1.324629317969083786e-02
5.286627262830734253e-02
-2.695373725146055222e-03
-5.164004396647214890e-03
2.743377909064292908e-02
-7.284338586032390594e-03
7.151737809181213379e-02
4.815701395273208618e-02
-5.109145306050777435e-03
-6.364672631025314331e-02
8.987890928983688354e-02
-2.722909674048423767e-02
-1.000422751531004906e-03
-1.968666538596153259e-02
1.704463362693786621e-02
1.429067458957433701e-02
5.644987151026725769e-02
-4.328696429729461670e-02
-3.141534980386495590e-03
8.013190329074859619e-02
-5.222213920205831528e-03
-1.162071619182825089e-02
-1.994823105633258820e-02
1.449873484671115875e-02
2.336215547984465957e-04
-4.228193138260394335e-04
2.605676278471946716e-02
4.188308492302894592e-03
-2.253202535212039948e-02
1.114963591098785400e-01
-4.268185049295425415e-02
5.990189686417579651e-02
7.366803288459777832e-02
-3.014652617275714874e-02
-3.146233782172203064e-02
1.098190620541572571e-01
5.220884829759597778e-02
1.477700471878051758e-02
3.873801091685891151e-03
1.345987152308225632e-02
-3.692968934774398804e-02
1.903293840587139130e-02
3.375421091914176941e-02
2.954482845962047577e-02
-9.853655472397804260e-03
-1.162315835244953632e-03
-1.113995909690856934e-02
3.616422042250633240e-02
-3.875216096639633179e-02
4.799067974090576172e-02
-5.109369009733200073e-02
3.776871785521507263e-02
4.414384253323078156e-03
5.948523525148630142e-03
4.997807368636131287e-02
4.976934567093849182e-02
1.058145891875028610e-02
-3.634938597679138184e-02
3.825080767273902893e-02
-7.211453747004270554e-03
-2.147482521831989288e-02
2.497286535799503326e-02
-4.312901198863983154e-02
5.589357390999794006e-02
-2.019891329109668732e-02
3.538317512720823288e-03
1.988699659705162048e-02
-1.732178404927253723e-02
-4.137966409325599670e-02
4.904868453741073608e-02
-1.200630143284797668e-02
-3.305276110768318176e-02
6.383735686540603638e-02
-2.525829896330833435e-02
-6.196658313274383545e-02
6.539321690797805786e-02
-7.249340415000915527e-02
6.854449957609176636e-02
-3.436039015650749207e-02
-7.806101441383361816e-02
-2.257141284644603729e-02
4.876542836427688599e-02
-2.572679892182350159e-02
-2.408049814403057098e-02
3.390466794371604919e-02
3.913036361336708069e-02
2.315067313611507416e-02
1.071017328649759293e-02
-2.848799899220466614e-02
1.813981868326663971e-02
9.624607861042022705e-02
-5.016257986426353455e-02
2.613198757171630859e-02
-7.263103872537612915e-02
-1.612342335283756256e-02
-5.815861374139785767e-02
2.695580013096332550e-02
-6.238878518342971802e-02
5.684840027242898941e-03
4.818946495652198792e-02
-2.971947193145751953e-02
-1.809793710708618164e-02
5.710371583700180054e-02
-4.112424701452255249e-02
1.893023401498794556e-02
6.534591317176818848e-03
-3.616541996598243713e-02
7.449997123330831528e-03
5.066199973225593567e-02
2.697642892599105835e-02
1.779445633292198181e-02
-4.483193159103393555e-02
-3.428175672888755798e-02
8.136732503771781921e-03
3.323594480752944946e-02
-6.801410019397735596e-02
-3.229204192757606506e-02
1.619113609194755554e-02
1.487313210964202881e-02
-6.543682515621185303e-02
-1.303243935108184814e-01
3.667605295777320862e-02
-1.085507124662399292e-01
-8.012819290161132812e-02
-5.010524019598960876e-02
5.144510790705680847e-02
-2.917442470788955688e-02
1.436684839427471161e-02
-5.432217940688133240e-02
7.559427618980407715e-02
-8.103874512016773224e-03
3.066721744835376740e-02
-3.790424391627311707e-02
-3.639693930745124817e-02
3.218132629990577698e-02
8.499210700392723083e-03
5.366677790880203247e-02
1.418427284806966782e-02
4.822254925966262817e-02
-1.115469727665185928e-02
-2.602815628051757812e-02
5.214411392807960510e-02
-1.601191051304340363e-02
-2.721334807574748993e-02
-2.126521244645118713e-02
-3.282098472118377686e-02
5.378216132521629333e-02
4.572888463735580444e-02
-1.686133444309234619e-02
2.647133357822895050e-02
1.036291662603616714e-02
2.889770083129405975e-02
-5.460093915462493896e-02
5.363611876964569092e-02
-2.095020934939384460e-02
5.935555696487426758e-02
3.881082683801651001e-02
-5.710379779338836670e-02
1.451467908918857574e-02
-2.501636277884244919e-03
8.445993065834045410e-03
-3.078913316130638123e-02
1.364471763372421265e-01
-2.178543433547019958e-02
-6.356957554817199707e-02
-1.427120901644229889e-02
6.972480099648237228e-03
-9.715969860553741455e-02
-1.560183335095643997e-02
-5.754157528281211853e-02
3.733986988663673401e-02
3.701599687337875366e-02
4.071632400155067444e-02
4.078608471900224686e-03
-3.946441411972045898e-02
2.974479645490646362e-02
6.528916209936141968e-02
-1.081603094935417175e-01
-3.391123190522193909e-02
6.467860657721757889e-04
-8.648777008056640625e-02
4.062962904572486877e-02
-3.615973889827728271e-02
1.720542460680007935e-02
3.601976484060287476e-02
-5.268365517258644104e-02
1.791840046644210815e-02
3.502108529210090637e-02
-6.176390498876571655e-02
-1.520620100200176239e-02
-6.029917299747467041e-02
1.440771017223596573e-02
-4.444484412670135498e-02
-2.641446422785520554e-03
3.704785928130149841e-02
5.533333122730255127e-02
-1.016070693731307983e-01
-9.410353749990463257e-02
3.329693898558616638e-02
-2.950806170701980591e-02
1.037002447992563248e-02
3.120138077065348625e-03
2.215752145275473595e-03
5.568832904100418091e-02
-8.474839478731155396e-02
-2.135791629552841187e-02
4.967232421040534973e-02
-4.083406925201416016e-02
4.224171116948127747e-02
-2.512345090508460999e-02
-4.077556356787681580e-02
6.354391574859619141e-02
-5.070545896887779236e-02
3.453938290476799011e-02
1.633164472877979279e-02
-2.493520150892436504e-04
-7.022473029792308807e-03
9.404825046658515930e-03
2.364627551287412643e-03
-4.182515665888786316e-02
-3.667259961366653442e-02
-3.434650227427482605e-02
-7.442598044872283936e-02
1.902668736875057220e-02
2.502972632646560669e-02
-3.399326652288436890e-02
3.841144964098930359e-02
7.698805630207061768e-02
-6.715924292802810669e-02
3.367049247026443481e-02
2.925626561045646667e-02
-3.923304378986358643e-02
-9.899509698152542114e-02
2.043691277503967285e-02
-1.159447431564331055e-02
6.356693338602781296e-03
1.564966700971126556e-02
-3.193372115492820740e-02
2.965173311531543732e-02
2.147905342280864716e-02
6.613276433199644089e-03
2.718316391110420227e-02
3.877476602792739868e-02
-8.178973570466041565e-03
3.942095860838890076e-02
2.542583271861076355e-02
-2.142461016774177551e-02
-2.095307037234306335e-02
-9.975556284189224243e-02
-1.457641925662755966e-02
1.339985132217407227e-01
-1.091700280085206032e-03
1.683568395674228668e-02
1.738458871841430664e-02
-9.749058634042739868e-02
2.968001936096698046e-04
-3.836327791213989258e-02
-1.968259923160076141e-03
7.833229750394821167e-02
1.443090382963418961e-02
6.100705638527870178e-02
3.628004342317581177e-02
6.449000537395477295e-02
4.047979786992073059e-02
-3.070109896361827850e-02
-1.939190737903118134e-02
-4.855551198124885559e-02
7.983519136905670166e-02
-1.613801717758178711e-02
-1.205833163112401962e-02
-3.138406947255134583e-02
5.610422044992446899e-02
-4.138599336147308350e-02
-1.045420318841934204e-01
2.789376303553581238e-02
-9.439142420887947083e-03
4.698176681995391846e-02
2.344952151179313660e-02
1.646227017045021057e-02
8.939906209707260132e-02
-2.145312353968620300e-02
1.050507500767707825e-01
-1.545349019579589367e-03
-1.481651794165372849e-02
-4.599221795797348022e-02
-3.690762445330619812e-02
-7.047159969806671143e-02
1.261502690613269806e-02
5.362379923462867737e-02
-4.566180054098367691e-03
3.409582003951072693e-02
-4.576564580202102661e-02
4.741062596440315247e-02
-5.018601194024085999e-03
-3.235698118805885315e-02
1.396509353071451187e-02
-7.160186022520065308e-02
1.295067928731441498e-02
4.240284860134124756e-02
-6.279953569173812866e-02
1.320118270814418793e-02
7.175480946898460388e-03
-3.531061112880706787e-02
-3.917573019862174988e-02
-4.643708094954490662e-02
-8.065003901720046997e-02
6.543055921792984009e-02
-7.413416355848312378e-02
5.296815186738967896e-02
-2.961659058928489685e-02
7.011806219816207886e-02
1.755303330719470978e-02
-4.039911180734634399e-02
-2.044714242219924927e-02
-1.527879107743501663e-02
2.646772749722003937e-02
-5.604457110166549683e-02
-1.081018969416618347e-01
3.339280188083648682e-02
-1.214379966259002686e-01
1.115024089813232422e-02
3.738460317254066467e-02
3.331306949257850647e-02
3.188324347138404846e-02
-1.007440835237503052e-01
-1.265881955623626709e-02
1.731649599969387054e-02
1.297224611043930054e-01
-2.268467471003532410e-02
7.268418092280626297e-03
-2.251103147864341736e-02
-5.000670626759529114e-02
3.541333228349685669e-02
7.352854311466217041e-02
-2.170969918370246887e-02
-7.469178736209869385e-02
-3.973990306258201599e-02
2.893698215484619141e-02
2.589862234890460968e-02
-2.309551835060119629e-02
1.963159441947937012e-02
-4.345558583736419678e-02
-2.901432570070028305e-03
-8.399557322263717651e-03
5.750883370637893677e-02
-1.023154053837060928e-02
3.518465161323547363e-02
-1.387688983231782913e-02
2.044008858501911163e-02
4.966301843523979187e-03
-7.807847112417221069e-02
-4.835986532270908356e-03
1.162968352437019348e-01
-3.651411505416035652e-03
-3.384190425276756287e-02
-1.096790190786123276e-02
-5.109582468867301941e-02
3.442644700407981873e-02
8.820213377475738525e-03
-7.647025585174560547e-02
9.254355728626251221e-02
-5.286373570561408997e-02
-3.185414895415306091e-02
-2.147895470261573792e-02
-7.684151083230972290e-02
-1.468656808137893677e-01
5.164515599608421326e-02
5.445218458771705627e-02
3.881031647324562073e-02
-3.711509518325328827e-03
7.703110575675964355e-02
1.334328483790159225e-02
-4.465313628315925598e-02
1.439081225544214249e-02
2.568119764328002930e-02
8.233209699392318726e-02
-9.985900484025478363e-03
-3.528064489364624023e-02
-2.623706823214888573e-03
6.088259629905223846e-03
3.297106549143791199e-02
3.117497079074382782e-02
9.292871505022048950e-02
2.968850918114185333e-02
-1.614351384341716766e-02
5.623025074601173401e-02
-6.371065229177474976e-02
4.264341294765472412e-02
5.411932617425918579e-02
3.652360290288925171e-02
2.368516754359006882e-03
4.468216747045516968e-02
1.790179684758186340e-02
-4.842544347047805786e-02
-2.331990748643875122e-02
-8.423452079296112061e-02
1.543742232024669647e-02
-1.822292245924472809e-02
-4.590059816837310791e-02
1.045746430754661560e-01
8.746153861284255981e-02
5.580379441380500793e-02
1.373603567481040955e-02
2.460453100502490997e-02
-3.014933690428733826e-02
-5.944659933447837830e-02
5.928421020507812500e-02
3.736996278166770935e-02
-6.770765036344528198e-02
-1.835904829204082489e-02
8.769365400075912476e-02
-1.939099638548213989e-05
3.502750024199485779e-02
1.907751709222793579e-02
3.047223202884197235e-02
-2.952565439045429230e-02
5.078582093119621277e-02
1.142711099237203598e-02
4.146954789757728577e-02
-2.085135318338871002e-02
-6.397067755460739136e-02
4.481958970427513123e-02
3.515953570604324341e-02
-6.585026159882545471e-03
-4.848102852702140808e-02
-3.665625676512718201e-02
-3.282793611288070679e-02
-8.341170847415924072e-03
-1.261374913156032562e-02
8.152720401994884014e-04
-1.557277701795101166e-02
-7.711474597454071045e-02
6.415031850337982178e-02
6.000718101859092712e-02
-4.391732439398765564e-02
4.218653216958045959e-02
8.147819340229034424e-02
8.962133899331092834e-03
4.945246130228042603e-02
2.412790432572364807e-02
4.507057368755340576e-02
3.465062007308006287e-02
-1.373518165200948715e-02
-1.570784300565719604e-02
-2.384501881897449493e-02
1.614443771541118622e-02
-2.967480756342411041e-02
-8.469499647617340088e-02
3.854116052389144897e-02
-6.552843749523162842e-02
-3.062610514461994171e-02
1.593242771923542023e-02
7.768181711435317993e-02
-1.693789614364504814e-03
2.013080008327960968e-02
5.541661009192466736e-02
-1.192872524261474609e-01
1.463640853762626648e-02
-2.480760216712951660e-03
2.188177220523357391e-02
7.408883422613143921e-02
-6.096921488642692566e-02
2.221608534455299377e-02
-1.995688863098621368e-02
1.414035353809595108e-02
3.114020824432373047e-02
-7.246776670217514038e-02
2.788938116282224655e-03
7.182909548282623291e-02
-5.493450444191694260e-03
1.511633023619651794e-02
-3.112404234707355499e-02
-2.436592039884999394e-04
-6.186239421367645264e-02
-6.399192661046981812e-02
-1.912302686832845211e-03
2.817272022366523743e-02
5.564606934785842896e-02
-2.228641882538795471e-02
2.917563170194625854e-02
-1.816673390567302704e-02
5.140874162316322327e-02
1.912382431328296661e-02
3.159066289663314819e-02
2.004843018949031830e-02
5.659225955605506897e-02
7.437629997730255127e-02
1.200349722057580948e-02
-6.956803798675537109e-02
1.200568163767457008e-03
-6.518728286027908325e-02
1.214711926877498627e-02
7.407411187887191772e-02
3.285247657913714647e-04
1.178412511944770813e-02
-4.581246525049209595e-02
-4.477469623088836670e-02
4.443306103348731995e-02
6.880417466163635254e-02
-4.102299734950065613e-02
6.642127782106399536e-02
-5.974554270505905151e-02
-8.623849600553512573e-02
-4.568864125758409500e-03
-1.075580641627311707e-01
-3.183250874280929565e-02
-4.095656052231788635e-02
4.197352379560470581e-02
-1.782934553921222687e-02
-8.300794870592653751e-04
-2.074658870697021484e-02
-2.871184423565864563e-02
6.828162353485822678e-03
6.790575385093688965e-02
9.446745365858078003e-02
8.779419213533401489e-02
-3.001905791461467743e-02
-1.319531798362731934e-01
-4.469657316803932190e-02
-6.836453080177307129e-02
-8.737802505493164062e-02
5.053447186946868896e-02
-1.403035037219524384e-02
-2.873632125556468964e-02
-3.548185899853706360e-02
3.328855149447917938e-03
1.605619676411151886e-02
-5.619475990533828735e-02
2.466208860278129578e-02
5.624428018927574158e-02
-1.196481194347143173e-02
-5.736821517348289490e-02
-5.044951662421226501e-02
5.675081908702850342e-02
-2.713906392455101013e-02
-4.875415563583374023e-02
4.939281567931175232e-02
-7.562614977359771729e-02
9.385315328836441040e-02
1.129970625042915344e-01
-7.088601589202880859e-02
2.238742634654045105e-02
-4.008455574512481689e-02
3.260812535881996155e-02
1.185333579778671265e-01
-1.630511693656444550e-02
5.403723102062940598e-03
8.886734396219253540e-02
6.073365919291973114e-03
2.324040979146957397e-02
4.730826988816261292e-02
-4.725937172770500183e-02
1.567373611032962799e-02
1.127543579787015915e-02
-5.146239325404167175e-02
1.235003466717898846e-03
-3.479451313614845276e-02
1.148042734712362289e-02
-5.329056829214096069e-02
3.798667166847735643e-04
5.929581075906753540e-02
3.667070716619491577e-02
5.727275088429450989e-02
7.887705229222774506e-03
-3.577062860131263733e-02
2.757353894412517548e-02
-4.739685729146003723e-02
2.596343494951725006e-02
1.745520345866680145e-02
-4.322973638772964478e-02
8.852017344906926155e-04
-2.695224992930889130e-02
-1.110073737800121307e-02
-3.909011557698249817e-02
3.146326169371604919e-02
-8.210268616676330566e-02
4.529301822185516357e-02
-5.303118750452995300e-02
-9.865337982773780823e-03
-4.125249106436967850e-03
-1.469226367771625519e-02
4.221554100513458252e-02
-6.376280635595321655e-02
1.566916890442371368e-02
-7.937356084585189819e-02
5.008333921432495117e-02
4.722927138209342957e-02
3.941342607140541077e-02
-2.891357615590095520e-02
1.695900573395192623e-03
1.699387095868587494e-02
8.814477920532226562e-02
4.502043873071670532e-02
5.649546161293983459e-02
-4.653122648596763611e-02
2.865122817456722260e-02
-5.715730413794517517e-02
9.282141178846359253e-02
2.120461314916610718e-02
8.751254528760910034e-02
-3.275146300438791513e-04
7.017289847135543823e-02
-2.258711121976375580e-02
-4.678178112953901291e-03
-4.670016001909971237e-03
-3.974032029509544373e-02
-1.079635880887508392e-02
-9.251462668180465698e-02
3.328272327780723572e-02
-3.569517284631729126e-02
-5.619793385267257690e-02
-1.112262904644012451e-02
3.935648873448371887e-02
3.280919790267944336e-02
5.507465079426765442e-02
-1.552867703139781952e-02
-2.572639659047126770e-02
5.228033289313316345e-02
6.232067011296749115e-03
1.424827519804239273e-02
1.003169920295476913e-02
-6.282258313149213791e-03
1.104489490389823914e-01
-3.457035124301910400e-02
2.891448792070150375e-03
6.668799091130495071e-03
2.946887165307998657e-02
7.798127084970474243e-02
-5.859949812293052673e-02
-5.739712342619895935e-02
-8.844871073961257935e-02
-3.327706363052129745e-03
-6.889738142490386963e-05
3.103261440992355347e-02
-2.289949916303157806e-02
4.349244385957717896e-02
-2.405021712183952332e-02
-4.390770569443702698e-02
7.810959592461585999e-03
-9.067403525114059448e-02
-1.795420236885547638e-02
3.292763605713844299e-02
-3.372547402977943420e-02
-7.068538665771484375e-02
7.206546515226364136e-02
-3.149361163377761841e-02
2.762573957443237305e-02
-1.582323573529720306e-02
4.265642538666725159e-02
-1.302378028631210327e-01
8.470514789223670959e-03
2.391380723565816879e-03
9.959413670003414154e-03
-4.923545569181442261e-02
3.207221627235412598e-02
-3.797173127532005310e-02
-1.757339946925640106e-02
7.333113811910152435e-03
3.025102987885475159e-02
-6.551055610179901123e-02
2.633533999323844910e-02
3.335986286401748657e-02
-2.729327231645584106e-02
-3.962026536464691162e-02
-2.527330443263053894e-02
-2.966930344700813293e-02
2.497838111594319344e-03
4.346290603280067444e-02
-5.965068191289901733e-02
2.506061224266886711e-03
-1.770999655127525330e-02
-4.222627729177474976e-02
2.709214761853218079e-02
-8.128341287374496460e-02
-2.937211468815803528e-02
4.923308640718460083e-02
-5.252457037568092346e-02
2.741506323218345642e-02
4.856483638286590576e-02
1.248273327946662903e-01
-1.882776990532875061e-02
1.040243729948997498e-01
7.260429114103317261e-02
-8.274182677268981934e-02
-6.897701323032379150e-02
-6.361281871795654297e-02
-8.898878097534179688e-02
1.330164726823568344e-02
6.945542525500059128e-03
-1.879747956991195679e-02
4.760200530290603638e-02
-4.955855756998062134e-02
-1.903953216969966888e-02
-6.054827943444252014e-02
8.855742961168289185e-02
-6.782563403248786926e-03
1.083098538219928741e-02
-5.338758975267410278e-02
-3.127526491880416870e-02
-5.680552870035171509e-02
-2.159723825752735138e-02
2.818839997053146362e-02
5.261336266994476318e-02
-3.928893804550170898e-02
1.901310496032238007e-02
2.144957333803176880e-02
8.772950619459152222e-02
3.989926353096961975e-02
-4.873529821634292603e-02
-2.459950931370258331e-02
6.665217131376266479e-02
-5.790304858237504959e-03
-4.264900460839271545e-02
-1.083435211330652237e-02
4.991934821009635925e-02
-7.197497785091400146e-02
1.360789127647876740e-02
4.524395614862442017e-02
-4.293086007237434387e-02
1.880315691232681274e-02
7.583676278591156006e-02
-7.706049084663391113e-02
-2.716080518439412117e-03
4.150667414069175720e-02
-2.755070477724075317e-02
-2.626843936741352081e-02
-5.414260923862457275e-02
-4.441070370376110077e-03
7.880996912717819214e-02
-3.000498004257678986e-02
-2.114110440015792847e-02
-1.776635460555553436e-02
-4.989841952919960022e-02
-7.011533528566360474e-02
5.701564718037843704e-03
-3.189495578408241272e-02
-3.388162702322006226e-02
3.515460062772035599e-03
7.130923867225646973e-02
3.977807646151632071e-04
-4.940170049667358398e-02
1.237480249255895615e-02
-2.200495265424251556e-02
5.290315486490726471e-03
2.053363807499408722e-02
2.190181799232959747e-02
4.458887875080108643e-02
5.200751870870590210e-02
3.395239263772964478e-02
3.817263618111610413e-02
-5.510600656270980835e-02
8.066117763519287109e-02
4.578937590122222900e-02
2.321700565516948700e-02
-3.155812248587608337e-02
-8.488028496503829956e-02
6.159922853112220764e-02
5.537403002381324768e-02
-1.229055784642696381e-02
-4.656722396612167358e-02
1.325580012053251266e-02
1.784947700798511505e-02
3.386222943663597107e-02
-2.139735966920852661e-02
-1.011465024203062057e-02
-1.800828240811824799e-02
-1.788967289030551910e-02
-4.102738201618194580e-02
2.162564545869827271e-02
-6.909660249948501587e-02
-3.174199163913726807e-02
-1.575074903666973114e-02
2.644899673759937286e-02
-6.627143174409866333e-02
3.051140718162059784e-02
-6.314312666654586792e-02
6.290893070399761200e-03
-4.415271431207656860e-02
-7.867919653654098511e-02
-1.116280327551066875e-03
-2.499909885227680206e-02
-2.799624204635620117e-02
-5.986096803098917007e-03
2.523159235715866089e-02
-3.615877777338027954e-02
1.295150257647037506e-02
4.141683876514434814e-02
-4.878469556570053101e-02
-6.209158152341842651e-02
-1.573059149086475372e-02
-7.506343722343444824e-02
-8.183530531823635101e-03
-3.716062521561980247e-03
-8.530002087354660034e-02
-1.235706731677055359e-02
-4.725170508027076721e-02
-9.595560841262340546e-03
-4.976623877882957458e-02
-1.197870448231697083e-02
-3.271012380719184875e-02
-5.345155671238899231e-02
7.231241464614868164e-02
-2.500344254076480865e-02
7.715738564729690552e-02
-3.106318786740303040e-02
1.892672665417194366e-02
2.514326758682727814e-02
5.274248868227005005e-02
2.537941932678222656e-02
3.607377875596284866e-03
2.577189728617668152e-02
5.393654480576515198e-02
-2.672758128028362989e-04
-1.226908876560628414e-03
5.263619124889373779e-02
1.394384191371500492e-03
5.633246898651123047e-02
-3.271362185478210449e-02
2.932021161541342735e-03
-2.847769530490040779e-03
-3.697314113378524780e-02
4.478459805250167847e-02
1.093303225934505463e-02
-1.607294008135795593e-02
6.145656108856201172e-03
4.716742318123579025e-03
2.816954255104064941e-02
4.049067944288253784e-02
-7.825861871242523193e-02
-7.414065301418304443e-02
2.098074741661548615e-02
-2.661894448101520538e-02
4.582728818058967590e-02
1.785601302981376648e-02
-6.658618152141571045e-02
-1.330875232815742493e-02
-7.000280916690826416e-02
2.875461801886558533e-02
6.976919621229171753e-02
5.073895677924156189e-02
-2.607820555567741394e-02
4.554968699812889099e-02
1.272576861083507538e-02
-4.881631582975387573e-02
8.596101775765419006e-03
9.242314845323562622e-03
-1.916248118504881859e-03
8.758351206779479980e-02
1.917690038681030273e-02
3.582247532904148102e-03
-6.891833036206662655e-04
1.614163629710674286e-02
-5.102594941854476929e-02
4.548915475606918335e-02
3.355885855853557587e-03
-9.175200015306472778e-02
-9.188365936279296875e-02
6.283117085695266724e-02
-1.162954978644847870e-02
-1.618746854364871979e-02
1.557947043329477310e-02
-7.357276976108551025e-02
2.721319533884525299e-02
3.639729693531990051e-02
2.008727006614208221e-02
2.950982004404067993e-02
-2.431806176900863647e-02
4.157247021794319153e-02
3.182783350348472595e-02
6.067923456430435181e-02
-4.682404547929763794e-02
-5.902035534381866455e-02
2.755725570023059845e-02
-1.062075197696685791e-01
3.437949717044830322e-02
4.711010679602622986e-02
-6.404948234558105469e-02
-4.945839755237102509e-03
-5.393730849027633667e-02
4.358254000544548035e-02
-4.105002060532569885e-02
8.411106467247009277e-02
6.729372311383485794e-03
5.179242044687271118e-02
-1.653370447456836700e-02
-3.988339379429817200e-02
7.267985492944717407e-02
4.223605245351791382e-02
-2.056698314845561981e-02
2.798202633857727051e-02
1.018407866358757019e-01
9.973454475402832031e-02
4.316414147615432739e-02
-3.862603381276130676e-02
1.052617356181144714e-01
-1.165363844484090805e-02
-7.178159058094024658e-02
4.925066232681274414e-02
-7.563237845897674561e-02
-4.769447073340415955e-02
7.276427932083606720e-03
1.165169011801481247e-02
5.087529867887496948e-02
1.149520128965377808e-01
4.702127724885940552e-02
-1.780707575380802155e-02
3.440387919545173645e-02
1.620477251708507538e-02
3.536646068096160889e-02
8.037281036376953125e-02
-3.849032334983348846e-03
5.447287857532501221e-02
2.157144062221050262e-02
3.738772124052047729e-02
-5.059740319848060608e-02
-3.053318941965699196e-03
-5.109414830803871155e-02
-3.769426792860031128e-02
9.151439182460308075e-03
-1.989329233765602112e-02
-1.415667086839675903e-01
1.044793650507926941e-01
-2.467900700867176056e-02
3.909275680780410767e-02
2.358504198491573334e-02
-4.183175042271614075e-02
-6.351261585950851440e-02
4.545126110315322876e-02
3.941621258854866028e-02
-6.531487405300140381e-02
-4.929345846176147461e-02
6.917640566825866699e-04
3.089037025347352028e-03
9.286181069910526276e-03
-5.779189523309469223e-03
3.637404739856719971e-02
-4.735157638788223267e-02
4.596887156367301941e-02
3.443102352321147919e-03
3.007736988365650177e-02
1.584961451590061188e-02
3.027488104999065399e-02
-1.097478065639734268e-02
-6.739124655723571777e-02
5.018534511327743530e-02
-3.694402053952217102e-02
-3.786242008209228516e-02
-5.575678497552871704e-02
-8.604939095675945282e-03
2.133565954864025116e-02
6.807336211204528809e-02
7.311432808637619019e-02
-8.581015281379222870e-03
-4.967271536588668823e-02
-7.055752724409103394e-02
1.744330115616321564e-02
9.788358956575393677e-02
8.411029726266860962e-02
-4.082368314266204834e-02
2.912722900509834290e-02
3.042681142687797546e-02
7.455505430698394775e-02
-4.297238215804100037e-02
2.489393949508666992e-02
7.522937841713428497e-03
7.630912121385335922e-03
2.192368730902671814e-02
1.711321808397769928e-02
-7.915988564491271973e-02
-5.135829746723175049e-02
-3.146126493811607361e-02
3.552409261465072632e-02
-2.153433114290237427e-02
-4.061264172196388245e-02
-1.071840710937976837e-02
-3.427856415510177612e-02
3.938560187816619873e-02
6.121634691953659058e-02
5.354593321681022644e-02
3.500801976770162582e-03
2.597233839333057404e-02
-1.683052629232406616e-02
7.561368495225906372e-02
1.928443647921085358e-02
-5.670556798577308655e-03
1.033128332346677780e-02
2.757260017096996307e-02
2.027157135307788849e-02
9.517739713191986084e-02
3.668073564767837524e-02
5.010455846786499023e-03
-6.424932926893234253e-02
-7.773057371377944946e-02
6.171801313757896423e-02
6.852125748991966248e-03
-2.525820024311542511e-02
-3.379937261343002319e-02
-6.450235843658447266e-02
6.097346544265747070e-02
4.837363585829734802e-02
9.315790608525276184e-03
-3.194318711757659912e-02
-9.230304509401321411e-02
2.482599020004272461e-02
-5.101360380649566650e-02
3.193062031641602516e-03
-1.160480640828609467e-02
3.760655969381332397e-02
-8.796817623078823090e-03
3.376395255327224731e-02
