2.464133873581886292e-02
-2.774125430732965469e-03
2.759159251581877470e-04
3.649655357003211975e-02
1.221868116408586502e-02
2.406874112784862518e-02
-6.946741137653589249e-03
-3.665879741311073303e-02
6.631829775869846344e-03
-8.029133081436157227e-02
1.876091398298740387e-02
-4.314598441123962402e-02
-1.922943070530891418e-02
4.410284385085105896e-02
3.459768369793891907e-02
3.972385451197624207e-02
-1.766308769583702087e-02
-3.083041124045848846e-02
-5.065049976110458374e-02
4.212990775704383850e-02
-5.200190842151641846e-02
-3.968511149287223816e-02
6.541165709495544434e-02
2.074522152543067932e-02
-7.481668610125780106e-03
4.225083976052701473e-04
-1.888471283018589020e-02
-7.893466204404830933e-02
1.940773613750934601e-02
1.477054227143526077e-02
-2.046321704983711243e-02
4.637154936790466309e-02
-1.879145205020904541e-02
5.206803977489471436e-02
-5.427922680974006653e-02
-7.882163859903812408e-03
7.724376767873764038e-02
4.342200234532356262e-02
1.922794245183467865e-02
-2.387462928891181946e-02
-1.153415907174348831e-02
-2.483591809868812561e-02
-4.004361573606729507e-03
-1.803411543369293213e-02
-4.318564385175704956e-02
-4.311507195234298706e-02
-5.375714390538632870e-04
-4.373750463128089905e-02
-5.765425413846969604e-02
-2.942842245101928711e-02
4.291099682450294495e-02
-4.060550779104232788e-02
-2.617079531773924828e-03
-1.811215840280056000e-02
9.284477680921554565e-03
2.394714020192623138e-02
5.627476423978805542e-02
-3.552611544728279114e-02
-3.691929951310157776e-02
-5.181099846959114075e-02
-5.201554298400878906e-02
4.748575016856193542e-02
-4.880864173173904419e-02
5.354471039026975632e-03
-7.568039000034332275e-02
4.531641677021980286e-02
-3.365403041243553162e-03
5.293310969136655331e-04
-4.825147800147533417e-03
9.928504377603530884e-02
1.926511339843273163e-02
3.488058224320411682e-03
-1.497588306665420532e-02
-6.991955451667308807e-03
1.221243850886821747e-02
2.928322926163673401e-02
8.158885687589645386e-02
2.852761745452880859e-02
5.451457947492599487e-02
1.619121246039867401e-02
-6.435123085975646973e-02
4.066229611635208130e-02
-4.369663074612617493e-02
-8.286017924547195435e-03
-3.743261843919754028e-02
1.915678009390830994e-02
5.129406601190567017e-02
-1.551635749638080597e-02
-1.441156398504972458e-02
-6.344457715749740601e-02
-7.904808968305587769e-02
-5.424495041370391846e-02
4.121997579932212830e-02
-2.954527549445629120e-02
5.540520697832107544e-02
4.905356839299201965e-02
1.443014189135283232e-04
3.439099341630935669e-02
-8.953491598367691040e-02
5.287367850542068481e-02
3.693543002009391785e-02
3.687527775764465332e-02
-1.674587838351726532e-02
-5.545674636960029602e-02
5.925795063376426697e-02
1.120246108621358871e-02
7.039830833673477173e-02
-3.903509676456451416e-02
-8.960491418838500977e-02
-4.807914048433303833e-02
1.634382829070091248e-02
2.909791469573974609e-02
1.371601689606904984e-02
3.701576218008995056e-02
-4.960789158940315247e-02
-1.536855287849903107e-02
-2.994196489453315735e-02
-1.541952136904001236e-02
3.674539923667907715e-02
4.212610051035881042e-02
4.571031313389539719e-03
1.274380274116992950e-02
1.365944556891918182e-02
-9.585870429873466492e-03
1.613168045878410339e-02
-6.197809427976608276e-02
-8.421274833381175995e-03
-2.956728450953960419e-02
2.289597317576408386e-02
6.049869209527969360e-02
2.132961340248584747e-02
2.041822299361228943e-02
-2.677799947559833527e-02
-6.111596152186393738e-02
6.717038806527853012e-03
2.445461601018905640e-02
5.393037945032119751e-02
2.927930653095245361e-02
-1.824752241373062134e-02
-1.043066754937171936e-01
-5.840716511011123657e-02
5.142386630177497864e-02
1.506286300718784332e-02
-1.061614155769348145e-01
2.921938523650169373e-02
2.887606620788574219e-02
-3.948051482439041138e-02
4.734393954277038574e-02
3.504779562354087830e-02
1.467392314225435257e-02
-2.628741599619388580e-02
-1.438700314611196518e-02
-7.386506348848342896e-02
3.611526638269424438e-02
4.057920351624488831e-02
-1.740517467260360718e-02
-1.038010492920875549e-01
-1.143742352724075317e-02
4.094244167208671570e-02
-1.509292889386415482e-02
-9.296376258134841919e-02
-1.248667202889919281e-02
1.454096194356679916e-02
1.586661115288734436e-02
-5.976359173655509949e-02
3.805781155824661255e-02
-8.853923529386520386e-03
2.725148573517799377e-02
-7.613002508878707886e-02
-2.783334255218505859e-02
3.395700082182884216e-02
-4.989720135927200317e-02
3.626221418380737305e-02
-3.836975619196891785e-02
-4.764604568481445312e-02
7.006853818893432617e-03
-5.371099337935447693e-02
-4.905074834823608398e-03
5.229756236076354980e-02
-1.714680530130863190e-02
-3.256544098258018494e-02
-6.178429722785949707e-02
-3.094696439802646637e-02
1.297784876078367233e-02
-5.168034881353378296e-02
-8.697689324617385864e-02
3.086085617542266846e-02
-2.152099832892417908e-02
-8.380345068871974945e-03
5.493104457855224609e-03
-8.385581895709037781e-03
-2.426443248987197876e-02
-2.648817375302314758e-02
-1.892188936471939087e-02
-2.040161006152629852e-02
2.352526970207691193e-02
6.594174075871706009e-03
-1.095894724130630493e-02
7.260411977767944336e-02
-7.768351351842284203e-04
1.224872656166553497e-03
-4.441889747977256775e-02
3.338715806603431702e-02
-3.395846858620643616e-02
2.836019732058048248e-02
2.335132099688053131e-02
-3.670135140419006348e-02
-5.569409579038619995e-02
3.623151034116744995e-02
2.074663899838924408e-02
1.838122867047786713e-02
3.858727961778640747e-02
-3.993809223175048828e-02
-6.033541634678840637e-02
-6.008066982030868530e-02
3.556260466575622559e-02
-2.521695103496313095e-03
-2.623044326901435852e-02
-2.400801889598369598e-02
-2.704149857163429260e-02
4.165435582399368286e-02
8.926036767661571503e-03
-3.341291472315788269e-02
1.761706732213497162e-02
1.076030060648918152e-01
-1.336804777383804321e-02
8.161374181509017944e-02
-3.232578933238983154e-02
6.686079315841197968e-03
-2.079217461869120598e-03
-3.511532023549079895e-02
2.865518443286418915e-03
6.907647103071212769e-02
-6.162513047456741333e-02
-5.349850282073020935e-03
-2.452455274760723114e-02
6.409889459609985352e-02
-1.582195982336997986e-02
4.731960128992795944e-03
9.908148087561130524e-03
3.781998902559280396e-02
4.073858261108398438e-02
5.044805258512496948e-02
-3.994053602218627930e-02
-1.208554953336715698e-02
-1.810141489841043949e-03
-1.569619402289390564e-02
2.655317634344100952e-02
-1.344300713390111923e-02
-1.844232901930809021e-02
-5.594478175044059753e-02
1.398500613868236542e-02
-1.096220910549163818e-01
6.227376288734376431e-04
3.547432273626327515e-02
1.015428639948368073e-02
-2.878363989293575287e-02
-1.709623262286186218e-02
-2.909966371953487396e-02
7.608893327414989471e-03
3.589979140087962151e-03
1.535427756607532501e-03
6.804983597248792648e-03
-2.811889164149761200e-02
-8.082219958305358887e-02
3.053950890898704529e-02
3.895436972379684448e-02
4.363700747489929199e-02
1.208099909126758575e-02
-2.441976219415664673e-02
-5.169828236103057861e-02
-2.416362613439559937e-02
-2.122760936617851257e-02
-6.387045979499816895e-02
-7.533174753189086914e-02
5.487863346934318542e-02
1.001216322183609009e-01
-4.186641797423362732e-02
6.265465915203094482e-02
3.500612080097198486e-02
3.454590588808059692e-02
3.181390091776847839e-02
4.176128655672073364e-03
3.118920838460326195e-03
9.161951020359992981e-03
-1.769033074378967285e-02
1.141141541302204132e-02
3.171025961637496948e-02
3.688306361436843872e-02
3.424480929970741272e-02
2.720342949032783508e-02
3.669206053018569946e-02
1.942344568669795990e-02
4.418199881911277771e-02
-4.559964872896671295e-03
9.638344496488571167e-02
-1.888750307261943817e-02
3.841448202729225159e-02
7.821597903966903687e-02
4.642163962125778198e-02
-3.042504563927650452e-02
3.676494583487510681e-02
9.735568612813949585e-02
-4.430192708969116211e-02
9.082431904971599579e-03
-1.623434945940971375e-02
4.194217175245285034e-02
-3.986703231930732727e-02
1.982112228870391846e-02
4.213633760809898376e-02
4.022451490163803101e-02
1.583564281463623047e-02
6.602402031421661377e-02
-1.768377237021923065e-02
1.462303753942251205e-02
5.741952918469905853e-03
3.567269444465637207e-02
-7.716201245784759521e-02
4.198483750224113464e-02
1.135590951889753342e-02
-2.020319923758506775e-02
3.212902462109923363e-03
4.305844753980636597e-02
-1.080168858170509338e-01
7.834650576114654541e-03
2.197590097784996033e-02
-7.819310575723648071e-02
2.669266797602176666e-02
-4.592753574252128601e-02
-4.433674365282058716e-02
2.139444090425968170e-02
-1.510722358943894506e-04
-4.214124009013175964e-02
-1.036130916327238083e-02
4.526380077004432678e-02
9.684012271463871002e-03
4.034590721130371094e-02
4.056222364306449890e-02
-2.527370583266019821e-03
3.563358262181282043e-02
-1.456672442145645618e-03
-5.574025586247444153e-02
7.070461660623550415e-02
1.210138760507106781e-02
1.048846077173948288e-02
3.083764947950839996e-02
7.635824847966432571e-03
-3.750920295715332031e-02
7.232704758644104004e-02
-2.541452646255493164e-02
1.755078881978988647e-02
2.910551484092138708e-05
3.735909610986709595e-02
2.120860293507575989e-02
-2.496822923421859741e-02
-3.021667152643203735e-02
-7.448140531778335571e-02
-1.280066836625337601e-02
-5.979204550385475159e-03
4.291413351893424988e-02
7.110221683979034424e-02
1.178772561252117157e-02
-1.860842481255531311e-02
1.473570987582206726e-02
-2.222756296396255493e-02
2.676517888903617859e-02
1.126292161643505096e-03
1.749559305608272552e-02
3.905894234776496887e-02
-3.555299714207649231e-02
-3.466415032744407654e-02
4.948589019477367401e-03
1.696920208632946014e-02
5.346628651022911072e-02
4.351085796952247620e-02
-7.096833549439907074e-03
4.333172400947660208e-04
-6.251920759677886963e-02
-4.342934989836066961e-04
6.640850007534027100e-02
-4.675272107124328613e-02
-2.380484528839588165e-02
3.592666983604431152e-02
2.813523449003696442e-02
1.065581571310758591e-02
-1.585899665951728821e-02
-2.061359025537967682e-02
-7.405055221170186996e-03
-5.222122371196746826e-02
-8.931110054254531860e-02
-1.540709100663661957e-02
2.054073475301265717e-02
3.040107898414134979e-02
-4.748114570975303650e-02
6.848393380641937256e-02
1.455851364880800247e-02
2.856345102190971375e-02
-1.003739982843399048e-02
3.591504879295825958e-03
-8.910109847784042358e-02
2.587961219251155853e-02
-2.915067411959171295e-02
-3.370866924524307251e-02
-2.819312736392021179e-02
-2.409732900559902191e-02
-5.424662306904792786e-02
1.495097391307353973e-02
1.070903707295656204e-02
-1.209770049899816513e-02
-6.373150646686553955e-02
-2.838209085166454315e-02
2.628127671778202057e-02
-1.077069193124771118e-01
6.466731429100036621e-03
-2.800627239048480988e-02
2.757376059889793396e-02
-2.744120731949806213e-02
1.542705297470092773e-02
-3.525482863187789917e-02
-7.063911110162734985e-02
-2.779202722012996674e-02
4.665270447731018066e-02
2.475384809076786041e-02
-3.733613714575767517e-02
7.751423865556716919e-03
-1.261583995074033737e-02
9.669776074588298798e-03
-3.157536685466766357e-02
3.495044633746147156e-02
5.539290234446525574e-02
-1.910913549363613129e-02
3.810451552271842957e-02
5.065200850367546082e-02
-7.758273184299468994e-02
3.981065005064010620e-03
3.515688469633460045e-03
-2.432109601795673370e-02
3.805267065763473511e-02
-8.998909033834934235e-03
-1.024961192160844803e-02
6.135586649179458618e-03
-1.959648914635181427e-02
2.692998386919498444e-02
-3.189329430460929871e-02
-8.692480623722076416e-02
-2.838984504342079163e-02
-5.277377739548683167e-02
1.079357266426086426e-01
5.755168572068214417e-02
-4.124624282121658325e-02
6.057500094175338745e-02
-3.281626617535948753e-03
2.307684719562530518e-02
3.100103465840220451e-03
3.736449033021926880e-02
1.856788061559200287e-02
3.213673457503318787e-02
2.347979322075843811e-02
-3.643483668565750122e-02
6.129546556621789932e-03
2.044452913105487823e-02
6.153953727334737778e-03
-8.257265202701091766e-03
3.552938997745513916e-02
-8.617736399173736572e-03
-1.204195059835910797e-02
-5.218789726495742798e-02
-4.289641231298446655e-02
5.381132289767265320e-02
6.250002235174179077e-02
-5.135230720043182373e-02
-2.641260251402854919e-02
-3.172712773084640503e-02
1.176111306995153427e-02
3.564758971333503723e-02
-1.697022654116153717e-02
1.838526502251625061e-02
-8.366032689809799194e-02
-1.400394272059202194e-02
3.971164673566818237e-02
-6.925293244421482086e-03
1.747878082096576691e-02
-4.179886355996131897e-02
-6.054334342479705811e-02
-4.526405781507492065e-02
-1.069192495197057724e-02
-4.384380951523780823e-02
9.725276380777359009e-03
-3.057752922177314758e-02
1.505289506167173386e-02
-2.070016786456108093e-02
4.770568385720252991e-02
-9.017973393201828003e-02
-2.676173113286495209e-02
6.443721801042556763e-02
4.176084417849779129e-03
-7.152205705642700195e-02
-4.571463250613305718e-06
-4.259091615676879883e-02
8.851061761379241943e-02
1.549174077808856964e-02
-3.272147104144096375e-02
-2.632260322570800781e-02
-3.915647789835929871e-02
-3.062062896788120270e-02
-3.204216063022613525e-02
1.716743782162666321e-02
1.296862959861755371e-02
-1.860399916768074036e-02
2.625835500657558441e-02
-1.932395808398723602e-02
6.976176798343658447e-02
-4.046175628900527954e-02
-7.885748520493507385e-03
2.904446609318256378e-02
-3.038441762328147888e-02
-2.129981480538845062e-02
3.473231196403503418e-02
5.424823611974716187e-03
-8.216379210352897644e-03
9.689021855592727661e-03
3.914486616849899292e-02
2.986805140972137451e-02
-4.411989077925682068e-02
2.062024734914302826e-02
1.944186910986900330e-02
3.520321100950241089e-02
-4.599821567535400391e-02
2.390995807945728302e-02
-9.584864228963851929e-02
-1.455884426832199097e-02
1.154973879456520081e-01
9.071401436813175678e-04
2.382774651050567627e-02
-6.373693700879812241e-03
-3.801195323467254639e-02
1.003434229642152786e-02
-1.411120686680078506e-02
-1.368066854774951935e-02
-6.273908168077468872e-02
-3.357761353254318237e-02
6.158909201622009277e-02
-4.719894379377365112e-03
-4.925160109996795654e-02
1.151977255940437317e-01
8.391207084059715271e-03
1.313278684392571449e-03
-1.897488371469080448e-03
1.903770491480827332e-02
2.550199441611766815e-02
-4.737333580851554871e-02
4.187068343162536621e-02
1.991999335587024689e-02
-9.152533486485481262e-03
-1.836473005823791027e-03
1.802140730433166027e-03
-4.675787687301635742e-02
1.905166357755661011e-02
-5.271271243691444397e-02
4.575863480567932129e-02
5.147067829966545105e-02
4.974797740578651428e-02
-1.338848029263317585e-03
7.404327392578125000e-02
1.198935322463512421e-02
-2.559186704456806183e-02
8.180497586727142334e-02
1.980402320623397827e-02
5.773085635155439377e-03
-4.450799897313117981e-02
4.414945468306541443e-02
-6.800976395606994629e-02
-4.783926997333765030e-03
4.150647670030593872e-02
-4.140469431877136230e-02
-9.283264167606830597e-03
9.496482089161872864e-03
-1.039984356611967087e-02
3.408695012331008911e-02
-4.519335553050041199e-02
-9.262535721063613892e-02
-5.403686314821243286e-03
3.436499089002609253e-02
6.901633925735950470e-03
-5.128037184476852417e-02
3.865156322717666626e-02
-7.271099090576171875e-02
2.353769959881901741e-03
-3.380083944648504257e-03
-2.044319547712802887e-02
5.353347398340702057e-03
5.517034442164003849e-04
6.507892906665802002e-02
-1.223553903400897980e-02
2.892807498574256897e-02
-4.660838469862937927e-02
6.161912158131599426e-02
-5.131084471940994263e-03
3.257388621568679810e-02
3.538343310356140137e-02
6.262558698654174805e-02
3.919837623834609985e-02
-2.000033482909202576e-02
-5.150484293699264526e-02
-9.688429534435272217e-03
-2.426405251026153564e-02
4.415654763579368591e-02
4.083827137947082520e-02
-2.146525867283344269e-02
-3.806899487972259521e-02
1.445412635803222656e-05
5.397435650229454041e-02
3.636575490236282349e-02
1.612534746527671814e-02
-2.085371501743793488e-02
-4.184130579233169556e-03
1.755902729928493500e-02
-1.897717639803886414e-02
-5.079071968793869019e-03
-6.435102224349975586e-02
-2.347014844417572021e-02
-2.094354853034019470e-02
1.062717847526073456e-02
7.079821079969406128e-03
3.245305269956588745e-02
5.269077792763710022e-02
3.339790180325508118e-02
-4.789089038968086243e-02
-2.588576450943946838e-02
-2.749634347856044769e-02
-1.340455655008554459e-02
4.138164594769477844e-02
-8.041261136531829834e-02
-1.248766947537660599e-02
4.268800094723701477e-02
-1.337734982371330261e-02
-3.169335797429084778e-02
-3.936739172786474228e-03
-5.102557316422462463e-02
5.328064784407615662e-02
-3.202251717448234558e-02
-5.727729946374893188e-02
-1.826448738574981689e-02
-6.841093301773071289e-02
3.990091755986213684e-02
-1.398778706789016724e-02
-5.079243797808885574e-03
2.110191062092781067e-02
3.980578482151031494e-02
-1.812787912786006927e-02
-4.238570109009742737e-03
3.106452710926532745e-02
7.362223695963621140e-03
8.510246872901916504e-03
-8.980920910835266113e-02
4.463554825633764267e-03
1.128932368010282516e-02
-2.027227915823459625e-02
3.449702262878417969e-02
-3.162400424480438232e-02
2.335430617677047849e-04
2.091282792389392853e-02
1.256628781557083130e-01
4.296599328517913818e-02
-6.537281296914443374e-05
-2.920155227184295654e-02
-1.653322204947471619e-02
4.361798986792564392e-03
1.519575016573071480e-03
-1.966156065464019775e-02
1.301350630819797516e-02
-2.103035151958465576e-02
9.959319978952407837e-02
4.986377432942390442e-02
-6.048715114593505859e-02
-2.512460388243198395e-02
2.286586351692676544e-02
2.056736126542091370e-02
-3.541878249961882830e-04
-2.431825734674930573e-02
2.440575696527957916e-02
-1.565157435834407806e-03
-5.765511840581893921e-02
-7.735504768788814545e-03
8.733364753425121307e-03
1.598548144102096558e-02
3.148379549384117126e-02
-9.244269877672195435e-02
6.036948040127754211e-02
3.474792838096618652e-02
-2.033566124737262726e-02
-3.032753616571426392e-02
-1.058019325137138367e-02
-1.850543543696403503e-02
6.283744424581527710e-02
2.918575517833232880e-02
6.079517770558595657e-04
-3.985075652599334717e-02
-7.016242947429418564e-03
2.641399204730987549e-02
-6.388630717992782593e-03
-3.273028880357742310e-02
-3.969896957278251648e-02
5.583143979310989380e-02
-4.736430570483207703e-02
-5.728578567504882812e-02
1.731628365814685822e-02
-7.352241873741149902e-02
-2.336848154664039612e-02
2.964861132204532623e-02
3.000548109412193298e-02
-1.024555340409278870e-01
2.599093504250049591e-02
-2.999170310795307159e-02
2.953710965812206268e-02
-2.226926386356353760e-02
-1.539136841893196106e-02
1.382908411324024200e-02
3.953916530008427799e-05
-4.183817654848098755e-02
2.454186603426933289e-02
6.036474183201789856e-02
-1.813429594039916992e-02
-7.701960951089859009e-02
3.860640525817871094e-02
6.277493201196193695e-03
5.507508758455514908e-03
8.029864169657230377e-03
-3.214922174811363220e-02
-2.580566145479679108e-02
4.466977901756763458e-03
4.681823402643203735e-02
4.348124936223030090e-02
3.272802336141467094e-03
5.339632555842399597e-02
5.233467742800712585e-02
-4.926056042313575745e-02
1.196556445211172104e-02
2.123241871595382690e-02
-2.083803340792655945e-02
-3.495835140347480774e-02
2.289039455354213715e-02
-3.999646380543708801e-02
2.584914676845073700e-02
9.500180371105670929e-03
-1.314393151551485062e-02
-1.114391908049583435e-02
-2.634667791426181793e-02
2.206764556467533112e-02
-3.490692749619483948e-02
2.084767818450927734e-02
-1.533258985728025436e-02
-3.112113103270530701e-03
-1.593286730349063873e-02
1.738250255584716797e-02
-7.487026602029800415e-02
6.554535776376724243e-02
2.201499231159687042e-02
-2.077384851872920990e-02
2.735218778252601624e-02
-2.449153736233711243e-02
-4.013285785913467407e-02
-4.538965597748756409e-02
1.211902312934398651e-02
-3.437902778387069702e-02
-2.933756448328495026e-02
-2.927899360656738281e-02
-4.618027061223983765e-02
3.163181710988283157e-03
5.330727621912956238e-02
-3.829699242487549782e-03
-2.044083178043365479e-02
2.638111822307109833e-02
2.808381058275699615e-02
-1.112812571227550507e-02
-6.542284041643142700e-03
-1.013027410954236984e-02
1.509376056492328644e-02
-1.694546081125736237e-02
-1.445376873016357422e-02
3.952268883585929871e-02
-3.962362930178642273e-02
-2.378140948712825775e-02
-4.720582626760005951e-03
1.640634145587682724e-03
-1.066585704684257507e-01
-2.584210224449634552e-02
6.109336391091346741e-02
1.314526540227234364e-03
-7.720726076513528824e-03
-1.216946914792060852e-02
-3.646353632211685181e-02
-3.811361640691757202e-02
4.911121353507041931e-02
-1.384622999466955662e-03
5.309123545885086060e-03
7.176770363003015518e-03
3.445127606391906738e-02
1.224859151989221573e-02
-5.740110203623771667e-02
-6.294468790292739868e-02
2.089112438261508942e-02
1.761553063988685608e-02
-2.185043506324291229e-02
2.954239025712013245e-02
5.332088097929954529e-03
4.763611778616905212e-02
5.632949993014335632e-02
-3.420389816164970398e-02
3.760911896824836731e-02
-5.126359313726425171e-02
-2.346936799585819244e-02
1.107220500707626343e-01
2.578209899365901947e-02
-5.664160102605819702e-02
4.550940915942192078e-02
7.196622027549892664e-05
9.507604874670505524e-03
-3.117573261260986328e-02
-1.159892510622739792e-02
3.357962146401405334e-02
1.414912939071655273e-02
-2.112090587615966797e-04
9.214063175022602081e-03
5.010643973946571350e-02
7.939656265079975128e-03
-5.475738085806369781e-03
3.012896515429019928e-02
-1.731926202774047852e-02
3.617144748568534851e-02
9.387725591659545898e-02
-4.497697949409484863e-02
9.192516095936298370e-03
2.201351709663867950e-02
2.536389604210853577e-02
2.633569575846195221e-02
-3.657934442162513733e-02
6.256300210952758789e-02
-9.984829463064670563e-03
2.556447125971317291e-02
3.571661561727523804e-02
-1.171388104557991028e-02
5.479415878653526306e-02
2.249238081276416779e-02
-4.303898289799690247e-02
-3.134621307253837585e-02
2.347519621253013611e-03
2.188141923397779465e-03
8.215316385030746460e-02
-6.746765226125717163e-02
5.740911141037940979e-02
5.322014167904853821e-02
-7.148412615060806274e-02
-3.185035288333892822e-02
5.819591879844665527e-02
-3.741420432925224304e-02
-4.117212817072868347e-02
2.327830297872424126e-03
-3.338490054011344910e-02
4.981129616498947144e-02
-5.141758918762207031e-02
-6.861878931522369385e-02
-5.002699419856071472e-02
2.892130985856056213e-02
-2.019901294261217117e-03
-1.931387186050415039e-02
-6.884130183607339859e-03
-4.569248482584953308e-02
-1.098623406141996384e-02
3.525384142994880676e-02
1.269411528483033180e-03
8.551381528377532959e-02
6.078223511576652527e-02
6.809610128402709961e-02
-4.982841014862060547e-02
-1.317847799509763718e-02
5.513907596468925476e-02
-1.986835896968841553e-02
-1.093084644526243210e-02
-3.852138295769691467e-02
-8.498178422451019287e-02
1.214818004518747330e-02
1.933689787983894348e-02
1.516865799203515053e-03
-3.930599242448806763e-02
-2.813724987208843231e-02
1.020945957861840725e-03
1.504506263881921768e-02
-3.315960615873336792e-02
3.164146840572357178e-02
-6.992806494235992432e-02
-2.549364976584911346e-02
-3.383439034223556519e-02
3.788018599152565002e-03
5.964305251836776733e-02
6.124582886695861816e-02
2.385731600224971771e-02
8.138994127511978149e-02
-6.581909954547882080e-02
2.753627300262451172e-02
-4.623624554369598627e-04
3.934279084205627441e-02
1.050452236086130142e-02
-4.947632923722267151e-02
9.159873239696025848e-03
-4.653255268931388855e-02
-9.496087208390235901e-03
6.306137144565582275e-02
3.112600557506084442e-02
-4.484318941831588745e-02
-6.388466060161590576e-02
2.618840150535106659e-02
-5.797559861093759537e-03
-6.434295326471328735e-03
-3.389589115977287292e-02
7.350677251815795898e-02
-1.116485428065061569e-02
-4.019322246313095093e-02
-6.909593194723129272e-02
2.386581897735595703e-02
3.708463534712791443e-02
-5.671815574169158936e-02
3.839700669050216675e-02
-2.782826125621795654e-02
-7.032987475395202637e-02
4.646624624729156494e-02
4.294484108686447144e-02
-2.048430033028125763e-02
-1.927651651203632355e-02
-8.081209659576416016e-02
-1.151483654975891113e-01
5.044621974229812622e-02
-2.314810262760147452e-04
-3.372549265623092651e-02
3.977025672793388367e-02
-1.337701338343322277e-03
4.937050864100456238e-02
-3.249195590615272522e-02
3.015724197030067444e-02
5.987052619457244873e-02
3.908581100404262543e-03
1.751730404794216156e-02
2.256084419786930084e-02
-6.538321729749441147e-03
-2.110292203724384308e-02
1.879550144076347351e-02
-2.209042944014072418e-02
6.312482059001922607e-02
2.183391898870468140e-02
-1.472141593694686890e-02
-3.965276852250099182e-02
3.574527800083160400e-02
8.240552991628646851e-02
1.785262487828731537e-02
2.030477859079837799e-02
-2.744350023567676544e-02
-2.744583599269390106e-02
5.670679267495870590e-03
-2.787449024617671967e-02
-1.188863441348075867e-02
1.229637302458286285e-02
-2.642863057553768158e-02
2.624525129795074463e-02
-6.010556966066360474e-02
-2.960985526442527771e-02
8.445949642919003963e-04
1.371229439973831177e-02
-3.147828578948974609e-02
6.102547049522399902e-02
-2.559535764157772064e-02
-5.314848572015762329e-02
3.829820826649665833e-02
-2.674281597137451172e-02
7.448566704988479614e-02
-1.653966680169105530e-02
2.370657771825790405e-02
2.028269506990909576e-02
5.351079744286835194e-04
-7.955947518348693848e-02
-1.420244760811328888e-02
1.839556917548179626e-02
3.768622130155563354e-02
1.155139040201902390e-02
3.749592974781990051e-02
1.417398732155561447e-02
2.350171841681003571e-02
6.863038986921310425e-02
2.632574178278446198e-02
1.093074120581150055e-02
8.923524874262511730e-04
2.294057980179786682e-02
-6.786519289016723633e-02
4.141758009791374207e-02
-1.390186976641416550e-02
1.975569641217589378e-03
-9.090869873762130737e-02
1.936003006994724274e-02
2.929208986461162567e-02
-1.188501529395580292e-02
-9.834636934101581573e-03
-5.522262305021286011e-02
-2.911854162812232971e-02
3.174872370436787605e-03
-4.728940874338150024e-02
8.215853013098239899e-03
-3.301348770037293434e-03
3.529738262295722961e-02
4.447840899229049683e-02
-4.560928326100111008e-03
6.980065722018480301e-03
-2.038343623280525208e-02
-5.590051785111427307e-02
1.489781495183706284e-02
-3.614212200045585632e-02
3.455112501978874207e-02
-4.286509938538074493e-03
1.965532265603542328e-02
2.697574533522129059e-02
4.921827465295791626e-02
-3.435987606644630432e-02
-5.956278368830680847e-02
-5.115477368235588074e-02
-6.074740737676620483e-02
-5.960636958479881287e-02
