-2.801379747688770294e-02
5.492593627423048019e-03
-3.857404738664627075e-02
-3.649227321147918701e-02
1.283332426100969315e-02
5.443326383829116821e-02
-2.086683362722396851e-02
4.867429379373788834e-03
7.971270941197872162e-03
1.469239126890897751e-03
-4.674505069851875305e-02
-1.033036187291145325e-01
-2.152099087834358215e-02
-5.001559481024742126e-02
-3.788070380687713623e-02
4.180325486231595278e-04
-8.977939933538436890e-02
2.926643565297126770e-02
-3.624153882265090942e-02
-9.701110422611236572e-03
4.869865626096725464e-02
-2.600278519093990326e-02
-5.788743495941162109e-02
7.951449602842330933e-02
-2.348123118281364441e-02
-4.494459554553031921e-02
-1.300446782261133194e-02
-4.633162915706634521e-02
-5.530301108956336975e-02
4.571822658181190491e-02
-4.312947392463684082e-02
1.321854256093502045e-02
2.581719867885112762e-02
-3.298680856823921204e-02
2.413396723568439484e-02
4.506058618426322937e-02
5.089867487549781799e-02
3.128980100154876709e-02
7.816841825842857361e-03
2.944665029644966125e-02
1.055879867635667324e-03
6.301537156105041504e-02
3.452027682214975357e-03
5.036413297057151794e-02
1.014796420931816101e-01
-4.492438957095146179e-02
-3.954105451703071594e-02
1.841064222389832139e-04
2.469474822282791138e-02
4.636830417439341545e-04
-3.331412561237812042e-03
-8.472387678921222687e-03
-2.184530347585678101e-02
-4.105361923575401306e-02
-6.672135740518569946e-02
-1.884304918348789215e-02
3.896264731884002686e-02
-2.833282947540283203e-02
-2.478306740522384644e-02
-1.861827820539474487e-02
1.574922353029251099e-02
-4.304900765419006348e-02
6.660155951976776123e-02
6.282777339220046997e-02
-5.641644448041915894e-02
5.959599837660789490e-02
-2.002597600221633911e-02
-7.374176383018493652e-02
-6.269578635692596436e-02
3.772957995533943176e-02
-8.496962487697601318e-03
-5.650273524224758148e-04
-3.490415215492248535e-02
-2.859471552073955536e-02
2.105965092778205872e-02
2.126694424077868462e-03
-8.571350015699863434e-03
-1.250183209776878357e-02
3.143692389130592346e-02
-7.265537977218627930e-02
-2.072732150554656982e-02
5.846047773957252502e-02
5.016151349991559982e-03
-4.913592338562011719e-02
1.090032886713743210e-02
-3.389763459563255310e-02
6.482713669538497925e-02
9.465498849749565125e-03
-2.180776186287403107e-02
1.436375174671411514e-02
5.312836542725563049e-02
-5.027433112263679504e-02
6.264546513557434082e-02
-2.576337568461894989e-02
4.639550670981407166e-02
-6.734739989042282104e-02
-1.337463501840829849e-02
1.899168081581592560e-02
5.729898810386657715e-02
-5.918079242110252380e-02
2.458512596786022186e-02
2.025895006954669952e-02
-4.410270228981971741e-02
6.586218625307083130e-02
-3.749125450849533081e-02
-1.722793467342853546e-02
9.357085824012756348e-02
-9.087909758090972900e-02
-5.034125968813896179e-02
-2.703079022467136383e-02
-5.128513090312480927e-03
-1.400813367217779160e-02
3.408763185143470764e-02
2.168142981827259064e-02
-8.785916119813919067e-02
-7.789910770952701569e-03
7.007271051406860352e-02
-5.059279501438140869e-02
2.501038461923599243e-02
3.480634093284606934e-02
-3.695079311728477478e-02
-6.555724143981933594e-02
-2.260401286184787750e-02
6.630522012710571289e-02
1.830503810197114944e-03
-3.094373038038611412e-03
-1.321182586252689362e-02
-1.087370142340660095e-02
-9.023739956319332123e-03
-1.408272236585617065e-02
-2.890153974294662476e-02
-7.897143810987472534e-02
1.450564363040030003e-03
-1.465278770774602890e-02
-1.937083527445793152e-02
1.443306542932987213e-02
3.277978673577308655e-02
3.443971648812294006e-02
5.708261858671903610e-03
5.178905278444290161e-02
3.334613889455795288e-02
1.682643219828605652e-02
-2.564212121069431305e-02
2.045528404414653778e-02
-7.526249438524246216e-02
8.006860315799713135e-02
-1.507901120930910110e-02
-2.308908477425575256e-02
7.167280651628971100e-03
9.386842697858810425e-02
-2.063697017729282379e-02
-5.117634311318397522e-02
-1.972467638552188873e-03
-3.898673132061958313e-02
5.813143216073513031e-03
-5.750518664717674255e-02
-3.949057310819625854e-02
-7.654966786503791809e-03
3.696089144796133041e-03
2.520226873457431793e-02
2.101315557956695557e-02
-2.017328701913356781e-02
-6.069008633494377136e-02
-4.750219359993934631e-02
-5.892140418291091919e-02
1.595226861536502838e-02
-3.477687761187553406e-02
4.044001922011375427e-02
-2.209371142089366913e-02
4.572321660816669464e-03
2.007039263844490051e-02
6.782126612961292267e-03
-8.211065083742141724e-02
-1.485366839915513992e-02
4.201171174645423889e-02
5.579407513141632080e-02
4.474496096372604370e-02
-1.656542718410491943e-02
5.766091495752334595e-02
3.310742229223251343e-02
7.699554413557052612e-02
2.517876587808132172e-02
-5.150787904858589172e-02
6.153133232146501541e-03
-7.977087795734405518e-02
-9.440785273909568787e-03
-8.634417317807674408e-03
-2.108025923371315002e-02
-3.828938305377960205e-02
6.847143173217773438e-03
-9.592822752892971039e-04
-2.848966279998421669e-03
-6.667261570692062378e-02
6.445060716941952705e-04
3.633823990821838379e-02
-7.181162387132644653e-02
3.681214526295661926e-02
2.118446119129657745e-02
4.537422209978103638e-02
2.244333922863006592e-02
3.248506784439086914e-02
3.604002669453620911e-02
3.145488724112510681e-02
4.816491156816482544e-02
1.354391220957040787e-02
-2.154594840249046683e-04
-5.065293237566947937e-02
3.477751463651657104e-02
-1.915562897920608521e-02
3.303728997707366943e-02
8.019360154867172241e-02
-6.335117667913436890e-02
3.957407083362340927e-03
6.223894190043210983e-03
-5.799744278192520142e-02
-3.307643532752990723e-02
-3.800889104604721069e-02
-4.703185334801673889e-02
6.344588845968246460e-02
-1.198939234018325806e-02
-2.240298874676227570e-02
-9.445785731077194214e-02
6.274162977933883667e-02
3.549464046955108643e-02
-6.875722110271453857e-02
-3.297507017850875854e-02
7.198675721883773804e-02
2.416740171611309052e-03
-1.192879118025302887e-02
6.630893331021070480e-04
-1.077802036888897419e-03
-9.130214154720306396e-02
2.118736691772937775e-02
5.615020170807838440e-02
3.644096851348876953e-02
-3.400624543428421021e-02
1.935801841318607330e-02
1.623709686100482941e-02
3.134832531213760376e-02
-5.493176355957984924e-02
-2.060441672801971436e-02
4.939106851816177368e-02
2.055226452648639679e-02
4.149371758103370667e-02
-2.349212393164634705e-02
-7.612254470586776733e-03
-2.588686160743236542e-02
9.364064037799835205e-02
-1.339313341304659843e-03
1.294611860066652298e-02
-2.186407335102558136e-03
3.724471479654312134e-02
-5.332686938345432281e-03
-6.034496799111366272e-02
4.853216558694839478e-02
-2.752893790602684021e-02
-3.172604134306311607e-03
-3.294343128800392151e-02
3.691613674163818359e-02
1.264571491628885269e-02
2.872324362397193909e-02
-3.900637850165367126e-03
6.429474800825119019e-02
8.317548781633377075e-03
4.896081611514091492e-02
3.934523090720176697e-02
3.147197887301445007e-02
2.540821023285388947e-02
8.265282213687896729e-02
-7.190993055701255798e-03
9.069280698895454407e-03
-2.425024285912513733e-02
4.755217954516410828e-02
-3.140648081898689270e-02
-4.698718711733818054e-02
-5.513957515358924866e-02
8.554714731872081757e-03
-8.001653477549552917e-03
-4.071489721536636353e-02
3.056954592466354370e-02
2.907025394961237907e-03
-1.143847480416297913e-01
1.235272828489542007e-02
-1.230836287140846252e-02
2.322243340313434601e-02
-5.401472747325897217e-02
2.050990983843803406e-02
-1.557074766606092453e-02
3.599695861339569092e-02
3.655676171183586121e-02
-3.244886640459299088e-03
1.380604878067970276e-02
1.277491357177495956e-02
3.765527904033660889e-02
-3.526635840535163879e-02
-4.110889509320259094e-02
-5.712568759918212891e-02
1.832434162497520447e-02
-2.246496966108679771e-03
5.504416301846504211e-03
-4.360892996191978455e-02
-1.331120543181896210e-02
-3.223337978124618530e-02
6.717258691787719727e-02
-4.801552742719650269e-02
1.004894264042377472e-02
3.777136153075844049e-04
-8.678747341036796570e-03
-1.767298020422458649e-02
1.587064191699028015e-02
-7.603974640369415283e-02
-7.376343943178653717e-03
-5.227091163396835327e-02
6.015676632523536682e-02
5.008848756551742554e-02
5.244877934455871582e-02
-1.703829132020473480e-02
7.015671581029891968e-02
-3.816708922386169434e-02
-1.299470514059066772e-01
2.002163045108318329e-02
5.383193120360374451e-02
3.527585789561271667e-02
-2.418847009539604187e-02
-3.485246002674102783e-02
8.647683262825012207e-02
-6.770970672369003296e-02
-1.510060857981443405e-02
5.081897601485252380e-02
6.468534469604492188e-02
5.041118338704109192e-02
1.721729710698127747e-02
1.611432060599327087e-02
-1.502540148794651031e-02
-3.097207285463809967e-03
4.767227172851562500e-02
-1.136894710361957550e-02
-4.288166016340255737e-02
1.007152348756790161e-02
5.726363509893417358e-02
8.361038565635681152e-02
6.067457795143127441e-02
6.240177899599075317e-02
1.842183619737625122e-02
8.002687245607376099e-03
3.992761299014091492e-02
7.064447272568941116e-03
-4.874781146645545959e-02
-4.945464432239532471e-02
8.522549644112586975e-03
-3.642535954713821411e-02
-3.095625527203083038e-02
4.132680222392082214e-02
-4.286569729447364807e-02
-8.796143531799316406e-02
7.072997093200683594e-02
-2.488775737583637238e-02
5.263970047235488892e-02
-1.053489279001951218e-02
3.497245954349637032e-03
7.408054918050765991e-02
5.823357403278350830e-02
4.876582883298397064e-03
1.200355309993028641e-02
1.434773206710815430e-02
-3.116116113960742950e-02
-9.419798105955123901e-02
9.438843466341495514e-03
5.294392257928848267e-02
-2.201790362596511841e-02
2.132047899067401886e-02
-6.982874125242233276e-02
-2.708191238343715668e-02
4.160969401709735394e-04
1.188085041940212250e-02
2.705068886280059814e-02
-2.076362073421478271e-02
1.135113686323165894e-01
3.762926906347274780e-02
2.664808556437492371e-02
6.843099370598793030e-03
-2.323151752352714539e-02
9.321849793195724487e-03
-4.358415026217699051e-03
3.986733034253120422e-02
4.833064228296279907e-02
1.469094958156347275e-02
3.748514875769615173e-02
2.918520942330360413e-03
5.139084160327911377e-02
-4.094879329204559326e-02
2.260432206094264984e-02
1.598436385393142700e-02
-6.194210797548294067e-02
-7.303684018552303314e-03
3.536066506057977676e-03
-4.321254417300224304e-02
3.186931367963552475e-03
4.098736122250556946e-02
6.746345013380050659e-02
-7.599832117557525635e-02
3.983120992779731750e-02
2.542617358267307281e-02
-1.587500609457492828e-02
-3.792539983987808228e-02
1.661420054733753204e-02
1.124468147754669189e-01
1.053162105381488800e-02
1.595757901668548584e-02
-1.153041794896125793e-02
2.346311137080192566e-02
-4.265222698450088501e-03
-4.070433601737022400e-02
-3.816663520410656929e-03
-1.057899072766304016e-01
-2.416029945015907288e-02
6.742726080119609833e-03
2.188821323215961456e-02
6.597279757261276245e-02
-5.656087771058082581e-02
-5.382787808775901794e-02
-1.035338081419467926e-02
-3.723581135272979736e-02
-3.851896896958351135e-02
-1.806651987135410309e-02
-1.874357648193836212e-02
-1.958157308399677277e-02
4.737725853919982910e-02
9.335905313491821289e-03
-2.615178190171718597e-02
-9.232059121131896973e-02
5.955119803547859192e-02
-3.700333461165428162e-02
8.281827718019485474e-02
-7.385366410017013550e-02
2.001120522618293762e-02
1.955140940845012665e-02
-4.544691368937492371e-02
-6.362622231245040894e-02
-2.689948491752147675e-02
-4.987557604908943176e-02
-1.111225597560405731e-02
6.198200955986976624e-02
-5.578317213803529739e-03
-2.621423825621604919e-02
5.362904444336891174e-02
-3.291102498769760132e-02
-1.905513182282447815e-02
4.206986352801322937e-02
-4.007667303085327148e-05
-9.796898812055587769e-03
3.435725346207618713e-02
6.076144054532051086e-02
-1.001840550452470779e-02
1.073885336518287659e-02
-4.043010994791984558e-02
1.356495637446641922e-02
5.148600786924362183e-02
5.000635050237178802e-03
-2.097824960947036743e-02
-5.922801792621612549e-02
5.126601085066795349e-02
-1.847570016980171204e-02
9.148583747446537018e-03
-6.784033775329589844e-02
5.438077822327613831e-02
9.051065891981124878e-02
-1.381965586915612221e-03
6.254757195711135864e-02
-7.189140468835830688e-02
-3.704936429858207703e-02
-4.555192589759826660e-02
-5.598990991711616516e-02
-7.200715690851211548e-02
-8.136083930730819702e-02
-5.833298712968826294e-02
5.358652770519256592e-02
4.484565928578376770e-02
1.314488705247640610e-02
8.526673913002014160e-02
-1.109665185213088989e-01
-4.574352130293846130e-02
3.604848310351371765e-02
-8.110426366329193115e-03
-2.117323456332087517e-03
2.495547756552696228e-02
1.862578280270099640e-02
-2.054050005972385406e-02
5.337265878915786743e-02
1.228539459407329559e-02
2.694150060415267944e-02
-6.394725292921066284e-03
-7.578962948173284531e-03
8.980289101600646973e-02
7.257539033889770508e-02
4.397252574563026428e-02
1.326907798647880554e-02
1.455797173548489809e-04
5.213821679353713989e-02
1.868292503058910370e-02
-1.830596476793289185e-02
1.101443078368902206e-02
2.552281133830547333e-02
5.060942471027374268e-02
2.760558947920799255e-02
-4.792016372084617615e-02
-3.619463741779327393e-02
3.436205675825476646e-03
-9.005668014287948608e-02
-2.328281104564666748e-02
-2.102035470306873322e-02
5.054846405982971191e-02
5.666121095418930054e-02
-2.638293663039803505e-03
-2.010608464479446411e-02
3.750721365213394165e-02
-5.139030143618583679e-02
-2.312699519097805023e-02
-9.263627231121063232e-02
3.121868707239627838e-02
1.491809263825416565e-02
-5.635762959718704224e-02
1.900219544768333435e-02
-6.188881397247314453e-02
4.606819152832031250e-02
7.259546220302581787e-02
8.300371468067169189e-03
-8.170551806688308716e-02
-3.255851939320564270e-02
5.675350502133369446e-02
4.201988503336906433e-02
2.448233217000961304e-02
3.114973008632659912e-02
-1.792321167886257172e-02
-1.405711937695741653e-02
-4.637629538774490356e-02
-9.133735299110412598e-02
3.281766083091497421e-03
1.918156631290912628e-03
-3.473372757434844971e-02
5.341153591871261597e-02
-7.483823597431182861e-02
4.634208604693412781e-02
-3.343014046549797058e-02
3.250888781622052193e-03
3.467042371630668640e-02
8.928774297237396240e-02
4.852830991148948669e-02
7.970655709505081177e-02
1.745647750794887543e-02
7.076137233525514603e-03
-2.933029830455780029e-02
-6.788463145494461060e-02
1.957648806273937225e-02
-5.883088335394859314e-02
-2.377159520983695984e-02
2.813529968261718750e-02
8.375455439090728760e-02
1.177946384996175766e-02
2.613865071907639503e-03
-4.878959804773330688e-02
-1.845992170274257660e-02
-2.850860916078090668e-02
-2.228461392223834991e-02
-1.141121461987495422e-01
-6.354946643114089966e-02
-4.289970546960830688e-02
-9.305515140295028687e-02
1.781628094613552094e-02
3.609349951148033142e-02
-4.405439272522926331e-02
2.189220860600471497e-03
1.054383255541324615e-02
5.318312440067529678e-03
-3.193915262818336487e-02
1.335709076374769211e-02
4.849620163440704346e-02
2.913399040699005127e-02
3.112185047939419746e-03
-7.075561583042144775e-02
-1.243935711681842804e-02
-9.031025320291519165e-02
6.896741688251495361e-02
5.576102435588836670e-02
8.647943288087844849e-02
-1.126861721277236938e-01
5.713966675102710724e-03
-7.202298194169998169e-02
-5.758153274655342102e-03
1.428011804819107056e-02
1.450592098990455270e-04
-3.584531135857105255e-03
-1.183927897363901138e-02
3.756249323487281799e-02
6.355083733797073364e-02
2.281314134597778320e-02
-8.590356260538101196e-02
7.697301357984542847e-02
-4.946850705891847610e-03
6.871860474348068237e-02
6.006604526191949844e-03
2.362177148461341858e-02
-4.532744176685810089e-03
-4.360798746347427368e-02
-3.440796211361885071e-02
-3.215318545699119568e-02
-1.645766198635101318e-02
-2.428816631436347961e-02
5.360478535294532776e-02
-9.937657974660396576e-03
-1.460365764796733856e-02
-2.652825601398944855e-02
2.171213552355766296e-02
2.601973153650760651e-02
1.960343681275844574e-02
2.335104905068874359e-02
1.072930358350276947e-02
-4.836799949407577515e-02
1.841306686401367188e-03
-3.739925846457481384e-02
-1.889518834650516510e-02
-3.478647395968437195e-02
4.796649795025587082e-03
5.393593013286590576e-02
-9.224133938550949097e-02
9.162862552329897881e-04
2.109126886352896690e-03
-1.026860401034355164e-01
7.096225768327713013e-02
-6.673152744770050049e-02
-1.334840897470712662e-03
-4.625748842954635620e-02
-6.026551872491836548e-02
-9.417033940553665161e-02
8.225187659263610840e-02
-4.644583538174629211e-02
7.108265906572341919e-02
3.837115690112113953e-02
-1.842659898102283478e-02
-1.297885552048683167e-02
-2.181127853691577911e-02
4.813357070088386536e-02
2.476956881582736969e-02
-6.488414108753204346e-02
-7.337938994169235229e-02
1.961033046245574951e-02
1.664596376940608025e-03
1.834367960691452026e-02
-2.176427096128463745e-02
2.257668599486351013e-02
-8.819900453090667725e-03
-6.066976115107536316e-03
4.205540940165519714e-02
7.468904554843902588e-02
5.784590542316436768e-02
-4.779915884137153625e-02
1.737162843346595764e-02
-3.538378328084945679e-02
1.679700799286365509e-02
4.915553145110607147e-03
1.272435882128775120e-03
2.188744023442268372e-02
6.794934719800949097e-02
7.762316148728132248e-03
-4.652313143014907837e-02
-2.446869388222694397e-03
-1.375678088515996933e-02
6.883301772177219391e-03
-7.261811755597591400e-03
4.089721187483519316e-04
-5.901311710476875305e-02
-4.795236513018608093e-03
-2.262404933571815491e-02
-4.188775271177291870e-02
2.064262703061103821e-02
7.160861045122146606e-02
1.159575954079627991e-02
3.451034892350435257e-03
-3.705848380923271179e-02
-4.535072296857833862e-02
1.795665174722671509e-02
-3.927073627710342407e-02
-4.382968321442604065e-02
8.647646754980087280e-02
4.222270473837852478e-02
-9.824392944574356079e-02
2.878516353666782379e-02
6.299645610852167010e-05
1.271476317197084427e-02
-1.834452152252197266e-02
-4.393876343965530396e-02
-1.571129076182842255e-02
3.942947834730148315e-03
-3.392389789223670959e-02
6.274852156639099121e-02
-7.859797216951847076e-03
-5.059736780822277069e-03
3.815423697233200073e-02
-2.517874538898468018e-02
2.379075996577739716e-02
-1.029514055699110031e-02
-1.827463880181312561e-02
6.056032329797744751e-02
-1.900161616504192352e-02
5.286054685711860657e-02
-9.930337965488433838e-02
1.221158355474472046e-02
1.655733399093151093e-02
8.671426214277744293e-03
-2.241395786404609680e-02
2.204754389822483063e-02
5.176148377358913422e-03
-2.553426846861839294e-02
2.503862418234348297e-02
-9.272409230470657349e-02
-6.058223918080329895e-02
-4.687681794166564941e-02
1.260698437690734863e-01
6.532453745603561401e-02
2.696637436747550964e-02
3.293674066662788391e-02
2.970198355615139008e-02
-2.970826067030429840e-02
2.232130989432334900e-02
2.911440655589103699e-02
4.471847787499427795e-02
-6.800698488950729370e-02
-8.144615590572357178e-02
1.821657642722129822e-02
1.813859492540359497e-02
3.346972540020942688e-02
1.685044355690479279e-02
-2.001227065920829773e-02
-6.549005955457687378e-02
-5.229766666889190674e-02
-4.667850956320762634e-02
5.558271706104278564e-02
-6.176661700010299683e-02
4.917566105723381042e-02
2.040169201791286469e-02
2.977211400866508484e-02
1.603695936501026154e-02
3.081274032592773438e-02
5.512597272172570229e-04
-4.583309963345527649e-02
2.572381868958473206e-02
-2.315511181950569153e-02
7.756101898849010468e-03
-3.765812888741493225e-02
-1.817877590656280518e-02
1.452052313834428787e-02
2.691943198442459106e-02
-2.628869563341140747e-02
8.577318489551544189e-02
-1.457361783832311630e-02
5.878633633255958557e-02
3.750686720013618469e-02
-1.877364143729209900e-02
-7.161108404397964478e-02
5.998151004314422607e-02
3.677424415946006775e-02
2.370566129684448242e-02
2.098222449421882629e-02
-1.746324822306632996e-02
3.928766399621963501e-02
-9.414556436240673065e-03
5.288640037178993225e-03
-8.501995354890823364e-02
-6.891427561640739441e-03
4.255297407507896423e-02
-4.022985324263572693e-02
7.041448354721069336e-02
2.924988977611064911e-02
-1.381583884358406067e-02
1.364064496010541916e-02
-5.955987423658370972e-02
-1.230242568999528885e-02
1.045842561870813370e-02
-7.865439401939511299e-04
-2.109245769679546356e-02
1.190705131739377975e-02
-1.259577460587024689e-02
-2.128931321203708649e-02
-4.623341560363769531e-02
-6.820347160100936890e-02
-4.266172274947166443e-02
-2.429376915097236633e-02
5.394558236002922058e-02
8.565672487020492554e-02
-3.850601986050605774e-02
-5.741094052791595459e-02
4.994653165340423584e-02
5.136612057685852051e-02
-2.414001710712909698e-02
6.609763205051422119e-02
-2.273550443351268768e-02
-1.485798042267560959e-02
-1.916390843689441681e-02
-8.617250621318817139e-02
-4.881586879491806030e-02
1.145809516310691833e-02
2.278153412044048309e-02
7.415997236967086792e-02
-3.277873620390892029e-02
9.355491958558559418e-03
-5.397436395287513733e-02
3.609811514616012573e-02
1.006755009293556213e-01
-5.977928638458251953e-02
-1.822030916810035706e-02
7.792709767818450928e-02
-7.005158811807632446e-02
4.441606998443603516e-02
4.048131406307220459e-02
-5.987806245684623718e-02
8.153274655342102051e-02
-6.895154714584350586e-02
6.312312185764312744e-02
6.163537874817848206e-02
5.756504833698272705e-02
8.570797741413116455e-02
9.921549260616302490e-02
-1.909923367202281952e-02
1.498275995254516602e-02
-2.441413514316082001e-02
2.363392151892185211e-02
2.694714069366455078e-02
-1.542112324386835098e-02
1.394099835306406021e-02
-1.853164471685886383e-02
2.073046192526817322e-02
2.012600190937519073e-02
-3.577819466590881348e-02
-4.371183365583419800e-02
6.577735394239425659e-02
1.675707660615444183e-02
1.060228049755096436e-01
-3.914835676550865173e-02
-5.344592500478029251e-03
-1.346297003328800201e-02
-7.426872104406356812e-02
-7.294489443302154541e-02
-3.322495147585868835e-02
4.436097107827663422e-03
1.090177670121192932e-01
4.103373736143112183e-03
-7.470234483480453491e-02
6.585705280303955078e-02
-5.415736138820648193e-02
1.079394146800041199e-01
4.712371900677680969e-02
-1.143795475363731384e-01
-5.883952602744102478e-03
5.361618101596832275e-02
1.401704177260398865e-02
-3.253899514675140381e-02
4.973341152071952820e-02
-8.027342148125171661e-03
1.758100464940071106e-02
3.585537523031234741e-02
-7.927033305168151855e-02
6.742966361343860626e-03
2.142465487122535706e-02
-1.228349655866622925e-02
-5.895990505814552307e-02
1.944554597139358521e-02
-2.845381945371627808e-02
2.511104568839073181e-02
-8.368442952632904053e-02
-4.707328043878078461e-03
9.761784970760345459e-02
-1.197952870279550552e-02
-3.113736771047115326e-02
7.847795635461807251e-02
-2.541736233979463577e-03
-2.535066939890384674e-02
2.133911941200494766e-03
8.626191318035125732e-02
-4.476808011531829834e-02
7.780962437391281128e-02
1.588589325547218323e-02
2.190664224326610565e-02
-2.548480406403541565e-02
-4.993913322687149048e-02
-1.440269500017166138e-02
3.635333478450775146e-02
5.062173306941986084e-02
-5.448279529809951782e-02
6.148307770490646362e-02
2.560276351869106293e-02
6.248804554343223572e-02
5.943835247308015823e-03
-3.529470786452293396e-02
-8.088551461696624756e-03
2.563432604074478149e-02
3.112461976706981659e-02
-2.282224781811237335e-02
2.827995456755161285e-02
-1.098287291824817657e-02
4.110678657889366150e-02
9.245191514492034912e-02
-3.004367928951978683e-03
-5.079978331923484802e-02
-6.459051370620727539e-02
-6.993368268013000488e-02
1.293437927961349487e-02
-4.644637927412986755e-02
4.434582218527793884e-02
-4.148864373564720154e-02
-1.624975353479385376e-02
8.083299733698368073e-03
3.205981850624084473e-02
9.907559491693973541e-03
-7.164631783962249756e-02
7.917862385511398315e-03
7.059173285961151123e-02
1.366303884424269199e-03
2.904759533703327179e-02
3.503048792481422424e-02
3.401365503668785095e-02
-1.052082851529121399e-01
-4.506919160485267639e-02
7.991991005837917328e-03
3.637097775936126709e-02
9.116848558187484741e-02
-6.129907816648483276e-02
-5.062530189752578735e-02
-1.050985902547836304e-01
7.674409449100494385e-02
-2.952406369149684906e-02
3.119466267526149750e-02
2.869206713512539864e-03
9.101282060146331787e-02
5.149732530117034912e-02
-1.391647011041641235e-02
2.153870090842247009e-02
9.727812558412551880e-02
6.649663555435836315e-04
-5.742357578128576279e-03
-2.598435804247856140e-02
5.778295546770095825e-02
-2.145033329725265503e-02
-6.941889878362417221e-03
-2.459359169006347656e-02
-1.531001552939414978e-02
5.595702305436134338e-02
2.468476258218288422e-02
-4.695709329098463058e-03
3.510810434818267822e-02
-3.996035084128379822e-02
2.210345817729830742e-03
4.123474285006523132e-02
5.651207640767097473e-02
-1.479148119688034058e-02
2.347423322498798370e-02
-2.078387187793850899e-03
1.136554521508514881e-03
8.931163698434829712e-03
1.138970926403999329e-01
-2.478830702602863312e-02
3.212448954582214355e-02
-5.258535966277122498e-02
6.161419302225112915e-02
-2.425523102283477783e-02
5.556881800293922424e-02
-2.356684580445289612e-02
1.368423365056514740e-02
-9.411871433258056641e-03
-2.916992083191871643e-02
1.197225064970552921e-03
-5.445456132292747498e-03
4.031408950686454773e-02
9.875052608549594879e-03
-3.102547489106655121e-02
-2.712852880358695984e-02
2.116149477660655975e-02
-1.235205307602882385e-02
-4.646300897002220154e-02
3.450936451554298401e-02
6.314563006162643433e-02
5.204685032367706299e-02
7.951389998197555542e-03
2.792397886514663696e-02
3.350896015763282776e-02
3.092154115438461304e-02
-3.154433518648147583e-02
-7.988582551479339600e-02
6.095595285296440125e-02
-6.933254748582839966e-02
-7.972921431064605713e-02
1.049423497170209885e-02
8.018921129405498505e-03
-7.347592152655124664e-03
-2.016647532582283020e-02
2.872983552515506744e-02
-6.385163404047489166e-03
-6.359066069126129150e-02
5.015140026807785034e-02
-2.571984753012657166e-02
-9.308181703090667725e-03
-2.704205736517906189e-02
2.584608085453510284e-02
-2.493690140545368195e-02
-2.161981537938117981e-02
3.273294866085052490e-02
-2.457147650420665741e-02
-7.043512910604476929e-02
-6.417617201805114746e-02
3.140221908688545227e-02
-5.901271477341651917e-02
-1.012757699936628342e-02
5.899338424205780029e-02
-5.589727684855461121e-02
4.290502145886421204e-02
4.359935596585273743e-02
-4.003033041954040527e-02
9.375797212123870850e-02
-8.621432818472385406e-03
-4.634976387023925781e-03
2.973131462931632996e-02
2.882866561412811279e-02
-1.034851558506488800e-02
-2.073666267096996307e-02
-4.283174127340316772e-02
