-2.744106389582157135e-02
3.610482066869735718e-02
-2.434145472943782806e-02
-4.697226919233798981e-03
2.158905752003192902e-02
2.546043694019317627e-02
1.410073833540081978e-03
4.192712903022766113e-02
-4.926280677318572998e-02
-5.303953960537910461e-02
8.016690611839294434e-02
1.004773471504449844e-02
4.482567310333251953e-03
-9.737545624375343323e-03
3.654144331812858582e-02
-3.426389768719673157e-02
-3.900451119989156723e-03
-7.060435600578784943e-03
9.497633576393127441e-02
1.091807335615158081e-01
-1.520959194749593735e-02
-6.639917194843292236e-02
1.769672706723213196e-02
-1.627164543606340885e-03
6.696309149265289307e-02
1.004288624972105026e-02
5.461847409605979919e-02
-5.907354061491787434e-04
-6.510233134031295776e-02
-2.209399268031120300e-02
-4.680584743618965149e-02
5.402320995926856995e-03
-1.070843543857336044e-02
-5.820937454700469971e-02
-5.403127148747444153e-02
3.074782900512218475e-02
4.643545672297477722e-02
-5.059814080595970154e-03
-2.504641376435756683e-02
8.742771111428737640e-03
3.326251357793807983e-02
-4.766389355063438416e-02
1.573724858462810516e-02
2.190862409770488739e-02
1.476818136870861053e-02
-1.067304238677024841e-02
-3.401517868041992188e-02
-5.226854979991912842e-02
-2.275726757943630219e-02
-8.102254010736942291e-03
4.214708134531974792e-02
3.597938269376754761e-02
-5.827786028385162354e-02
-5.135848373174667358e-02
-2.996114827692508698e-02
-6.485874205827713013e-02
3.154532611370086670e-02
1.020762324333190918e-02
1.844100095331668854e-02
5.934444814920425415e-02
-4.493216425180435181e-02
4.130164161324501038e-02
-3.623757511377334595e-02
-6.901547312736511230e-02
6.553384661674499512e-02
1.006511505693197250e-02
5.662820488214492798e-02
5.895266309380531311e-02
-3.517963737249374390e-02
5.356073006987571716e-02
-6.081193313002586365e-02
-4.961461201310157776e-02
-3.781745582818984985e-02
1.217366941273212433e-02
3.737745806574821472e-03
7.558563258498907089e-03
-3.570815175771713257e-02
-1.845394074916839600e-02
-2.597394771873950958e-02
4.509767517447471619e-03
3.376993350684642792e-03
2.958454750478267670e-02
4.196513071656227112e-02
-4.711707308888435364e-02
7.609470188617706299e-02
-1.009093876928091049e-02
-3.879534825682640076e-02
-6.544468551874160767e-02
7.680839300155639648e-02
-5.680572241544723511e-02
2.210387215018272400e-02
1.068389229476451874e-02
2.681770594790577888e-03
1.092533674091100693e-02
-3.329873457551002502e-02
3.696207422763109207e-03
-4.280443862080574036e-02
5.558573082089424133e-02
-1.600966602563858032e-02
3.352220868691802025e-03
-1.688964851200580597e-02
2.888218127191066742e-02
-6.970594823360443115e-02
8.398659527301788330e-02
-3.319245204329490662e-02
5.697516724467277527e-03
-3.563436865806579590e-02
2.525273896753787994e-02
1.384298969060182571e-02
-8.690971881151199341e-02
-7.265385985374450684e-02
-8.047078736126422882e-04
-1.048222091048955917e-02
-3.299853950738906860e-02
-7.880339771509170532e-02
2.536438591778278351e-02
3.301190584897994995e-02
-1.395164895802736282e-02
-3.334805369377136230e-02
8.396420627832412720e-02
-2.099301479756832123e-02
-1.077072098851203918e-01
3.375344723463058472e-02
4.306394979357719421e-02
-3.238045796751976013e-02
1.587249524891376495e-02
-4.619709029793739319e-02
-6.564875692129135132e-02
-1.195274293422698975e-03
-6.472649052739143372e-03
-2.056668698787689209e-02
-4.059107229113578796e-02
-2.190642990171909332e-02
3.695167228579521179e-02
3.335848823189735413e-02
6.506715714931488037e-02
-7.999345660209655762e-02
-4.330340772867202759e-03
6.492762267589569092e-02
8.034384809434413910e-03
-1.534744072705507278e-02
-2.040749974548816681e-02
-6.578945368528366089e-02
-1.630443148314952850e-02
4.693186283111572266e-02
-2.964203059673309326e-02
5.317268893122673035e-02
-8.998642116785049438e-02
5.024214088916778564e-02
-2.511106804013252258e-02
3.268075361847877502e-02
-5.198448523879051208e-02
3.382210433483123779e-02
3.454648703336715698e-02
7.662598043680191040e-02
-2.586762979626655579e-02
7.617707550525665283e-02
-6.291906535625457764e-02
-4.281480237841606140e-02
1.606412045657634735e-02
-2.568840980529785156e-02
3.546298667788505554e-02
-8.866602554917335510e-03
2.426544576883316040e-02
2.665837667882442474e-02
2.336715906858444214e-02
-3.609732165932655334e-02
-5.121842771768569946e-02
6.128923036158084869e-03
9.610283188521862030e-03
-2.897128276526927948e-02
-5.483169853687286377e-02
3.061878681182861328e-02
6.872162967920303345e-02
2.054986916482448578e-02
5.652190186083316803e-03
8.237562142312526703e-03
-4.735119268298149109e-02
2.381769753992557526e-02
1.506273169070482254e-02
-8.253993839025497437e-02
-2.048694901168346405e-02
-1.933055184781551361e-02
7.175315171480178833e-02
-7.104855030775070190e-02
-2.523635886609554291e-02
-2.978227287530899048e-02
7.653233408927917480e-02
-7.420144043862819672e-03
-3.945382311940193176e-02
6.261564046144485474e-02
3.481061384081840515e-02
-9.878704324364662170e-03
-7.635921239852905273e-02
4.667064547538757324e-02
2.235721237957477570e-02
3.214732930064201355e-02
6.520656496286392212e-02
-4.411189258098602295e-02
9.075052291154861450e-02
-2.178919687867164612e-02
-5.409502238035202026e-02
-1.502095721662044525e-02
4.366445913910865784e-02
2.342524938285350800e-03
-3.322980925440788269e-02
7.598466426134109497e-02
6.514749675989151001e-02
-2.457726001739501953e-02
-3.783002868294715881e-02
-4.331227019429206848e-02
-7.740921340882778168e-03
-5.390575528144836426e-02
-3.712470829486846924e-02
4.626681655645370483e-02
-2.980560250580310822e-02
-2.232103608548641205e-03
-5.500399693846702576e-02
-6.360808759927749634e-02
3.816643357276916504e-02
-2.671341644600033760e-03
3.575358912348747253e-02
5.915972287766635418e-04
5.061166360974311829e-02
-2.942399121820926666e-03
-3.963037580251693726e-02
1.433333475142717361e-02
1.986195892095565796e-02
4.110173881053924561e-02
5.947037786245346069e-02
4.888349026441574097e-02
-2.667886018753051758e-02
2.129847928881645203e-02
-1.487902924418449402e-02
-2.929029799997806549e-02
-1.149809453636407852e-02
1.774486526846885681e-02
3.148609399795532227e-02
1.053196042776107788e-01
7.277657091617584229e-02
6.066814810037612915e-02
-2.479583956301212311e-02
4.101670533418655396e-02
-1.403944641351699829e-01
-2.159518189728260040e-02
-5.522028729319572449e-02
-3.032153658568859100e-02
-1.393540855497121811e-02
-2.914285287261009216e-02
3.827047348022460938e-02
5.045712925493717194e-03
-3.971886262297630310e-02
-4.905807599425315857e-02
6.057068705558776855e-02
-3.466900438070297241e-02
3.301484882831573486e-02
-3.746796026825904846e-02
5.173555761575698853e-02
-3.152088075876235962e-02
-4.044362530112266541e-02
4.527616128325462341e-02
4.182687774300575256e-02
-8.524997532367706299e-02
-6.421655416488647461e-03
2.673308551311492920e-02
-3.001149185001850128e-02
3.238921239972114563e-02
-4.849096387624740601e-02
4.982332512736320496e-02
-3.779555112123489380e-02
1.270379987545311451e-03
-1.428546104580163956e-02
1.077778730541467667e-02
5.009002238512039185e-02
2.200863510370254517e-02
8.180022239685058594e-02
-4.750423505902290344e-02
-4.795806854963302612e-02
4.655783250927925110e-02
1.278815674595534801e-03
-5.879537388682365417e-02
4.381539672613143921e-02
-3.237556293606758118e-02
-1.699166488833725452e-03
-2.172037027776241302e-02
-1.005639880895614624e-01
-2.082799933850765228e-02
-9.408124722540378571e-03
-3.527116030454635620e-02
2.934525534510612488e-02
-4.634030535817146301e-02
4.118116199970245361e-02
5.694874748587608337e-02
9.881030768156051636e-03
6.583788990974426270e-02
3.490917757153511047e-02
4.716912284493446350e-02
2.593235485255718231e-02
-2.027174271643161774e-02
4.587738774716854095e-03
-7.957948371767997742e-03
1.051342934370040894e-01
-4.649316519498825073e-02
1.371864508837461472e-02
-8.794192224740982056e-03
-3.722989186644554138e-02
-5.878569558262825012e-02
5.696364492177963257e-02
-8.818782866001129150e-02
-5.469295661896467209e-03
-6.826394051313400269e-02
-1.054613664746284485e-01
9.816013276576995850e-03
-3.060915740206837654e-03
7.299236953258514404e-02
-2.722062915563583374e-02
1.650822232477366924e-03
2.951828390359878540e-02
8.761103264987468719e-03
6.322103738784790039e-02
5.627198517322540283e-02
4.745707288384437561e-02
-2.742193639278411865e-02
2.573208883404731750e-02
2.571792807430028915e-03
-2.621343918144702911e-02
-9.338913485407829285e-03
-1.356345880776643753e-02
5.405033752322196960e-02
-3.939061984419822693e-02
-5.650300998240709305e-03
6.784431636333465576e-02
-2.855021320283412933e-02
3.983006253838539124e-02
-1.912184245884418488e-02
2.353323809802532196e-02
3.035219199955463409e-02
5.988746881484985352e-03
3.845874220132827759e-02
-2.607255429029464722e-02
-7.362542301416397095e-02
4.162425175309181213e-03
-8.663613349199295044e-02
-4.813272878527641296e-02
-3.257447108626365662e-02
-9.628146141767501831e-02
3.821218386292457581e-02
-9.505226463079452515e-02
3.958477452397346497e-02
3.091488592326641083e-02
4.025542363524436951e-02
2.916546165943145752e-02
-7.099171727895736694e-02
-8.312783390283584595e-02
-1.588764414191246033e-02
6.344059109687805176e-02
1.583486236631870270e-02
6.241224333643913269e-02
-2.019899338483810425e-02
1.563564315438270569e-02
7.002019789069890976e-03
5.202551186084747314e-02
-5.114300176501274109e-02
-2.366294153034687042e-02
5.582392960786819458e-02
-2.986954711377620697e-02
6.631384789943695068e-02
-2.314266934990882874e-02
1.299273595213890076e-02
-4.289044439792633057e-02
-1.047202423214912415e-01
-2.602560259401798248e-02
-4.915331676602363586e-02
-6.979925557971000671e-03
-4.704077914357185364e-02
-3.204048052430152893e-02
-6.788463145494461060e-02
1.539846230298280716e-02
6.342317909002304077e-02
-5.585655942559242249e-02
-5.008280277252197266e-03
-2.706913277506828308e-02
-7.220990955829620361e-02
4.291255399584770203e-02
-6.329470127820968628e-02
-2.317572385072708130e-02
5.940402857959270477e-03
-4.001698270440101624e-02
4.342769831418991089e-02
8.368116803467273712e-03
-3.069741465151309967e-02
-1.042022407054901123e-01
2.582392282783985138e-02
-6.173096224665641785e-02
-6.634005345404148102e-03
1.150941252708435059e-01
-4.344678483903408051e-03
-6.454615294933319092e-02
4.428680054843425751e-03
4.011269286274909973e-02
1.989419199526309967e-02
-4.317872971296310425e-02
6.786556914448738098e-03
-1.046854071319103241e-02
-9.379414469003677368e-02
-7.685586065053939819e-02
-5.794850364327430725e-02
7.332237064838409424e-02
-1.295453682541847229e-02
-4.044588655233383179e-02
4.701534286141395569e-02
-1.072817966341972351e-01
6.489794701337814331e-02
-3.289251029491424561e-02
1.116113271564245224e-02
3.236922249197959900e-02
6.912241224199533463e-03
-5.280754342675209045e-02
2.985787391662597656e-02
5.997697636485099792e-02
2.009920217096805573e-02
2.094919048249721527e-02
9.292500466108322144e-02
3.349618986248970032e-03
-4.558840766549110413e-02
9.853488765656948090e-03
-4.573277011513710022e-02
3.490243852138519287e-02
3.800356015563011169e-02
-5.324701312929391861e-03
5.456320475786924362e-03
-3.631806746125221252e-02
1.170141529291868210e-02
4.422650486230850220e-02
-6.781132519245147705e-02
-7.059477269649505615e-02
-5.083927884697914124e-03
5.988821759819984436e-02
1.790104433894157410e-02
3.016768768429756165e-02
-3.485450521111488342e-02
-2.243085764348506927e-02
-3.234891220927238464e-02
-8.720513433218002319e-03
-7.799606770277023315e-02
3.643564134836196899e-02
1.748012937605381012e-02
2.254059724509716034e-02
4.864421859383583069e-02
-5.625756457448005676e-03
8.231030777096748352e-03
-4.706292971968650818e-02
1.017198059707880020e-02
5.538999661803245544e-02
1.128398478031158447e-01
-2.932853437960147858e-02
3.820047155022621155e-02
2.870305813848972321e-02
2.354960329830646515e-02
-7.375838607549667358e-02
1.020019315183162689e-02
-2.789303101599216461e-02
3.793600201606750488e-02
-6.543806940317153931e-02
5.280321091413497925e-02
-2.768500242382287979e-03
-3.397082164883613586e-02
4.832766950130462646e-02
-3.536534309387207031e-02
3.960026800632476807e-02
-2.421982819214463234e-03
5.345909669995307922e-02
-1.466936431825160980e-02
8.632230758666992188e-02
-1.286037918180227280e-02
8.372862823307514191e-03
1.292205788195133209e-02
-7.708647754043340683e-03
-3.016695566475391388e-02
1.561406720429658890e-02
8.866152912378311157e-02
5.556857585906982422e-02
-2.865486033260822296e-02
-4.531252384185791016e-02
5.089864134788513184e-02
-2.505193650722503662e-02
-8.144887536764144897e-02
4.098175559192895889e-03
6.304573733359575272e-03
-6.049672141671180725e-02
-5.289166048169136047e-02
-2.371197007596492767e-02
-1.826748996973037720e-02
2.055812859907746315e-03
4.265184700489044189e-02
6.585333030670881271e-03
6.897888612002134323e-03
2.129008993506431580e-02
-3.149679675698280334e-02
-1.008476223796606064e-02
-1.455122698098421097e-02
-2.827001735568046570e-02
-1.274042390286922455e-02
5.463884677737951279e-03
6.133067980408668518e-02
-1.966873370110988617e-02
1.297793583944439888e-03
-3.758236020803451538e-02
-4.043908044695854187e-02
-5.307617411017417908e-02
1.209288090467453003e-01
8.566407486796379089e-03
-6.524932105094194412e-03
-3.008450195193290710e-02
-6.471310555934906006e-02
5.116551183164119720e-03
3.847850859165191650e-02
-2.811316587030887604e-02
3.538812324404716492e-02
-6.731344014406204224e-02
-2.421478368341922760e-02
-3.389610722661018372e-02
-1.785491779446601868e-02
-2.678514085710048676e-02
5.521750450134277344e-02
-7.061447203159332275e-02
-6.360600236803293228e-03
-9.856969118118286133e-02
-5.878376960754394531e-02
-4.401626065373420715e-03
-2.999622561037540436e-02
-1.475431770086288452e-02
5.144064500927925110e-02
-1.384763792157173157e-02
8.735378086566925049e-02
1.398058701306581497e-02
2.208795398473739624e-02
6.340190023183822632e-02
5.756586417555809021e-02
-2.022800594568252563e-02
4.043158143758773804e-02
-5.149512551724910736e-03
-2.646128088235855103e-02
-4.535500332713127136e-02
-1.324488432146608829e-03
3.442982444539666176e-03
-4.167334362864494324e-02
7.801077514886856079e-02
-3.398547694087028503e-02
6.566990632563829422e-03
-1.897372119128704071e-02
6.860713940113782883e-03
2.641059830784797668e-02
2.204870805144309998e-02
-4.643729329109191895e-02
-7.345743477344512939e-02
-2.889855578541755676e-02
4.884478449821472168e-02
5.318724433891475201e-04
6.813129037618637085e-02
-9.168607741594314575e-02
1.894614659249782562e-02
-5.521985585801303387e-04
-8.110677450895309448e-02
3.900831192731857300e-02
1.192017924040555954e-03
-4.055722150951623917e-03
-3.679267689585685730e-02
-2.336018485948443413e-03
3.835808485746383667e-02
4.257771745324134827e-02
4.607217013835906982e-02
1.706228777766227722e-02
-3.346027061343193054e-02
3.264591842889785767e-02
6.756266206502914429e-02
2.293938398361206055e-02
-3.621280193328857422e-02
2.241407707333564758e-02
-4.919345304369926453e-02
-2.054700069129467010e-02
-5.226315930485725403e-03
2.384755387902259827e-02
-1.337798219174146652e-02
2.994109503924846649e-02
5.419016350060701370e-03
-2.026204578578472137e-02
-3.968809731304645538e-03
-8.268312551081180573e-03
-6.547737121582031250e-02
2.725192345678806305e-02
-4.128061607480049133e-02
-7.856316864490509033e-02
-4.916612431406974792e-02
-3.687174990773200989e-02
-5.706196278333663940e-02
4.568251222372055054e-02
6.789511442184448242e-02
-1.016586646437644958e-02
-9.879528079181909561e-04
-7.948929071426391602e-02
3.883509337902069092e-02
3.500512614846229553e-02
2.907934226095676422e-02
1.111945975571870804e-02
7.632280699908733368e-03
3.674970567226409912e-02
-9.270843118429183960e-03
6.980926729738712311e-03
2.493868395686149597e-02
4.040045291185379028e-02
1.893374882638454437e-02
-4.665197432041168213e-02
3.284056112170219421e-02
-1.475547160953283310e-02
7.739597558975219727e-02
3.439238667488098145e-02
-3.273214772343635559e-02
4.050658643245697021e-02
2.681041508913040161e-02
3.728510439395904541e-02
3.181923879310488701e-03
9.098426997661590576e-02
-4.261188954114913940e-02
-5.033722519874572754e-02
-3.331072628498077393e-02
-3.511510416865348816e-02
-8.484022319316864014e-02
3.326590731739997864e-02
-5.626238510012626648e-02
-6.216461956501007080e-02
4.342352971434593201e-03
2.079528383910655975e-02
-4.613449424505233765e-02
-4.972996190190315247e-03
3.370335698127746582e-02
-3.439590334892272949e-02
4.198578745126724243e-02
2.880277298390865326e-02
4.724995046854019165e-02
7.278437912464141846e-02
-2.795793116092681885e-02
3.846473991870880127e-02
4.645386710762977600e-02
2.871394529938697815e-02
-9.799407795071601868e-03
-4.102147184312343597e-03
7.394568622112274170e-02
-1.927599124610424042e-02
-2.209169324487447739e-03
-5.252728238701820374e-02
9.075105935335159302e-02
6.025698781013488770e-02
2.044852077960968018e-02
1.054818853735923767e-01
-4.234310239553451538e-02
3.559963777661323547e-02
4.103140160441398621e-02
-2.689492329955101013e-02
4.303082451224327087e-02
1.098362356424331665e-02
-1.833783928304910660e-03
6.608828902244567871e-02
4.999314621090888977e-02
-6.273401528596878052e-02
-4.948596283793449402e-02
-3.507241979241371155e-02
-2.811889350414276123e-02
-4.028737545013427734e-03
-1.096588093787431717e-02
-6.629966199398040771e-02
2.598650567233562469e-02
-3.328656777739524841e-02
-1.402495149523019791e-02
-9.116347879171371460e-02
3.375305235385894775e-02
-6.871442496776580811e-02
-1.280076242983341217e-02
-1.827017590403556824e-02
-7.596177607774734497e-02
6.195350363850593567e-02
-2.543158642947673798e-02
1.732973940670490265e-02
3.144747577607631683e-03
3.065980784595012665e-02
-4.644703865051269531e-02
-3.685510531067848206e-02
4.570802673697471619e-02
6.982728373259305954e-03
-8.934793062508106232e-03
3.277198597788810730e-02
3.019832447171211243e-02
6.758815795183181763e-02
7.450817525386810303e-02
-2.087379246950149536e-02
1.563127897679805756e-02
-3.161066398024559021e-02
-9.702390432357788086e-02
4.830593615770339966e-02
-4.345069825649261475e-02
1.053407266736030579e-01
5.466397851705551147e-02
-1.593049499206244946e-03
9.217696636915206909e-02
-2.972529083490371704e-02
-8.347982913255691528e-02
-1.704407669603824615e-02
-2.768507227301597595e-02
1.120156981050968170e-02
-2.965828217566013336e-02
-6.993601471185684204e-02
-1.297659277915954590e-01
2.742897346615791321e-02
1.429271604865789413e-02
-7.312671840190887451e-02
-1.078383848071098328e-01
-1.407747250050306320e-02
-2.188872918486595154e-02
1.460140803828835487e-03
-6.804526597261428833e-02
2.110798284411430359e-02
-2.091071382164955139e-02
-5.138345807790756226e-02
7.413171976804733276e-02
-4.774061962962150574e-03
3.002079948782920837e-02
4.684379324316978455e-02
1.255120005225762725e-04
2.113059349358081818e-02
-4.134123399853706360e-02
-3.665018826723098755e-02
1.111933868378400803e-02
3.349723294377326965e-02
7.644290477037429810e-02
1.936872862279415131e-02
-3.857483714818954468e-02
-4.850934445858001709e-02
-4.368116334080696106e-02
9.869608096778392792e-03
-4.639673978090286255e-02
-4.089973121881484985e-02
-2.970645390450954437e-02
1.840346492826938629e-02
4.700062330812215805e-03
6.769127678126096725e-03
-1.165548060089349747e-02
-6.337242666631937027e-04
1.315291412174701691e-02
4.714522138237953186e-02
-2.514586225152015686e-02
-1.296798046678304672e-02
-3.343821503221988678e-03
-9.714350849390029907e-02
7.708897441625595093e-02
6.012667436152696609e-03
2.677347511053085327e-02
5.194477271288633347e-04
1.162505336105823517e-02
-3.691694512963294983e-02
-4.053764790296554565e-02
-3.978737816214561462e-02
-1.083825249224901199e-02
-4.633506014943122864e-02
-4.071154072880744934e-02
-7.732848171144723892e-03
-8.701814338564872742e-03
-1.176697295159101486e-02
2.410940080881118774e-02
-3.834759071469306946e-02
6.511318031698465347e-03
-5.387137830257415771e-02
-5.992101877927780151e-02
1.770992018282413483e-02
-8.731683716177940369e-03
9.313446469604969025e-03
-4.499771073460578918e-02
9.190618991851806641e-03
5.066693201661109924e-02
2.122021652758121490e-02
5.419114604592323303e-02
-5.907735228538513184e-02
6.018798798322677612e-02
1.136247720569372177e-02
9.588030725717544556e-02
-4.076553508639335632e-02
-4.306502640247344971e-02
-2.107293403241783381e-04
-5.768935754895210266e-02
4.677789285778999329e-02
1.273608021438121796e-02
5.557825043797492981e-02
1.569071784615516663e-02
8.125098049640655518e-02
3.995027020573616028e-02
-2.946339361369609833e-02
3.414142131805419922e-02
-9.967893362045288086e-03
-5.696444958448410034e-02
-5.370125547051429749e-02
2.239293977618217468e-02
-5.642484501004219055e-02
8.999518118798732758e-03
6.749884784221649170e-02
-1.742669008672237396e-02
2.545144781470298767e-02
-1.381228398531675339e-02
3.426258265972137451e-02
6.165763828903436661e-03
-1.312122028321027756e-02
2.828319184482097626e-02
1.510915998369455338e-02
3.745227307081222534e-02
-6.602193415164947510e-02
-4.021577537059783936e-02
3.291070461273193359e-02
1.113255992531776428e-01
-1.257662326097488403e-01
1.972558349370956421e-02
-2.450829930603504181e-02
2.154443413019180298e-02
-4.920990392565727234e-02
3.910019993782043457e-02
1.077877506613731384e-01
7.595035247504711151e-03
-3.445854783058166504e-02
-3.719111531972885132e-02
-6.483234465122222900e-02
9.231648594141006470e-02
1.371080707758665085e-02
6.182774435728788376e-03
-4.546184092760086060e-02
-3.889129031449556351e-03
-4.059452563524246216e-02
-8.268176019191741943e-02
-1.992647908627986908e-02
4.849308356642723083e-02
-2.328983694314956665e-02
-4.650228843092918396e-02
2.365352399647235870e-02
2.204338461160659790e-02
-2.247812040150165558e-02
6.768225878477096558e-02
-4.563716799020767212e-02
-2.582695707678794861e-02
2.474196814000606537e-02
-3.357498720288276672e-02
1.036920677870512009e-02
-4.921694844961166382e-02
3.829364106059074402e-02
-2.273937687277793884e-02
3.778200596570968628e-02
1.560031436383724213e-02
6.859589368104934692e-02
7.166074216365814209e-02
3.823933377861976624e-02
2.360634272918105125e-03
3.518765047192573547e-02
-2.994805946946144104e-02
1.926402375102043152e-02
-2.837883774191141129e-03
4.484851378947496414e-03
6.798327714204788208e-02
-5.231084302067756653e-02
-8.186361938714981079e-02
-1.448863558471202850e-02
-2.041213400661945343e-02
-2.692336402833461761e-02
2.654480934143066406e-02
-5.118471756577491760e-02
1.459054276347160339e-02
-1.368620526045560837e-02
3.718283027410507202e-02
3.628768399357795715e-02
-7.533608376979827881e-02
6.672278046607971191e-02
3.515582531690597534e-02
-2.412622049450874329e-02
-5.192696675658226013e-02
9.549702517688274384e-04
-1.133009567856788635e-01
9.032957255840301514e-03
-1.323419809341430664e-02
-9.994528442621231079e-02
-2.588284760713577271e-02
-3.548859804868698120e-02
2.876798436045646667e-02
-3.087459690868854523e-02
5.916343256831169128e-02
-1.504021324217319489e-02
-3.884880989789962769e-02
-4.582095518708229065e-02
-2.231718413531780243e-02
8.821300230920314789e-03
-3.160626441240310669e-02
-3.377172350883483887e-02
-4.661954566836357117e-02
-4.495343938469886780e-02
-3.538430854678153992e-02
4.723289608955383301e-02
-4.002686217427253723e-02
-1.134892087429761887e-02
3.546693921089172363e-02
4.534743726253509521e-02
3.689467534422874451e-02
-5.412339419126510620e-02
-3.297617286443710327e-02
-6.339105777442455292e-03
-5.605532228946685791e-02
-3.080756403505802155e-03
-7.068309187889099121e-02
-8.555878698825836182e-02
5.721482634544372559e-02
-3.563087899237871170e-03
1.756879873573780060e-02
-5.377873405814170837e-02
3.431047499179840088e-02
3.726430702954530716e-03
-3.255331888794898987e-02
-8.245946466922760010e-02
2.484394237399101257e-02
9.284826926887035370e-03
1.208266150206327438e-02
2.353478223085403442e-02
1.485098712146282196e-02
-5.655110627412796021e-02
-4.822797700762748718e-02
7.626192271709442139e-02
4.700553789734840393e-02
8.388791978359222412e-02
-2.215507999062538147e-02
-2.144705876708030701e-02
5.164983868598937988e-02
-6.600130349397659302e-02
1.105558592826128006e-02
1.164335571229457855e-02
8.041480183601379395e-02
-5.480928346514701843e-02
2.020020037889480591e-02
-3.024192340672016144e-02
-4.494906961917877197e-02
-3.875263407826423645e-02
3.451304044574499130e-03
4.112017527222633362e-02
6.558805704116821289e-02
1.243386790156364441e-02
-2.117398194968700409e-03
-1.572686433792114258e-02
-1.854836568236351013e-02
-4.242072626948356628e-02
2.839193493127822876e-02
4.655402526259422302e-02
3.475164994597434998e-02
3.929524123668670654e-02
8.197078481316566467e-03
-3.795338422060012817e-02
5.986680462956428528e-02
-2.981149358674883842e-03
3.139727190136909485e-02
-2.904472127556800842e-02
-4.802322387695312500e-02
5.513497442007064819e-02
-4.552274197340011597e-02
3.493645414710044861e-02
3.631134168244898319e-04
-4.114146530628204346e-02
3.849758952856063843e-02
8.033881895244121552e-03
-1.574055477976799011e-02
4.992737993597984314e-02
6.367197725921869278e-03
3.307431191205978394e-02
-1.325465040281414986e-03
-6.413950771093368530e-02
-1.156724710017442703e-02
-2.779869548976421356e-02
-1.725160254864022136e-04
-1.470985542982816696e-02
-6.795298773795366287e-03
4.047124460339546204e-02
-9.362108260393142700e-02
4.907207563519477844e-02
-3.124170936644077301e-02
-1.689514704048633575e-02
1.042627170681953430e-02
2.582259476184844971e-03
-4.385325312614440918e-02
-1.756202429533004761e-02
-2.525431476533412933e-02
1.686280779540538788e-02
6.008909549564123154e-03
3.973061591386795044e-02
9.803199209272861481e-03
-3.817058727145195007e-02
3.525033593177795410e-02
8.503370732069015503e-02
-2.376157604157924652e-02
-6.079115718603134155e-02
7.687503099441528320e-02
1.301980391144752502e-02
4.633150249719619751e-02
-4.909861460328102112e-02
4.369906336069107056e-02
3.482000157237052917e-02
5.255565047264099121e-02
-2.642555162310600281e-02
5.019947141408920288e-02
-3.183698654174804688e-02
-8.909308165311813354e-02
8.648848533630371094e-02
4.904318135231733322e-03
1.194131933152675629e-02
-2.095826156437397003e-02
-5.428334325551986694e-02
-1.211652811616659164e-02
-6.831680238246917725e-02
4.245285689830780029e-02
5.758105963468551636e-02
5.315031111240386963e-02
-2.488299086689949036e-02
4.609565250575542450e-03
8.193384855985641479e-03
1.925470866262912750e-02
-8.107894659042358398e-02
1.909620687365531921e-02
