4.666487127542495728e-02
4.900737106800079346e-02
1.695756614208221436e-02
-9.980518370866775513e-03
8.447624742984771729e-02
-6.463539320975542068e-04
-2.620699815452098846e-02
-1.052074581384658813e-01
2.057249099016189575e-02
-7.659590244293212891e-02
-2.104768902063369751e-02
-1.977480202913284302e-02
-2.567393705248832703e-02
-2.802604064345359802e-02
-8.507118560373783112e-03
3.323683515191078186e-02
-5.188985913991928101e-02
-1.262205839157104492e-02
-2.530285529792308807e-02
-1.996826613321900368e-03
8.756474591791629791e-03
6.222509965300559998e-02
-3.368461970239877701e-03
-5.307746306061744690e-02
-3.467520326375961304e-02
-1.047514379024505615e-01
7.235961407423019409e-02
-3.004632517695426941e-02
-5.375426635146141052e-02
8.844090998172760010e-02
-8.910885453224182129e-02
2.057135105133056641e-02
-7.645379751920700073e-02
1.513525284826755524e-02
-1.570180244743824005e-02
-2.040217258036136627e-02
9.836141543928533792e-05
-8.225702680647373199e-03
3.429339453577995300e-02
-2.661048993468284607e-02
1.476327609270811081e-02
2.747904881834983826e-02
3.267688304185867310e-02
-1.489630085416138172e-03
-6.492818705737590790e-03
4.423654079437255859e-02
1.717603206634521484e-02
-4.765414167195558548e-03
3.759086504578590393e-02
-5.277179926633834839e-02
-2.684835344552993774e-02
-9.658558294177055359e-03
-4.352702759206295013e-03
1.842270605266094208e-02
3.670092299580574036e-02
6.895678490400314331e-02
5.343993008136749268e-02
-4.278776794672012329e-02
4.336084797978401184e-02
-5.063040927052497864e-02
-8.936680108308792114e-02
-3.923744708299636841e-02
-3.052353858947753906e-03
-3.766740113496780396e-02
2.594177238643169403e-02
3.393915668129920959e-02
1.005124002695083618e-01
-1.197939645498991013e-02
-7.211290765553712845e-03
4.733090102672576904e-02
-1.551160030066967010e-02
-5.091840401291847229e-02
-5.552577227354049683e-02
1.337409019470214844e-03
8.064781129360198975e-02
-5.218054726719856262e-02
7.406204007565975189e-03
1.568493060767650604e-02
-6.726054847240447998e-02
-1.992047578096389771e-02
1.919544860720634460e-02
-1.994227245450019836e-02
2.249679341912269592e-02
-6.145640090107917786e-02
-2.398133650422096252e-02
1.558038964867591858e-02
-5.013969168066978455e-02
3.552864119410514832e-02
1.677006855607032776e-02
3.398861736059188843e-02
-3.546040679793804884e-04
4.518125578761100769e-02
-1.102108880877494812e-02
-6.956285983324050903e-02
-1.024656579829752445e-03
6.018048524856567383e-02
8.135078847408294678e-02
6.705681979656219482e-02
-9.009190648794174194e-02
-4.599294438958168030e-02
-2.874079858884215355e-03
2.171371690928936005e-02
-6.887846160680055618e-03
-8.067741058766841888e-03
-3.404256328940391541e-02
1.240152642130851746e-01
5.829715356230735779e-02
1.098254621028900146e-01
-1.372083555907011032e-02
4.064362496137619019e-02
5.170929804444313049e-02
4.617531970143318176e-02
1.165818609297275543e-02
9.882189333438873291e-02
-3.780602244660258293e-03
8.412811160087585449e-02
-4.221038147807121277e-02
4.788916930556297302e-02
2.277612686157226562e-03
8.125317841768264771e-02
4.365358874201774597e-02
-6.467975676059722900e-03
6.714358925819396973e-02
-6.299757212400436401e-02
3.985603339970111847e-03
-1.589486189186573029e-02
-1.476228050887584686e-02
3.563638031482696533e-02
1.588656939566135406e-02
-4.325186833739280701e-03
1.090216636657714844e-02
-2.058400958776473999e-02
2.701102942228317261e-02
-6.516262143850326538e-02
1.487494911998510361e-02
-4.453535377979278564e-02
-8.015637844800949097e-02
-1.496509648859500885e-02
4.745254293084144592e-02
2.528081648051738739e-02
-1.048007532954216003e-01
-9.922099113464355469e-02
-2.232339791953563690e-02
-3.292493894696235657e-02
7.467320188879966736e-03
-1.777096465229988098e-02
-1.075189262628555298e-01
7.851047441363334656e-03
-6.316158175468444824e-02
7.740921527147293091e-02
-2.398088946938514709e-02
4.784191958606243134e-03
-8.173799514770507812e-02
6.593971699476242065e-02
9.697964787483215332e-02
6.571873277425765991e-02
-4.443766549229621887e-02
-7.435357570648193359e-02
6.196223199367523193e-03
-7.563407998532056808e-03
-6.706869602203369141e-02
3.583727777004241943e-02
3.140297159552574158e-02
-5.008493363857269287e-02
-7.544214278459548950e-02
8.432403951883316040e-02
4.752842336893081665e-02
2.686393260955810547e-02
9.996578097343444824e-03
2.553782798349857330e-02
4.017779603600502014e-02
9.253290481865406036e-03
2.335790917277336121e-02
4.134643357247114182e-03
7.601702213287353516e-02
4.015437792986631393e-03
-2.958811260759830475e-02
-4.128919169306755066e-02
3.738399595022201538e-02
-9.082474745810031891e-03
4.088932275772094727e-02
3.417938575148582458e-02
-9.271752089262008667e-02
1.451842859387397766e-02
7.460967637598514557e-03
5.318091437220573425e-02
4.439276456832885742e-02
5.138129368424415588e-02
-4.694242030382156372e-02
7.105941325426101685e-02
3.636920452117919922e-02
-1.278857514262199402e-02
-1.490521244704723358e-02
7.925201952457427979e-02
-5.367370322346687317e-02
-5.727800074964761734e-03
7.332874834537506104e-02
-1.007437892258167267e-02
3.742039203643798828e-02
1.135089527815580368e-02
2.747534774243831635e-02
-4.689890891313552856e-02
-1.599259488284587860e-02
3.422407025936990976e-04
4.120019823312759399e-02
4.880084306932985783e-04
-5.372907593846321106e-02
1.838598167523741722e-03
2.104806527495384216e-02
-7.329594809561967850e-03
-1.906052976846694946e-02
-5.060213431715965271e-02
-5.041529983282089233e-02
9.324365109205245972e-02
-1.297243591398000717e-02
8.427487686276435852e-03
1.516681350767612457e-02
-3.775373473763465881e-02
-1.155837718397378922e-02
5.580220744013786316e-02
3.553158417344093323e-02
-5.152973905205726624e-02
-1.067661717534065247e-01
-1.551291346549987793e-02
-3.164210170507431030e-02
3.146580979228019714e-02
-2.199650928378105164e-02
2.410914748907089233e-02
-1.419560145586729050e-02
7.885333150625228882e-02
-3.220752999186515808e-02
-9.744385629892349243e-02
-7.475765049457550049e-02
5.968619138002395630e-02
-7.747198641300201416e-02
3.754971921443939209e-02
8.435643278062343597e-03
-1.491789589636027813e-04
-1.209583133459091187e-01
1.883402280509471893e-02
-7.248841575346887112e-04
4.894477501511573792e-02
5.022593215107917786e-02
-1.932436227798461914e-02
5.248104222118854523e-03
-1.090505626052618027e-02
6.052312627434730530e-02
1.117804124951362610e-01
5.132940132170915604e-04
-3.516612946987152100e-02
1.359206438064575195e-02
-4.425599053502082825e-02
1.449339464306831360e-02
-4.479990340769290924e-03
6.693235039710998535e-02
5.314984172582626343e-02
3.770304098725318909e-02
-6.374504882842302322e-03
6.637168582528829575e-03
-3.850215673446655273e-02
1.721529290080070496e-02
-2.981404587626457214e-02
4.314783960580825806e-02
-3.959149494767189026e-02
-4.243168979883193970e-02
8.745802938938140869e-02
6.849483400583267212e-02
8.632235229015350342e-03
-4.268776625394821167e-02
-1.324168313294649124e-02
3.557971864938735962e-02
-9.448241442441940308e-02
8.369223028421401978e-02
-2.905314043164253235e-02
-8.609890937805175781e-02
3.639732301235198975e-02
-7.245340943336486816e-02
1.153536047786474228e-02
6.210935115814208984e-02
-9.977455250918865204e-03
-4.272351786494255066e-02
-1.147943213582038879e-01
-3.209655359387397766e-02
5.073592439293861389e-02
-3.176319226622581482e-02
-5.047535151243209839e-02
2.741052396595478058e-02
7.903793454170227051e-02
2.191339991986751556e-02
1.037867926061153412e-02
-6.215452402830123901e-02
-6.537096947431564331e-02
-3.349719196557998657e-02
6.370532512664794922e-02
-8.012466132640838623e-02
-3.329202905297279358e-02
3.584443405270576477e-02
-1.968728611245751381e-03
5.007679760456085205e-02
-2.163898572325706482e-02
-8.361076563596725464e-02
-4.343670234084129333e-02
2.426462061703205109e-02
5.333680659532546997e-02
6.228303164243698120e-02
5.528151616454124451e-02
-2.246046904474496841e-03
1.595298200845718384e-02
4.697960987687110901e-02
-5.336755141615867615e-02
-5.954020470380783081e-02
-3.793982788920402527e-02
6.865971256047487259e-03
-2.733026631176471710e-03
5.141636356711387634e-03
7.981807738542556763e-02
4.482237622141838074e-02
2.478474378585815430e-02
-2.921336889266967773e-02
-7.567374408245086670e-02
9.327200055122375488e-02
3.099581599235534668e-02
-4.651693254709243774e-02
6.265800911933183670e-04
-6.046515330672264099e-02
-1.922614872455596924e-02
-3.353045880794525146e-02
3.775298222899436951e-02
-6.122835353016853333e-02
5.556346848607063293e-02
3.166423738002777100e-02
-3.380914777517318726e-02
-6.264022737741470337e-02
-5.386201199144124985e-03
-7.135352119803428650e-03
4.003395512700080872e-02
8.873461745679378510e-03
3.439319133758544922e-02
7.480345666408538818e-03
1.332339085638523102e-02
-6.085915863513946533e-02
-4.078566282987594604e-02
-2.361863479018211365e-02
-2.613125927746295929e-02
3.642369806766510010e-02
-2.254389598965644836e-02
6.165102496743202209e-02
-3.741835243999958038e-03
-5.670504271984100342e-02
-7.134450972080230713e-02
-9.259784966707229614e-02
-3.983711451292037964e-02
-2.318889647722244263e-02
-1.961550302803516388e-02
4.154661670327186584e-02
-1.964605180546641350e-03
-4.987378418445587158e-02
1.964692212641239166e-02
3.586849430575966835e-03
-7.013574242591857910e-03
-1.208766829222440720e-02
-4.808114096522331238e-02
-2.243454568088054657e-02
2.759901806712150574e-02
-2.793983370065689087e-02
5.010990798473358154e-02
3.872020542621612549e-02
7.684080302715301514e-02
3.221010789275169373e-02
3.812507167458534241e-02
4.613979160785675049e-02
4.781413357704877853e-03
-9.256784687750041485e-04
1.276187039911746979e-02
-3.721491992473602295e-02
1.751710660755634308e-02
-1.581578515470027924e-02
-2.929153852164745331e-02
-4.592373594641685486e-02
1.987046375870704651e-02
1.937856152653694153e-02
2.511565014719963074e-02
-6.228471547365188599e-02
-6.589765101671218872e-02
-1.996747590601444244e-02
-3.823044151067733765e-02
4.984114691615104675e-02
-3.631341969594359398e-03
-4.470620676875114441e-02
-8.866341412067413330e-02
6.551214307546615601e-02
-7.865984737873077393e-02
6.156377494335174561e-02
2.354389056563377380e-02
-7.109235972166061401e-02
6.303884088993072510e-02
5.401599407196044922e-02
4.764177277684211731e-02
2.950270194560289383e-03
5.658332258462905884e-02
-1.439918484538793564e-02
8.698651567101478577e-03
3.795922920107841492e-02
-1.508931443095207214e-02
6.459213793277740479e-02
-1.010569185018539429e-01
5.239802971482276917e-02
-5.064249038696289062e-02
-3.099544160068035126e-02
6.208739057183265686e-02
6.535641849040985107e-02
4.598834738135337830e-02
-1.565339788794517517e-02
4.650106281042098999e-02
-1.156964222900569439e-03
1.236148737370967865e-02
4.302169196307659149e-03
-5.186367314308881760e-03
2.570983953773975372e-02
-3.081354871392250061e-02
1.443386077880859375e-03
2.836115472018718719e-02
-1.640442013740539551e-02
6.073495373129844666e-02
1.292747445404529572e-02
1.903656870126724243e-02
4.756939411163330078e-02
1.210703328251838684e-01
7.149524986743927002e-02
-1.764841936528682709e-02
-3.348604962229728699e-02
9.964361088350415230e-04
-6.786691397428512573e-02
6.000496819615364075e-02
4.936830140650272369e-03
5.398253351449966431e-02
-2.321030013263225555e-02
6.619827449321746826e-02
-8.801846951246261597e-02
3.477498248685151339e-04
3.555053845047950745e-02
-1.150047220289707184e-02
6.329545378684997559e-02
7.113226503133773804e-02
1.517239864915609360e-02
-9.788350015878677368e-02
4.340754356235265732e-03
5.483279377222061157e-02
1.813596859574317932e-02
-1.787937805056571960e-02
5.318204313516616821e-02
-3.136163577437400818e-02
-1.963699702173471451e-03
5.044412612915039062e-02
-7.257393002510070801e-02
-1.112635526806116104e-02
2.226662449538707733e-02
-7.508561946451663971e-03
7.435267791152000427e-03
7.745487987995147705e-02
-1.522194221615791321e-02
7.709391415119171143e-02
1.117452411563135684e-04
-7.911782711744308472e-03
9.346554055809974670e-03
-7.545635104179382324e-02
-6.552514433860778809e-02
8.575303852558135986e-02
1.807621493935585022e-02
-5.118305981159210205e-02
-2.538112550973892212e-02
-3.471443429589271545e-02
2.123542688786983490e-02
-3.693596273660659790e-02
-4.818556830286979675e-02
2.757859602570533752e-02
-5.140060558915138245e-02
-6.160649936646223068e-03
4.187792912125587463e-02
-9.896404109895229340e-03
1.561880111694335938e-02
3.022224456071853638e-02
5.498792044818401337e-03
1.148502994328737259e-02
-1.897172071039676666e-02
1.968769356608390808e-02
-1.035817433148622513e-02
1.368644367903470993e-02
-9.740332514047622681e-02
-1.803285814821720123e-02
6.814461201429367065e-02
-4.392184689640998840e-02
3.056480735540390015e-02
8.066883310675621033e-03
2.187805622816085815e-02
3.658308461308479309e-02
1.990144513547420502e-02
-1.324993558228015900e-02
3.659885376691818237e-02
-6.260478496551513672e-02
-3.347308561205863953e-02
7.023368775844573975e-02
4.534890130162239075e-02
-5.751460045576095581e-02
-8.970796316862106323e-02
2.677584998309612274e-02
2.370064705610275269e-02
3.487213281914591789e-03
-5.905484780669212341e-03
7.854443974792957306e-03
5.946471169590950012e-02
-2.921315841376781464e-02
1.839058846235275269e-02
-6.780566275119781494e-02
4.799425229430198669e-02
6.604843586683273315e-02
2.096021547913551331e-02
-3.440783545374870300e-02
-5.367624759674072266e-02
1.628210395574569702e-02
7.138282060623168945e-03
-1.679788157343864441e-02
-7.352110743522644043e-02
-4.291699267923831940e-03
6.913224607706069946e-02
6.530744582414627075e-02
-6.446880102157592773e-02
2.580919675529003143e-02
1.757207885384559631e-02
9.376071393489837646e-02
-1.638163439929485321e-02
6.316419690847396851e-02
-1.363038178533315659e-02
2.082308754324913025e-02
7.459030020982027054e-03
1.579637080430984497e-02
-2.367527596652507782e-02
2.688868902623653412e-02
-3.709872439503669739e-02
-4.946875572204589844e-02
7.792483270168304443e-02
1.488377526402473450e-02
2.635915949940681458e-02
-3.588475286960601807e-02
2.131440117955207825e-02
-2.121100114891305566e-04
-4.475657269358634949e-02
3.738702833652496338e-02
-1.676740497350692749e-02
-7.123036682605743408e-02
-5.305656045675277710e-02
-6.898838281631469727e-02
-4.556939937174320221e-03
-3.661777079105377197e-02
-3.010428976267576218e-03
5.963290110230445862e-02
-1.270478498190641403e-02
7.264523766934871674e-03
-4.382447898387908936e-02
-8.428402245044708252e-02
1.197999715805053711e-02
5.207715183496475220e-02
-1.642450690269470215e-02
3.219590336084365845e-02
5.725209414958953857e-02
3.971830941736698151e-03
4.656109586358070374e-02
1.267269551753997803e-01
-4.625333845615386963e-02
-4.188195988535881042e-02
8.573755621910095215e-02
-1.535990182310342789e-02
-1.453020051121711731e-02
-5.669499188661575317e-02
4.871985688805580139e-02
-6.918447464704513550e-02
-4.038218781352043152e-02
-2.403211221098899841e-02
2.141297236084938049e-02
-6.026218086481094360e-02
4.453277215361595154e-02
1.917633414268493652e-02
2.709352970123291016e-02
-1.433473313227295876e-03
-1.226702854037284851e-01
-3.266061842441558838e-02
-8.492613211274147034e-03
-2.441554144024848938e-02
-1.659591868519783020e-02
3.297328576445579529e-02
3.015288338065147400e-02
2.027140371501445770e-02
3.571629151701927185e-02
-1.149399019777774811e-02
2.102717012166976929e-02
-1.967354491353034973e-02
9.641709923744201660e-02
1.460453867912292480e-02
1.418806612491607666e-02
-4.196644574403762817e-02
-1.431690249592065811e-02
1.429606825113296509e-01
7.898971438407897949e-02
1.169425901025533676e-03
2.177314274013042450e-02
-5.262412503361701965e-02
4.438251629471778870e-02
4.506016150116920471e-02
-2.953413315117359161e-02
-1.567821577191352844e-02
-1.778590865433216095e-02
9.115993976593017578e-02
3.069463185966014862e-02
-3.039064630866050720e-02
3.498554974794387817e-02
1.644444465637207031e-02
6.998030003160238266e-03
1.678900094702839851e-03
7.298250496387481689e-02
3.203634917736053467e-02
-3.718881309032440186e-02
-3.627425804734230042e-02
-5.214727669954299927e-02
6.953132897615432739e-02
5.918706767261028290e-03
3.277166187763214111e-02
5.908353626728057861e-02
6.167874857783317566e-02
-2.361821755766868591e-02
-4.288705810904502869e-02
-2.181326970458030701e-02
5.257899314165115356e-02
2.695835568010807037e-02
-1.378301298245787621e-03
4.001742973923683167e-02
5.979690700769424438e-02
-6.478548049926757812e-02
-5.810094624757766724e-02
4.508094862103462219e-03
1.708938367664813995e-02
9.263452142477035522e-03
6.007181853055953979e-02
-4.816415160894393921e-02
8.410632610321044922e-03
-4.903835430741310120e-02
3.292492404580116272e-02
-3.849616274237632751e-02
7.223606575280427933e-03
-7.557075936347246170e-03
-5.982617288827896118e-02
8.097744733095169067e-02
8.241151273250579834e-02
-4.589230567216873169e-02
-5.334229767322540283e-02
-1.192950177937746048e-02
9.373430162668228149e-02
-3.141570603474974632e-03
-2.772799320518970490e-02
-1.429693400859832764e-02
2.286417968571186066e-02
-1.368212513625621796e-02
-3.865692531690001488e-03
5.682200565934181213e-02
-3.031455725431442261e-02
1.629669219255447388e-02
2.974111773073673248e-02
-4.855976440012454987e-03
1.618880406022071838e-02
1.805854775011539459e-02
9.262372553348541260e-02
-5.073573440313339233e-02
-8.526778221130371094e-02
3.108816407620906830e-02
6.234342232346534729e-02
-7.947350293397903442e-02
-1.077944505959749222e-02
-4.688131436705589294e-02
-6.036806106567382812e-02
-8.205456286668777466e-02
7.572975754737854004e-02
3.778558596968650818e-02
7.889835536479949951e-02
6.647597067058086395e-03
-6.657547503709793091e-02
-4.593671113252639771e-02
1.853570155799388885e-02
7.608551066368818283e-03
-6.049458310008049011e-02
8.008829504251480103e-02
2.455289848148822784e-02
-2.523702383041381836e-02
1.108283251523971558e-01
6.853773724287748337e-03
-5.310233682394027710e-02
-1.573058590292930603e-02
4.983160179108381271e-03
-3.122152201831340790e-02
4.196866974234580994e-02
-6.799777597188949585e-02
-9.224679321050643921e-03
3.829142078757286072e-02
-1.527533587068319321e-02
-4.228280484676361084e-02
1.399361062794923782e-02
1.158322487026453018e-02
-3.817840246483683586e-03
6.047622486948966980e-02
-4.257020726799964905e-02
-1.027111113071441650e-01
5.487968400120735168e-02
-6.552627310156822205e-03
-6.546702980995178223e-02
1.086627785116434097e-02
4.531481117010116577e-02
-4.485023021697998047e-02
-3.864146303385496140e-03
1.990066096186637878e-02
-7.300677895545959473e-02
-7.057923357933759689e-04
-7.656153291463851929e-02
-6.591920554637908936e-02
-1.872118189930915833e-02
5.316014401614665985e-03
-3.762433305382728577e-02
-1.180023141205310822e-02
-3.557016327977180481e-02
2.752139978110790253e-02
3.515264764428138733e-02
4.729489237070083618e-02
2.197961695492267609e-02
9.941961616277694702e-03
6.454281508922576904e-02
1.672440022230148315e-02
-3.662159666419029236e-02
1.456293929368257523e-02
-8.130510337650775909e-03
-5.811390653252601624e-02
-2.602545730769634247e-02
4.542803391814231873e-02
2.441770955920219421e-02
2.151457220315933228e-02
-8.472857996821403503e-03
-2.883418649435043335e-02
1.334400568157434464e-02
-8.003522455692291260e-02
1.473563909530639648e-02
-4.417254240252077579e-04
-7.475385209545493126e-04
-6.956306099891662598e-02
-1.583274267613887787e-02
-7.313251495361328125e-02
-4.157048184424638748e-03
5.584716051816940308e-02
-5.355195701122283936e-02
-1.102618351578712463e-01
-9.922314435243606567e-03
-6.942459195852279663e-02
3.752301633358001709e-02
7.133334875106811523e-02
1.572621800005435944e-02
-3.551535308361053467e-02
-7.433278113603591919e-02
5.870576133020222187e-04
-4.700497165322303772e-02
6.921681016683578491e-02
7.050848752260208130e-02
-3.834288939833641052e-02
-1.193338632583618164e-02
5.707549396902322769e-03
1.317880465649068356e-03
2.511058934032917023e-02
9.926477819681167603e-02
-5.548930168151855469e-02
-9.690545499324798584e-02
-8.112149685621261597e-02
6.424099951982498169e-02
-1.680041663348674774e-02
1.180380955338478088e-02
-7.685938477516174316e-02
2.257836051285266876e-02
1.010438543744385242e-03
5.536357313394546509e-02
5.115624517202377319e-02
2.505369111895561218e-02
-2.129109948873519897e-02
2.224154584109783173e-02
2.211320027709007263e-02
5.597484111785888672e-02
3.301328280940651894e-03
3.688204567879438400e-03
5.895002931356430054e-02
-3.693014010787010193e-02
-2.759440802037715912e-02
5.511951819062232971e-02
5.088669434189796448e-02
2.136051654815673828e-02
-7.920955866575241089e-02
7.461077719926834106e-02
3.070696815848350525e-02
-6.953261792659759521e-02
-3.758402913808822632e-02
6.205299124121665955e-02
7.160362601280212402e-02
-2.591107971966266632e-02
-6.641839630901813507e-03
-1.703689340502023697e-03
1.143153943121433258e-02
-7.957824319601058960e-02
4.779032990336418152e-02
-5.770676955580711365e-02
-6.665906310081481934e-02
-4.162571206688880920e-02
-2.069430798292160034e-02
-1.237543951719999313e-02
1.213871873915195465e-02
-7.432974409312009811e-03
9.799038525670766830e-04
-2.920957095921039581e-02
9.280065447092056274e-02
-6.764725595712661743e-02
3.593593090772628784e-02
-1.542542944662272930e-03
5.240472406148910522e-02
6.005867943167686462e-02
5.153705831617116928e-03
5.390032194554805756e-03
-2.489009313285350800e-02
-6.276408676058053970e-03
2.324953489005565643e-02
-4.612278938293457031e-02
-1.321571040898561478e-02
-4.995596781373023987e-02
2.977026440203189850e-02
-5.832615774124860764e-03
8.406449854373931885e-02
2.909179404377937317e-02
2.181274630129337311e-02
-5.580593645572662354e-02
-6.474255770444869995e-02
-9.329180419445037842e-02
-3.272729739546775818e-02
7.995560765266418457e-02
-1.469045877456665039e-03
4.082271829247474670e-02
7.814757525920867920e-02
-4.595782607793807983e-02
-5.931235104799270630e-02
-3.488304559141397476e-03
-2.537095174193382263e-02
9.140138328075408936e-02
4.833845794200897217e-02
-4.223703965544700623e-02
1.313023641705513000e-02
4.900831263512372971e-03
2.555355615913867950e-02
-1.460169814527034760e-02
-6.755170226097106934e-02
1.232347078621387482e-02
1.881084777414798737e-02
3.832003101706504822e-02
-1.025134623050689697e-01
3.116231784224510193e-02
4.427331686019897461e-02
-4.972283542156219482e-02
4.169997945427894592e-02
-4.810152947902679443e-02
5.760101228952407837e-02
-4.343280941247940063e-02
1.484673283994197845e-02
-3.693034499883651733e-02
7.073101401329040527e-02
-4.420918226242065430e-02
-5.128949508070945740e-02
-7.136230170726776123e-02
2.276539430022239685e-02
2.370554581284523010e-02
-3.753277286887168884e-02
-2.322909608483314514e-02
3.259298205375671387e-02
-4.284514859318733215e-02
2.267042174935340881e-02
2.935782074928283691e-02
4.823513329029083252e-02
-4.223256930708885193e-02
-1.781561598181724548e-02
6.468559731729328632e-04
4.720598924905061722e-03
-5.701894313097000122e-02
2.631261944770812988e-03
3.552848473191261292e-02
-6.208079401403665543e-03
-1.100709568709135056e-02
3.422571346163749695e-02
-6.990933418273925781e-02
-4.727188870310783386e-02
-4.678735509514808655e-03
-6.981436908245086670e-02
-1.106432918459177017e-02
-1.245984900742769241e-02
-7.662797812372446060e-03
4.249537829309701920e-03
-1.489428617060184479e-02
-6.175911799073219299e-02
1.041059419512748718e-01
-3.413016349077224731e-02
-1.611857302486896515e-02
-5.461483821272850037e-02
2.138879708945751190e-02
-1.443064585328102112e-02
1.809027418494224548e-02
4.772754013538360596e-02
-2.298401854932308197e-02
-4.385310783982276917e-02
5.113758891820907593e-02
-6.288681924343109131e-02
-5.608564242720603943e-02
-2.563112229108810425e-02
-9.278731048107147217e-02
-3.688497096300125122e-02
6.359867751598358154e-02
-3.224455937743186951e-02
8.462250977754592896e-02
8.899062126874923706e-02
-6.183475255966186523e-02
-1.037605945020914078e-02
-2.806381671689450741e-04
-5.499518290162086487e-02
3.822809085249900818e-02
-2.313202992081642151e-02
8.319557644426822662e-03
-5.084099713712930679e-03
-4.389546811580657959e-02
-2.349315024912357330e-02
-5.896088853478431702e-02
1.036748755723237991e-02
2.396073751151561737e-02
6.429499387741088867e-02
5.421229824423789978e-02
4.819836094975471497e-02
3.086738474667072296e-02
1.878643780946731567e-02
1.882604695856571198e-02
7.094640284776687622e-02
-7.082234323024749756e-02
-3.779529035091400146e-02
-6.242567300796508789e-02
2.263557538390159607e-02
-1.135284360498189926e-02
-6.072910764487460256e-05
-2.903189323842525482e-02
4.406023304909467697e-03
8.767451345920562744e-02
3.774167597293853760e-02
-2.106377622112631798e-03
2.093617059290409088e-02
-1.585328835062682629e-03
7.396691292524337769e-02
-3.230619803071022034e-02
-5.477780476212501526e-02
3.563319146633148193e-02
4.312966763973236084e-02
-4.425273835659027100e-02
5.107351578772068024e-03
-1.412891037762165070e-02
3.788174688816070557e-02
6.949633359909057617e-03
-3.368753194808959961e-02
-2.290420606732368469e-02
5.819340236485004425e-03
1.012474596500396729e-01
-6.808789074420928955e-02
-7.995007559657096863e-03
-2.031059004366397858e-02
-4.765157401561737061e-02
-5.577701702713966370e-02
-2.760569564998149872e-03
8.758483454585075378e-03
6.942448019981384277e-02
-7.245757430791854858e-02
-1.282001961953938007e-03
-5.603627115488052368e-02
-2.929078228771686554e-02
-5.912611261010169983e-03
2.644830197095870972e-02
1.842726953327655792e-02
7.349836081266403198e-02
-3.130548074841499329e-02
-4.450992867350578308e-02
3.079135902225971222e-02
-6.791944615542888641e-03
2.767603285610675812e-02
-3.827900066971778870e-02
2.058341912925243378e-02
-1.010923683643341064e-01
-1.764656859450042248e-03
1.458203326910734177e-02
-4.928186908364295959e-02
2.246275544166564941e-02
1.566871628165245056e-02
1.126982122659683228e-01
1.892932341434061527e-03
-2.796487137675285339e-02
3.996008634567260742e-02
2.490194980055093765e-03
5.939157679677009583e-02
5.632547289133071899e-02
-6.511764973402023315e-02
-9.092329442501068115e-02
6.545381993055343628e-02
3.832727298140525818e-02
4.498147219419479370e-02
8.245995640754699707e-02
-1.523871812969446182e-02
-9.682996571063995361e-02
-3.337088972330093384e-02
-1.386849326081573963e-03
-2.446841262280941010e-02
-1.905566197820007801e-03
-5.641152337193489075e-02
-3.658283501863479614e-03
-1.011820584535598755e-01
7.433036714792251587e-02
4.115088842809200287e-03
1.803316362202167511e-02
