-5.125566199421882629e-02
5.381660163402557373e-02
-4.600977059453725815e-03
-6.506821606308221817e-03
5.626033619046211243e-02
-3.750608861446380615e-02
-1.604184322059154510e-02
-5.315464735031127930e-02
6.539362668991088867e-02
4.145574197173118591e-02
-9.668954461812973022e-02
-1.796291023492813110e-02
-1.071964739821851254e-03
4.724970087409019470e-02
7.921754568815231323e-02
-7.372126728296279907e-02
9.890625625848770142e-02
1.586487144231796265e-02
-9.015884250402450562e-02
6.509398669004440308e-02
-6.515375524759292603e-02
2.221738221123814583e-03
8.219323121011257172e-03
-1.331829559057950974e-02
1.578221172094345093e-01
1.296066045761108398e-01
-2.054100669920444489e-02
8.305598795413970947e-02
-1.258234083652496338e-01
3.563737124204635620e-02
1.496146917343139648e-01
-6.191125512123107910e-02
-9.646559506654739380e-02
5.814599990844726562e-02
1.007693707942962646e-01
-1.269929260015487671e-01
-1.503759771585464478e-01
-1.153663620352745056e-01
-4.858309868723154068e-03
1.496049761772155762e-02
-1.703853756189346313e-01
2.073713578283786774e-02
4.262864589691162109e-03
9.011229127645492554e-02
-2.540669403970241547e-02
-1.769601553678512573e-01
1.065682396292686462e-01
-9.234275668859481812e-02
1.323513835668563843e-01
-7.037824392318725586e-02
3.196925297379493713e-02
9.249153733253479004e-02
1.706765294075012207e-01
-3.958297148346900940e-02
5.642079934477806091e-02
-6.161431595683097839e-02
-8.003418892621994019e-02
5.583043023943901062e-02
-2.201890945434570312e-02
-9.942080825567245483e-02
5.997067689895629883e-02
-1.231838837265968323e-01
1.350747514516115189e-02
-8.060384541749954224e-02
8.586123585700988770e-02
-1.124782338738441467e-01
6.797719746828079224e-02
8.672095090150833130e-02
-7.482444494962692261e-02
8.326093666255474091e-03
4.546973109245300293e-02
-1.750356554985046387e-01
1.185865420848131180e-02
-1.911565661430358887e-03
5.308979749679565430e-02
-1.098507642745971680e-02
4.450642690062522888e-02
-7.136836647987365723e-02
5.036962404847145081e-02
-3.464606031775474548e-02
-1.085159182548522949e-01
-4.555974900722503662e-02
3.245897963643074036e-02
1.677249907515943050e-03
-4.192426800727844238e-03
-4.163445159792900085e-02
-2.202348085120320320e-03
-8.025620132684707642e-02
3.909658268094062805e-02
6.894157081842422485e-02
-1.941468007862567902e-02
2.283432148396968842e-02
-4.668262973427772522e-02
1.202028989791870117e-01
-7.777443528175354004e-02
-8.186236023902893066e-02
1.086929664015769958e-01
-7.790844887495040894e-02
-1.051010265946388245e-01
-2.116373181343078613e-02
8.149658143520355225e-02
1.028837338089942932e-01
-6.441613286733627319e-02
7.577980309724807739e-02
-1.093147173523902893e-01
8.429482579231262207e-02
-1.227974146604537964e-02
-9.203930944204330444e-02
4.955291748046875000e-03
-9.545468538999557495e-02
-8.986882120370864868e-02
1.747891753911972046e-01
5.678465962409973145e-02
-2.490358054637908936e-02
-1.811037398874759674e-02
4.766136407852172852e-04
-6.588739901781082153e-02
-1.159872636198997498e-01
1.034836843609809875e-01
-7.593944668769836426e-02
-6.465053558349609375e-02
5.074835196137428284e-02
-3.007251955568790436e-02
1.326087266206741333e-01
-5.389983579516410828e-02
4.434457421302795410e-02
-1.113878488540649414e-01
-9.030523151159286499e-02
-1.730281561613082886e-01
1.794636808335781097e-02
-4.374210909008979797e-02
1.661578542552888393e-03
-1.805422268807888031e-02
9.234296530485153198e-02
2.509878389537334442e-02
1.131561994552612305e-01
1.928389072418212891e-03
-1.154458597302436829e-01
5.146836116909980774e-02
1.785569787025451660e-01
1.178042292594909668e-01
1.275497972965240479e-01
4.920974839478731155e-03
5.383240804076194763e-02
1.261245366185903549e-02
-8.381962031126022339e-02
1.133615523576736450e-02
-6.579300016164779663e-02
-8.353628963232040405e-02
-4.297361895442008972e-02
4.622852802276611328e-02
9.714166633784770966e-03
-1.171553600579500198e-02
-4.913816973567008972e-02
8.666469901800155640e-02
-8.748383074998855591e-02
1.188388094305992126e-01
-1.275507658720016479e-01
1.143435835838317871e-01
-2.756208740174770355e-02
-4.858537018299102783e-02
-1.412458568811416626e-01
1.784268170595169067e-01
-4.141395166516304016e-02
3.421241790056228638e-02
-3.691581264138221741e-02
5.488264933228492737e-02
4.255220293998718262e-02
5.067004263401031494e-02
-1.040525808930397034e-01
-3.671853989362716675e-02
-6.750323623418807983e-02
-4.080123081803321838e-02
8.441408723592758179e-02
3.849055245518684387e-02
-1.018100976943969727e-01
-1.372310668230056763e-01
-1.009083017706871033e-01
-5.225673690438270569e-02
-7.165029644966125488e-03
7.958672195672988892e-02
1.594740599393844604e-01
1.313215941190719604e-01
-6.250683218240737915e-02
1.496490538120269775e-01
1.069004908204078674e-01
-3.966587409377098083e-02
5.125677213072776794e-02
3.491429612040519714e-02
7.785218954086303711e-02
1.037744507193565369e-01
-4.064836725592613220e-02
-9.232389926910400391e-02
1.248661279678344727e-01
7.773552834987640381e-02
1.263951212167739868e-01
-2.755828388035297394e-02
-4.761432111263275146e-02
5.926908552646636963e-02
6.214549764990806580e-02
-1.595155447721481323e-01
7.049487438052892685e-03
-5.118788406252861023e-02
4.632591083645820618e-02
-9.000726789236068726e-02
1.192817464470863342e-01
5.059302225708961487e-02
1.881151460111141205e-02
7.965999096632003784e-02
-2.268320880830287933e-02
9.310764819383621216e-02
-5.672960355877876282e-02
3.593103215098381042e-02
-5.819096788763999939e-02
6.723844259977340698e-02
-2.356631495058536530e-02
4.370248317718505859e-02
4.768022522330284119e-02
-4.411035776138305664e-02
-2.812055498361587524e-02
5.772805213928222656e-02
-1.037963926792144775e-01
-1.096923947334289551e-01
-4.789661988615989685e-02
7.802518457174301147e-02
-6.324692070484161377e-02
-7.560896128416061401e-02
3.734074532985687256e-02
1.140249595046043396e-01
1.063278540968894958e-01
-5.474194884300231934e-03
-1.266001611948013306e-01
-2.009387314319610596e-02
-5.121107771992683411e-02
-9.269362688064575195e-02
-3.786894306540489197e-02
-3.555797040462493896e-02
9.452859312295913696e-02
8.075620979070663452e-02
1.681137271225452423e-02
-4.840587731450796127e-03
-9.745751507580280304e-03
-5.461221560835838318e-02
-1.194676477462053299e-02
-6.567478179931640625e-02
4.118675738573074341e-02
1.585577987134456635e-02
-1.395809184759855270e-02
-5.731232464313507080e-03
-9.242048114538192749e-02
6.644779443740844727e-02
-4.549622535705566406e-02
1.216624453663825989e-01
-9.722938388586044312e-02
-5.507234111428260803e-02
9.321790933609008789e-02
-7.083967328071594238e-03
-4.817319288849830627e-02
-3.781290352344512939e-02
-6.866987049579620361e-02
1.246955096721649170e-01
-6.477442383766174316e-02
4.530325904488563538e-02
3.934335708618164062e-02
1.123696267604827881e-01
-4.036135599017143250e-02
-1.201493083499372005e-03
1.007057446986436844e-02
-4.578593000769615173e-02
1.334429681301116943e-01
7.852196693420410156e-02
2.718277275562286377e-03
-4.716270789504051208e-02
-7.044877856969833374e-02
-1.734186410903930664e-01
-1.105757132172584534e-01
-7.864207029342651367e-02
-9.761965274810791016e-02
8.308709412813186646e-02
-1.750859059393405914e-02
-9.902831912040710449e-02
7.661276310682296753e-02
-5.011110380291938782e-02
1.682880669832229614e-01
3.011424839496612549e-02
3.017303347587585449e-02
1.648532785475254059e-02
9.954870678484439850e-03
-7.108203321695327759e-02
1.307626217603683472e-01
4.172158241271972656e-02
-1.428458932787179947e-02
-8.189830183982849121e-02
1.026619598269462585e-01
4.694105684757232666e-02
-8.080428093671798706e-02
-1.673544794321060181e-01
-5.705163255333900452e-02
-1.070138588547706604e-01
-5.084906890988349915e-02
5.061076954007148743e-02
2.041542977094650269e-01
8.018097281455993652e-02
-6.575435400009155273e-02
-7.285255938768386841e-02
-6.426368653774261475e-02
-1.920240372419357300e-01
-5.991311743855476379e-02
-8.141239732503890991e-02
-6.763613969087600708e-02
-1.306537985801696777e-01
-1.405541300773620605e-01
6.889256089925765991e-02
-1.070591807365417480e-01
3.400481119751930237e-02
5.141563341021537781e-02
-8.699238300323486328e-02
5.939797684550285339e-02
1.260016113519668579e-01
-1.682325825095176697e-02
-7.938369363546371460e-02
6.288798153400421143e-02
4.961837455630302429e-02
-1.083334907889366150e-01
-1.486375927925109863e-02
2.205879054963588715e-02
1.023816242814064026e-01
-2.447926439344882965e-02
1.431343406438827515e-01
-6.147539988160133362e-02
-3.105925582349300385e-02
-7.383193075656890869e-02
-1.072222217917442322e-01
-4.202607646584510803e-02
1.218261420726776123e-01
-1.712623387575149536e-01
8.526950329542160034e-02
1.292108297348022461e-01
-5.978783592581748962e-02
1.087679937481880188e-01
1.122085377573966980e-01
1.394333988428115845e-01
6.233331933617591858e-02
-1.616908013820648193e-01
-1.090173050761222839e-01
-4.144435748457908630e-02
1.902440749108791351e-02
5.081627890467643738e-02
-5.828953813761472702e-03
-4.922106862068176270e-02
8.941274136304855347e-02
-2.700810553506016731e-03
-2.524798037484288216e-03
-3.055618889629840851e-02
7.318978663533926010e-03
-1.630542129278182983e-01
5.793489143252372742e-02
1.402319222688674927e-02
5.385984852910041809e-02
-2.915715100243687630e-03
4.715018346905708313e-02
3.130467236042022705e-02
9.321692585945129395e-02
1.375472247600555420e-01
-6.852659583091735840e-02
7.966250926256179810e-02
-8.389937132596969604e-02
-9.698776528239250183e-03
-1.336849331855773926e-01
3.355767950415611267e-02
1.595197468996047974e-01
1.063192114233970642e-01
-1.368504017591476440e-01
5.593889951705932617e-02
-4.663032665848731995e-02
1.049568057060241699e-01
-1.359986215829849243e-01
3.739859536290168762e-02
-5.978546664118766785e-02
-2.049003168940544128e-02
-9.273965843021869659e-03
1.305510252714157104e-01
-4.681223630905151367e-02
-8.080770075321197510e-02
-1.497370451688766479e-01
2.065830677747726440e-02
-5.627075210213661194e-02
7.321330159902572632e-02
1.508813351392745972e-01
-9.697874076664447784e-03
5.768059287220239639e-03
7.351816445589065552e-02
-8.688723295927047729e-02
-1.309642344713211060e-01
8.426165580749511719e-02
4.563304781913757324e-02
-8.803520351648330688e-02
-1.679385155439376831e-01
-2.805947512388229370e-02
-6.154199317097663879e-02
1.173003241419792175e-01
9.591406583786010742e-02
-1.303446739912033081e-01
3.464188426733016968e-02
6.400895863771438599e-02
9.476783871650695801e-02
-1.715998053550720215e-01
-9.625235199928283691e-02
-4.026255384087562561e-02
-4.622393846511840820e-02
-6.555537134408950806e-02
3.546031191945075989e-02
4.195567965507507324e-02
1.930730603635311127e-02
7.916713948361575603e-04
-1.096863076090812683e-01
-1.344788540154695511e-02
-8.949524164199829102e-02
-5.625017359852790833e-02
1.348959356546401978e-01
1.077587623149156570e-02
1.586257368326187134e-01
-4.946344997733831406e-03
-7.098633795976638794e-02
-1.479250937700271606e-01
-1.413479913026094437e-02
-4.286848381161689758e-02
-4.686952009797096252e-02
-6.779503077268600464e-02
3.494673594832420349e-02
-8.145058900117874146e-02
-8.928207308053970337e-02
-1.067467331886291504e-01
-6.208078935742378235e-02
4.521490260958671570e-02
3.459434956312179565e-02
-6.225581839680671692e-02
1.100991070270538330e-01
3.161970153450965881e-02
-1.130257081240415573e-02
-1.396512985229492188e-01
6.270154565572738647e-02
1.758372187614440918e-01
-1.361871976405382156e-02
-7.238169759511947632e-02
2.055167220532894135e-02
-1.155879627913236618e-02
-1.140993610024452209e-01
-1.169947814196348190e-02
3.850112482905387878e-02
1.693666130304336548e-01
8.703372627496719360e-02
-1.939557492733001709e-03
-8.616853505373001099e-02
-8.161083608865737915e-02
4.312335327267646790e-02
-1.276974827051162720e-01
-3.348237648606300354e-02
-8.099181205034255981e-02
1.594323366880416870e-01
-3.189399465918540955e-02
4.436773061752319336e-02
-5.139021575450897217e-02
1.211102381348609924e-01
-8.499544113874435425e-03
-3.857493773102760315e-02
9.534122794866561890e-02
-1.327336281538009644e-01
-6.354344636201858521e-02
-3.922549542039632797e-03
1.339779496192932129e-01
-1.317779868841171265e-01
-1.122806370258331299e-01
3.917658701539039612e-02
4.057899117469787598e-02
-4.451960325241088867e-03
-7.147987931966781616e-02
7.284147292375564575e-02
6.982759386301040649e-02
-4.853734001517295837e-02
-1.970682293176651001e-02
8.826878666877746582e-02
-1.190429925918579102e-02
-1.605709344148635864e-01
1.318448632955551147e-01
-7.175548374652862549e-02
-6.142893061041831970e-02
-6.770683079957962036e-02
-1.885908283293247223e-02
-1.448772847652435303e-01
9.809157997369766235e-02
-1.145891621708869934e-01
-1.195286680012941360e-02
6.798492372035980225e-02
-9.755655191838741302e-03
5.935233458876609802e-02
-1.481101810932159424e-01
9.815427660942077637e-02
5.305522680282592773e-02
1.231464147567749023e-01
3.790234623011201620e-04
9.920833259820938110e-02
8.768870681524276733e-02
2.515717595815658569e-02
1.563678830862045288e-01
6.549384444952011108e-02
4.811717569828033447e-02
-1.247776746749877930e-01
2.759776264429092407e-02
5.523777008056640625e-02
7.734691258519887924e-03
1.872155666351318359e-01
8.825420588254928589e-02
1.446799188852310181e-01
1.085723266005516052e-01
-5.456317961215972900e-02
1.349493414163589478e-01
-9.377270005643367767e-03
2.828131057322025299e-02
9.054597467184066772e-02
7.456904649734497070e-02
6.574128288775682449e-03
-7.614941149950027466e-02
6.247518584132194519e-02
-9.550929069519042969e-02
6.312781572341918945e-02
-1.086622998118400574e-01
-3.950335085391998291e-02
-6.584442406892776489e-02
1.604554951190948486e-01
5.107235908508300781e-02
1.016416326165199280e-01
-1.473365277051925659e-01
3.069084836170077324e-03
1.731942743062973022e-01
6.618327647447586060e-02
1.756381988525390625e-02
-1.008625403046607971e-01
1.161956507712602615e-02
6.357519328594207764e-02
-2.388321422040462494e-02
-9.124525636434555054e-02
-9.421443939208984375e-02
1.236342415213584900e-01
-3.555542230606079102e-02
2.010794728994369507e-02
5.457603558897972107e-02
1.444477885961532593e-01
-6.585701555013656616e-02
-1.205234508961439133e-02
1.191676035523414612e-01
-4.951544106006622314e-02
1.387911587953567505e-01
-8.128527551889419556e-02
1.622601151466369629e-01
9.299477189779281616e-02
-1.354785710573196411e-01
7.941454648971557617e-03
9.173276275396347046e-02
-1.681516617536544800e-01
1.533955242484807968e-02
6.993384659290313721e-02
-2.423638664186000824e-02
-1.807611435651779175e-02
7.283676415681838989e-02
-4.820533469319343567e-02
4.777504876255989075e-02
-9.227440506219863892e-02
-8.657594770193099976e-02
-7.108565419912338257e-02
-3.491586819291114807e-02
1.349669992923736572e-01
1.158976182341575623e-01
-1.206708922982215881e-01
1.222683489322662354e-02
9.391969442367553711e-02
-1.505858451128005981e-01
4.564886912703514099e-02
1.108435094356536865e-01
-3.992839530110359192e-02
-1.495499014854431152e-01
-1.256889998912811279e-01
1.342310458421707153e-01
1.008504703640937805e-01
1.273200064897537231e-01
-3.386594355106353760e-02
-6.732977181673049927e-02
1.089655887335538864e-02
-1.430525630712509155e-01
5.880694091320037842e-02
2.217834144830703735e-01
-2.133458852767944336e-03
-1.377991437911987305e-01
2.196254394948482513e-02
-9.668994694948196411e-02
5.432040616869926453e-02
7.898698002099990845e-02
1.985488384962081909e-01
-1.465483456850051880e-01
-1.719563268125057220e-02
-8.144202083349227905e-02
-1.163372024893760681e-01
-1.375506371259689331e-01
1.022457703948020935e-01
6.092585995793342590e-02
3.686365857720375061e-02
7.493375986814498901e-02
-9.362909197807312012e-02
-4.532749298959970474e-03
1.458685249090194702e-01
-2.857089787721633911e-02
1.192997694015502930e-01
-2.175167761743068695e-02
5.478800460696220398e-02
-8.487201482057571411e-02
1.324043124914169312e-01
1.108905971050262451e-01
-8.495040982961654663e-02
-1.172580718994140625e-01
7.426576316356658936e-02
5.114227905869483948e-02
-9.510361403226852417e-02
-3.615327179431915283e-02
1.159800123423337936e-02
-1.916498504579067230e-02
-2.336253225803375244e-02
-8.053902536630630493e-02
-1.028705835342407227e-01
-1.119425892829895020e-01
-6.442566518671810627e-04
-2.599433995783329010e-02
1.375546455383300781e-01
1.422310830093920231e-03
1.250262260437011719e-01
1.152150332927703857e-01
1.379760503768920898e-01
9.936776757240295410e-02
-4.116648063063621521e-02
-2.514458447694778442e-02
-6.858777999877929688e-02
1.129010319709777832e-01
1.109184622764587402e-01
4.754858836531639099e-02
-4.179174080491065979e-02
9.268343448638916016e-02
7.678598910570144653e-02
1.106191053986549377e-01
1.045859530568122864e-01
6.738053262233734131e-02
6.675630062818527222e-02
2.142134867608547211e-02
-1.318298429250717163e-01
3.812266886234283447e-02
7.428006082773208618e-02
1.056873276829719543e-01
7.923107594251632690e-02
1.199542358517646790e-01
-2.438518218696117401e-02
-1.186555102467536926e-01
3.671342879533767700e-02
-9.444401413202285767e-02
-2.681704424321651459e-02
-1.100441813468933105e-02
-4.512383416295051575e-02
2.109803445637226105e-02
-7.553040981292724609e-02
7.436663657426834106e-02
1.022433713078498840e-01
-4.791363701224327087e-02
-5.956589058041572571e-02
-1.528145819902420044e-01
1.924954168498516083e-02
-1.190951466560363770e-01
7.504802197217941284e-02
9.230253845453262329e-02
-8.026569336652755737e-02
1.289217621088027954e-01
-2.157292515039443970e-02
9.285008162260055542e-02
-1.105022951960563660e-01
2.205262146890163422e-02
3.214235976338386536e-02
1.175675690174102783e-01
9.549468010663986206e-02
-5.223705992102622986e-02
-1.286102551966905594e-02
-1.161902397871017456e-02
-1.129781901836395264e-01
1.409614682197570801e-01
2.325863204896450043e-02
4.864034056663513184e-02
-1.402550190687179565e-01
2.808369137346744537e-02
2.262615226209163666e-02
-1.446253210306167603e-01
-3.685971722006797791e-02
-1.963615231215953827e-02
3.931423125322908163e-04
5.931398272514343262e-02
1.149882841855287552e-02
-3.058900497853755951e-02
1.253547426313161850e-02
6.256985664367675781e-02
-7.010092586278915405e-02
-1.144476309418678284e-01
6.088389828801155090e-02
8.699902147054672241e-02
1.897198893129825592e-02
-9.264665655791759491e-03
-1.919858716428279877e-02
-1.195681393146514893e-01
1.059236526489257812e-01
4.161395505070686340e-02
-8.666145056486129761e-02
-2.602786757051944733e-02
2.215971238911151886e-02
-5.823299288749694824e-02
-7.219123095273971558e-02
-8.400273509323596954e-03
-3.090891055762767792e-02
1.013378128409385681e-01
-1.334839686751365662e-02
-1.147096455097198486e-01
-7.828855514526367188e-02
7.356932759284973145e-02
-1.433795690536499023e-02
-6.089453399181365967e-02
1.837453804910182953e-02
4.929535090923309326e-03
1.280707269906997681e-01
-1.583148092031478882e-01
8.817814290523529053e-03
-6.229021027684211731e-02
-5.191897228360176086e-02
-7.069334387779235840e-03
-4.056275263428688049e-02
6.135642901062965393e-02
-1.324485242366790771e-01
6.991792470216751099e-03
3.039984405040740967e-02
-1.601528003811836243e-02
4.847718402743339539e-02
-2.060711383819580078e-02
1.180822253227233887e-01
8.617693930864334106e-02
-2.069977484643459320e-02
-9.136157482862472534e-02
7.795429974794387817e-02
7.778611779212951660e-02
1.202712580561637878e-01
5.341183021664619446e-02
4.933553934097290039e-02
-9.423156827688217163e-02
4.021722450852394104e-02
5.712369084358215332e-02
1.013824567198753357e-01
-7.677918672561645508e-02
-2.321049012243747711e-02
5.738997459411621094e-02
-5.353516340255737305e-02
3.164888545870780945e-02
4.451933875679969788e-02
7.362088561058044434e-02
5.679185688495635986e-02
1.272789388895034790e-01
-5.182779952883720398e-02
-8.920989185571670532e-02
5.983237549662590027e-02
4.952718969434499741e-03
1.343290805816650391e-01
-1.183621287345886230e-01
-1.198429688811302185e-01
6.200082600116729736e-02
1.904007792472839355e-02
-1.078029442578554153e-02
-9.456845372915267944e-02
-1.260529756546020508e-01
-7.532870024442672729e-02
1.893263123929500580e-02
1.785801537334918976e-02
-6.976605206727981567e-02
1.104837656021118164e-02
-9.194888174533843994e-03
2.822135202586650848e-02
-1.243642941117286682e-01
9.651938080787658691e-02
9.189387410879135132e-02
-4.689652845263481140e-02
-3.230222268030047417e-03
-1.257016062736511230e-01
-1.301874965429306030e-01
-1.416294872760772705e-01
-1.849031634628772736e-02
-8.047652989625930786e-02
5.613562092185020447e-02
-8.179826289415359497e-02
-8.023978210985660553e-03
8.668920397758483887e-02
7.013895362615585327e-02
-1.941211968660354614e-01
-4.538384079933166504e-02
-1.387977600097656250e-01
2.880580723285675049e-02
-4.316842555999755859e-02
6.489895284175872803e-03
3.802020102739334106e-02
1.540806740522384644e-01
-3.206742182374000549e-02
-3.178232908248901367e-02
1.304082274436950684e-01
-9.007549285888671875e-02
1.779390573501586914e-01
3.283211588859558105e-02
-1.281226277351379395e-01
-1.839155107736587524e-01
-1.540770679712295532e-01
4.332194570451974869e-03
-7.829742878675460815e-02
-8.072609454393386841e-02
-7.438250631093978882e-02
4.303483664989471436e-02
-2.771733887493610382e-02
-8.282992988824844360e-02
1.084001287817955017e-01
2.323552034795284271e-02
9.729412943124771118e-02
1.074722334742546082e-01
3.308698907494544983e-02
-1.160243898630142212e-02
-1.994372159242630005e-02
-1.071332097053527832e-01
1.464704573154449463e-01
1.047360897064208984e-01
1.042886897921562195e-01
-4.422242287546396255e-03
-2.453173510730266571e-02
5.694111809134483337e-02
7.218707352876663208e-02
3.673178330063819885e-02
-4.574772343039512634e-02
1.227825284004211426e-01
-3.588249383028596640e-04
7.049842923879623413e-02
4.644305631518363953e-02
9.340063668787479401e-03
1.702848523855209351e-01
-1.498681157827377319e-01
-9.082433767616748810e-03
-4.512008279561996460e-03
3.186230361461639404e-02
-1.755612492561340332e-01
6.560949236154556274e-02
4.186689853668212891e-03
-7.789426296949386597e-02
-5.366578325629234314e-02
-1.146571263670921326e-01
1.319248676300048828e-01
-1.597408503293991089e-01
-6.101455073803663254e-03
-5.933604761958122253e-02
1.997308246791362762e-02
1.390142440795898438e-01
-4.867017269134521484e-03
-9.340715408325195312e-02
-1.811658591032028198e-01
-1.970850490033626556e-02
-6.499063223600387573e-02
4.406775906682014465e-02
2.368587441742420197e-02
-5.201207101345062256e-02
-2.493174374103546143e-02
-8.899829536676406860e-02
-7.722890377044677734e-02
2.865435183048248291e-02
-7.686832454055547714e-03
-6.172428652644157410e-02
1.084955707192420959e-01
2.748805470764636993e-02
-3.510357812047004700e-02
-5.627267062664031982e-02
-8.011404424905776978e-02
7.978812605142593384e-02
5.752156302332878113e-02
-1.321609020233154297e-01
7.734129671007394791e-03
2.015439234673976898e-02
5.295016244053840637e-02
-1.086132004857063293e-01
2.582359872758388519e-02
-1.089379787445068359e-01
-4.831117764115333557e-02
-8.942595124244689941e-02
-1.073617264628410339e-01
5.739978328347206116e-02
1.915726810693740845e-01
5.161201581358909607e-02
-1.249078586697578430e-01
-7.154812663793563843e-02
-1.049886122345924377e-01
2.698700688779354095e-02
-9.333125501871109009e-02
-6.567648053169250488e-02
3.786017000675201416e-02
-6.445584446191787720e-02
-8.313044905662536621e-02
7.703965902328491211e-02
2.129273861646652222e-02
3.224314376711845398e-02
-1.476376205682754517e-01
1.766656637191772461e-01
-7.863578386604785919e-03
3.766839578747749329e-02
-8.546856045722961426e-02
-6.362669169902801514e-03
1.102101057767868042e-03
-1.029667630791664124e-01
2.069314243271946907e-03
-1.064217314124107361e-01
-1.220640242099761963e-01
9.950637817382812500e-03
-8.933404833078384399e-02
-1.503214836120605469e-01
7.733809947967529297e-02
1.271249819546937943e-02
2.420052327215671539e-02
1.109753474593162537e-01
8.183570951223373413e-02
-5.166259035468101501e-02
-2.885975688695907593e-02
-1.783368550240993500e-02
-3.426073119044303894e-02
-4.031506180763244629e-02
-1.015412881970405579e-01
-1.295472234487533569e-01
9.939637035131454468e-02
1.304601132869720459e-02
-8.228354901075363159e-02
5.231252312660217285e-02
3.190081194043159485e-02
-2.951564453542232513e-02
-3.038439340889453888e-02
7.171926647424697876e-02
-9.782461076974868774e-02
1.316544134169816971e-02
-6.335876882076263428e-02
5.614372715353965759e-02
-2.334528602659702301e-02
-6.976509094238281250e-02
1.030385270714759827e-01
-2.852293103933334351e-02
-6.406619399785995483e-02
4.946198686957359314e-02
-4.600650072097778320e-02
-8.207330852746963501e-02
2.950469590723514557e-02
1.432894170284271240e-02
6.812534481287002563e-02
6.790340994484722614e-04
6.769042462110519409e-02
-7.980730384588241577e-02
6.187148764729499817e-02
2.577814040705561638e-03
7.509610801935195923e-02
-8.250656537711620331e-03
2.678475342690944672e-02
-2.821053005754947662e-02
-1.034091189503669739e-01
1.352320909500122070e-01
-1.122315973043441772e-02
-2.704516798257827759e-02
1.121665239334106445e-01
-2.760299108922481537e-02
-9.751236438751220703e-02
6.776368618011474609e-02
2.029977738857269287e-03
-1.038954257965087891e-01
-1.276420503854751587e-01
-1.091738343238830566e-01
1.029262901283800602e-03
-1.005370393395423889e-01
-3.769138827919960022e-02
-4.441264271736145020e-02
9.215065091848373413e-02
-4.102701321244239807e-02
-7.577863335609436035e-02
-4.833467304706573486e-03
-1.227703317999839783e-01
-1.479606628417968750e-01
2.481571398675441742e-02
-6.031114980578422546e-02
-1.547311395406723022e-01
-2.087562717497348785e-02
6.017933785915374756e-02
1.453789919614791870e-01
2.950164116919040680e-02
8.085887879133224487e-02
2.161044627428054810e-02
4.344485327601432800e-02
-1.194338407367467880e-02
7.493010908365249634e-02
1.425854414701461792e-01
6.177968904376029968e-02
-1.935910992324352264e-02
1.966025866568088531e-02
-4.728576913475990295e-02
-1.742561310529708862e-01
-5.516311898827552795e-02
-1.519168466329574585e-01
6.349245458841323853e-02
4.049511626362800598e-02
1.351268142461776733e-01
1.066449359059333801e-01
2.753026597201824188e-02
-3.605823591351509094e-02
3.882502391934394836e-02
-1.385306864976882935e-01
-1.165412440896034241e-01
2.125251106917858124e-02
-4.781323671340942383e-02
2.836997807025909424e-02
-4.219083115458488464e-02
-1.225427389144897461e-01
9.030968695878982544e-02
1.874506324529647827e-01
