1.972912438213825226e-02
7.558299601078033447e-02
2.860304713249206543e-02
-4.633024334907531738e-03
-6.854563206434249878e-02
-2.582963183522224426e-02
-8.900044113397598267e-02
9.525032341480255127e-02
-4.671349003911018372e-02
3.338674455881118774e-02
1.718980027362704277e-03
1.749479584395885468e-02
2.712887525558471680e-02
1.335219591856002808e-01
2.739331685006618500e-02
9.192253649234771729e-02
2.338997274637222290e-02
-5.505535006523132324e-02
-2.333292365074157715e-02
4.529897868633270264e-02
-5.321055650711059570e-02
-7.226426899433135986e-02
1.001312118023633957e-02
7.539142668247222900e-02
-6.559812463819980621e-03
-4.956401139497756958e-02
-6.006258726119995117e-02
-4.104811698198318481e-02
6.654420495033264160e-02
-6.358310580253601074e-02
-3.710588812828063965e-02
-6.309421360492706299e-02
5.257406085729598999e-02
-8.010615408420562744e-02
-3.578859940171241760e-02
5.026110261678695679e-02
7.542201317846775055e-03
-1.219007000327110291e-01
1.031588464975357056e-01
1.810767129063606262e-02
9.841020405292510986e-02
-4.333781450986862183e-02
-7.357833534479141235e-02
-9.852463752031326294e-02
1.743323169648647308e-02
-1.064305305480957031e-01
-1.247998848557472229e-01
7.263480126857757568e-02
1.708639785647392273e-02
-8.189162611961364746e-02
-6.063888780772686005e-03
9.905671328306198120e-02
5.600243806838989258e-02
5.982163548469543457e-02
3.015902079641819000e-02
9.587984532117843628e-02
-7.258553057909011841e-02
2.001969330012798309e-02
-2.186505496501922607e-02
-8.068010956048965454e-02
2.469923719763755798e-02
1.169762834906578064e-01
-7.481395453214645386e-02
-8.437328040599822998e-02
-1.095017232000827789e-02
-2.943374775350093842e-02
-2.418040670454502106e-02
-3.502944111824035645e-02
1.303624361753463745e-01
-2.928833104670047760e-02
6.258729845285415649e-02
-3.544577956199645996e-02
1.072294935584068298e-01
-4.653223231434822083e-02
-1.993232965469360352e-02
-7.700058817863464355e-02
1.357551068067550659e-01
1.853066124022006989e-02
-2.866040542721748352e-02
1.553756929934024811e-02
6.808136403560638428e-02
-1.019420251250267029e-01
1.854960992932319641e-02
3.987111896276473999e-02
6.599099189043045044e-02
-9.562079608440399170e-02
-1.446259766817092896e-01
-1.199964731931686401e-01
9.238710254430770874e-02
1.348036248236894608e-02
-3.816493600606918335e-02
4.424122720956802368e-02
2.281611785292625427e-02
4.958757758140563965e-02
6.433999538421630859e-02
-2.064532972872257233e-02
-6.149242632091045380e-03
3.736802935600280762e-02
-6.990461051464080811e-02
4.387323744595050812e-03
6.384203583002090454e-02
4.870609566569328308e-02
7.922233641147613525e-02
-2.128496766090393066e-02
8.832521736621856689e-03
-8.153834193944931030e-02
2.021330222487449646e-02
-7.646675407886505127e-02
8.784832060337066650e-02
-3.078902699053287506e-02
8.654217422008514404e-02
6.688234955072402954e-02
-8.784934878349304199e-02
2.824984490871429443e-03
-1.218113750219345093e-01
9.759029000997543335e-02
-5.513584613800048828e-02
-9.354785084724426270e-02
-3.539403527975082397e-02
5.761343240737915039e-02
-9.105275571346282959e-02
2.818260528147220612e-02
7.108585536479949951e-02
-8.466228097677230835e-02
-1.264277147129178047e-03
-5.009432882070541382e-02
1.087354049086570740e-01
-8.368233591318130493e-02
1.010935567319393158e-02
-5.675207823514938354e-02
-2.438887953758239746e-03
-8.890315890312194824e-02
-1.249917373061180115e-01
-3.002295456826686859e-02
-8.267597109079360962e-02
4.070016741752624512e-02
3.883688896894454956e-02
3.325127810239791870e-02
5.128609389066696167e-02
-4.695651680231094360e-02
-6.538791209459304810e-02
1.243202686309814453e-01
-6.189404800534248352e-02
-3.915888257324695587e-03
-1.285811364650726318e-01
-1.691963896155357361e-02
7.465665042400360107e-02
-4.752763360738754272e-02
4.825190827250480652e-02
2.062834240496158600e-02
-3.808829234912991524e-03
2.231037989258766174e-02
-2.045847848057746887e-02
3.613698482513427734e-02
2.863205969333648682e-03
-1.258203666657209396e-02
-2.842734381556510925e-02
-1.115703210234642029e-01
-6.131269782781600952e-02
7.979404181241989136e-02
-8.982231467962265015e-02
-4.575219377875328064e-02
2.178812399506568909e-02
8.167101442813873291e-02
6.755954120308160782e-03
2.816007658839225769e-02
-1.386846881359815598e-02
1.169440150260925293e-02
1.042021904140710831e-02
1.436756551265716553e-01
3.106427192687988281e-02
-7.392947375774383545e-02
9.470174089074134827e-03
2.873705327510833740e-02
-4.073008894920349121e-02
-4.138793796300888062e-02
-2.035808190703392029e-02
1.713294722139835358e-02
8.993266522884368896e-02
6.326083093881607056e-02
-1.411066972650587559e-03
7.465698570013046265e-02
1.133719310164451599e-01
5.257491022348403931e-02
-1.945909485220909119e-02
3.847936633974313736e-03
-5.907027516514062881e-03
-1.622797176241874695e-02
-5.434657260775566101e-02
-7.940357923507690430e-02
3.473033383488655090e-02
1.322121731936931610e-02
-7.227025181055068970e-02
-3.806013241410255432e-02
1.099112406373023987e-01
-1.025871187448501587e-01
4.138322919607162476e-02
1.447709836065769196e-02
4.948579519987106323e-02
-4.681960120797157288e-02
-1.029376536607742310e-01
1.543940324336290359e-02
7.837696373462677002e-02
6.710208952426910400e-02
6.310995668172836304e-02
8.101125806570053101e-02
1.435674168169498444e-02
1.283659636974334717e-01
-6.880023330450057983e-02
7.195381075143814087e-02
8.780898153781890869e-02
-3.507056087255477905e-02
-2.730884589254856110e-02
4.367898032069206238e-02
3.913139924407005310e-02
-2.956735668703913689e-03
9.137491136789321899e-02
-4.387268051505088806e-02
-1.397080253809690475e-02
6.279813498258590698e-02
8.848160505294799805e-02
-4.582281038165092468e-02
6.089944764971733093e-02
-3.207472618669271469e-03
1.933266036212444305e-02
1.172121316194534302e-01
-3.959047794342041016e-02
7.363362610340118408e-02
-2.825012803077697754e-02
-1.414392329752445221e-02
1.268932968378067017e-02
-7.043708860874176025e-02
1.646959804929792881e-03
-2.822488546371459961e-02
-1.302400976419448853e-02
7.543431222438812256e-02
-4.431553930044174194e-02
-1.137927174568176270e-01
-1.239980086684226990e-01
-9.987854957580566406e-02
5.883008241653442383e-02
4.843382537364959717e-02
3.953078016638755798e-02
-7.678909599781036377e-02
8.250240236520767212e-02
-7.205933332443237305e-02
-2.648165263235569000e-02
-1.144003421068191528e-01
2.368493564426898956e-02
2.420839620754122734e-03
5.195296928286552429e-02
-9.607140719890594482e-02
-8.306461572647094727e-02
-1.036414280533790588e-01
-5.717055127024650574e-02
-1.406569778919219971e-02
-4.171023517847061157e-02
-4.036303609609603882e-02
4.348555952310562134e-02
-8.808592706918716431e-02
-5.172563344240188599e-02
-8.332221955060958862e-02
8.375009521842002869e-03
5.624838545918464661e-02
-3.689846768975257874e-02
7.142378389835357666e-02
1.889115758240222931e-02
8.049254864454269409e-02
6.918079406023025513e-02
-1.439546234905719757e-02
6.254088878631591797e-02
1.195972338318824768e-01
1.573400385677814484e-02
8.693666756153106689e-02
-6.529209204018115997e-03
4.580991342663764954e-02
-1.030334085226058960e-02
5.187922623008489609e-03
-4.726757854223251343e-02
2.468628808856010437e-02
7.152802310883998871e-03
6.613988429307937622e-02
-2.085305377840995789e-02
-1.020282879471778870e-01
-9.632118046283721924e-02
8.481420576572418213e-02
1.387397944927215576e-02
-1.437278687953948975e-01
4.586011543869972229e-02
-1.617581024765968323e-02
5.512753874063491821e-02
6.803251802921295166e-02
-3.565901145339012146e-02
4.546009376645088196e-02
5.133411288261413574e-02
-1.057301908731460571e-01
-7.658867537975311279e-02
-1.369129270315170288e-01
-7.636244595050811768e-02
1.096117869019508362e-01
-5.718063190579414368e-02
-6.148700043559074402e-02
7.159733772277832031e-02
-2.675638161599636078e-02
-3.028179751709103584e-03
3.970587160438299179e-03
-7.953242957592010498e-02
1.657016575336456299e-01
-8.326230943202972412e-02
-3.294961899518966675e-02
8.561869710683822632e-02
-5.964641459286212921e-03
-5.169585347175598145e-02
-1.582604274153709412e-02
-5.452883988618850708e-02
-3.549939487129449844e-03
1.748958975076675415e-02
-1.168792471289634705e-01
-2.563850954174995422e-02
7.208348810672760010e-02
8.265409618616104126e-02
8.176783472299575806e-02
1.066736876964569092e-02
-6.690059602260589600e-02
-1.151589900255203247e-01
-7.358648627996444702e-02
7.409515790641307831e-03
1.289478689432144165e-01
-1.155359148979187012e-01
-4.845338873565196991e-03
-5.082856863737106323e-02
8.976743370294570923e-02
-1.215552538633346558e-01
-2.383822109550237656e-03
4.132473096251487732e-02
2.770524844527244568e-02
-2.717001363635063171e-02
3.988628089427947998e-02
-2.232324890792369843e-02
-9.285480529069900513e-02
1.044346112757921219e-02
-7.689303159713745117e-02
2.990557625889778137e-02
-6.491486728191375732e-02
-1.742285117506980896e-02
2.867571078240871429e-02
4.823682457208633423e-02
4.713211953639984131e-02
-1.440920531749725342e-01
-4.816669225692749023e-02
7.245358079671859741e-02
-3.068617545068264008e-02
-1.460297852754592896e-01
-4.087210819125175476e-02
-1.953800953924655914e-02
-5.640345811843872070e-02
7.244422286748886108e-02
-6.236336380243301392e-02
-9.845016151666641235e-02
4.193996079266071320e-03
-2.324369177222251892e-02
3.855384513735771179e-02
-2.420217171311378479e-02
-8.061689138412475586e-02
5.323604866862297058e-02
1.755750551819801331e-02
-6.018071249127388000e-02
1.236606836318969727e-01
-1.371725369244813919e-02
6.160523742437362671e-02
-5.607735365629196167e-02
-7.392389327287673950e-02
-6.665907055139541626e-02
1.040609106421470642e-01
-7.295781373977661133e-02
2.459887228906154633e-02
9.331645071506500244e-02
-3.385717794299125671e-02
7.008834183216094971e-02
-6.805493682622909546e-02
2.683028951287269592e-02
4.526492953300476074e-02
1.064780354499816895e-01
-5.152232199907302856e-02
3.819281607866287231e-02
-6.616242229938507080e-02
-1.214635595679283142e-01
-6.895865499973297119e-02
4.732967168092727661e-02
-1.772542670369148254e-02
4.539319872856140137e-02
-6.624556332826614380e-02
-8.139738440513610840e-02
7.491503655910491943e-02
-2.207064256072044373e-02
3.999553155153989792e-03
1.327271759510040283e-01
-4.377344995737075806e-02
9.992933273315429688e-02
-5.817029625177383423e-02
1.107511520385742188e-01
8.762446045875549316e-02
-4.621123522520065308e-02
-7.199119031429290771e-02
-3.719129413366317749e-02
9.389696642756462097e-03
3.315884619951248169e-02
-8.549882471561431885e-02
-1.306121237576007843e-02
9.399528801441192627e-02
4.032788053154945374e-02
7.255607098340988159e-02
4.566940478980541229e-03
-8.362275548279285431e-03
-2.735412679612636566e-02
2.708581462502479553e-02
2.756368741393089294e-02
-2.162833139300346375e-02
6.197559647262096405e-03
-9.941779077053070068e-02
-1.519055366516113281e-01
-9.378365427255630493e-02
2.113913558423519135e-02
-7.980091869831085205e-02
6.079584360122680664e-03
4.683601483702659607e-02
-1.354625821113586426e-01
8.339307270944118500e-03
5.419822409749031067e-02
1.502393931150436401e-02
8.126291632652282715e-02
-4.374796152114868164e-02
-1.017534756101667881e-03
9.224759414792060852e-03
-2.705322578549385071e-02
-8.882192522287368774e-02
-2.459023334085941315e-02
2.858236432075500488e-02
2.294887043535709381e-02
9.081684798002243042e-02
-2.589617623016238213e-03
9.391624480485916138e-03
9.544452279806137085e-02
-4.824466258287429810e-02
-2.891998551785945892e-02
-1.151537057012319565e-02
3.956642374396324158e-02
-5.460755899548530579e-02
-5.419665016233921051e-03
-6.888647563755512238e-03
9.479250013828277588e-02
-2.333507500588893890e-02
1.859618700109422207e-03
-1.123173609375953674e-01
-7.125790417194366455e-02
-5.997959524393081665e-02
-3.869553282856941223e-02
-5.091781541705131531e-02
1.775788702070713043e-02
-1.989951282739639282e-01
8.118147403001785278e-02
-1.562135517597198486e-01
8.184477686882019043e-02
1.502371579408645630e-02
-1.380429975688457489e-02
2.184765972197055817e-02
-9.232570230960845947e-02
6.540131568908691406e-02
8.339964598417282104e-02
7.641535997390747070e-02
4.586167261004447937e-02
1.287183165550231934e-02
-5.768431350588798523e-02
3.624190017580986023e-02
8.802585303783416748e-02
-5.355532094836235046e-02
-6.650537997484207153e-02
-1.629552617669105530e-02
1.367603242397308350e-02
1.251439005136489868e-02
1.003394350409507751e-01
-9.686633199453353882e-02
-1.031566038727760315e-01
3.154421597719192505e-02
3.424020856618881226e-02
-2.389870956540107727e-02
-4.838376119732856750e-02
-6.386452913284301758e-02
1.110805496573448181e-01
7.381202280521392822e-02
1.880714320577681065e-03
-8.663713186979293823e-02
-6.086225435137748718e-02
1.193026527762413025e-01
3.841959312558174133e-02
1.385359317064285278e-01
6.816872209310531616e-02
4.231230355799198151e-03
-7.144384086132049561e-02
1.224622577428817749e-01
1.042023766785860062e-02
-8.480351418256759644e-02
-7.175604254007339478e-02
-3.687854856252670288e-03
1.696889474987983704e-02
-3.035404160618782043e-02
7.114170584827661514e-03
-8.625279366970062256e-02
-2.360807359218597412e-02
7.315413095057010651e-03
6.126178894191980362e-03
-2.353268908336758614e-03
8.535138517618179321e-02
1.841010339558124542e-02
-1.159979924559593201e-01
-6.503397971391677856e-02
-2.535871602594852448e-02
2.739992365241050720e-02
-6.743153184652328491e-02
8.341118809767067432e-04
-1.327773928642272949e-02
1.469199638813734055e-02
-6.530106812715530396e-02
8.923630416393280029e-02
3.583577275276184082e-02
9.457919746637344360e-02
8.809100091457366943e-02
-1.014534682035446167e-01
-4.427999258041381836e-02
-2.064190804958343506e-02
-1.027554124593734741e-01
-5.605568364262580872e-02
-1.448955666273832321e-02
1.497309189289808273e-02
1.290360540151596069e-01
-1.840135455131530762e-02
-5.558364465832710266e-02
-3.318690508604049683e-02
8.168157190084457397e-02
1.140787154436111450e-01
-2.710258588194847107e-02
-4.538778215646743774e-02
6.893448531627655029e-02
-1.626638770103454590e-01
6.182665377855300903e-02
-1.197077035903930664e-01
4.509245231747627258e-02
-4.897202923893928528e-02
-7.171750068664550781e-02
1.444144546985626221e-02
-6.232441216707229614e-02
6.557907909154891968e-02
-6.525228917598724365e-02
8.295128494501113892e-02
-3.765447065234184265e-02
-2.334749698638916016e-02
-2.046255208551883698e-02
-4.157489631325006485e-03
2.175011299550533295e-02
-8.550695329904556274e-02
5.700268596410751343e-02
-5.934238288318738341e-05
7.321983575820922852e-03
7.020907104015350342e-02
3.772553754970431328e-03
9.871746599674224854e-02
-5.313083529472351074e-03
2.620818279683589935e-02
-1.079474538564682007e-01
4.192944243550300598e-02
7.484400179237127304e-03
-6.780052930116653442e-02
-1.099839061498641968e-01
6.809214502573013306e-02
-1.017257943749427795e-01
1.017414927482604980e-01
-1.435379683971405029e-02
2.921721711754798889e-02
7.275970280170440674e-02
5.922336503863334656e-02
8.749723201617598534e-04
-1.626941375434398651e-02
-7.965304702520370483e-02
8.626838028430938721e-02
2.577907405793666840e-02
7.381994277238845825e-02
-9.358843415975570679e-02
9.615913149900734425e-04
-7.536661811172962189e-03
3.373091667890548706e-02
6.508953869342803955e-02
5.070212297141551971e-03
-1.334466934204101562e-01
3.640072792768478394e-02
-6.645742803812026978e-02
1.023100242018699646e-01
-5.747663974761962891e-02
1.054177433252334595e-02
5.107077956199645996e-02
5.435641855001449585e-03
2.674832381308078766e-02
1.767889037728309631e-02
7.639938499778509140e-03
-7.495293766260147095e-02
7.679718732833862305e-02
-7.888673245906829834e-02
5.560032278299331665e-02
7.562436908483505249e-02
-6.751000881195068359e-02
-3.055148757994174957e-03
-8.900241553783416748e-02
1.247160807251930237e-01
-1.070014853030443192e-02
2.010868862271308899e-02
-3.989708051085472107e-02
-1.989522203803062439e-02
1.004930119961500168e-02
-1.941841691732406616e-01
3.556926175951957703e-02
-5.008285120129585266e-02
-3.441692143678665161e-02
-5.692474171519279480e-02
-2.947765029966831207e-02
-1.097308564931154251e-02
-5.843918770551681519e-03
8.604601770639419556e-02
3.732446953654289246e-02
-1.009547524154186249e-02
1.137372106313705444e-01
-7.127688825130462646e-02
6.457857787609100342e-02
1.042823195457458496e-01
-7.108701765537261963e-02
3.684969991445541382e-02
-1.093221902847290039e-01
-1.078844815492630005e-01
-1.166977547109127045e-02
-9.906549751758575439e-02
-3.874723985791206360e-02
-6.071842275559902191e-03
2.078546397387981415e-02
1.148221269249916077e-01
5.669892579317092896e-02
-8.089469373226165771e-02
7.444727420806884766e-02
3.261939436197280884e-02
4.947524517774581909e-02
5.343096330761909485e-02
-7.154777646064758301e-03
-8.887390792369842529e-02
-1.031282544136047363e-01
2.654618956148624420e-02
-2.483671158552169800e-02
-3.471408039331436157e-02
-1.597953960299491882e-02
1.170483604073524475e-01
-1.009354367852210999e-01
9.911197423934936523e-02
3.378792479634284973e-02
8.034034073352813721e-02
-1.651934348046779633e-02
1.041121631860733032e-01
-2.984950505197048187e-02
3.176172822713851929e-02
-4.315767437219619751e-02
-4.319794476032257080e-03
7.172574102878570557e-02
1.194054856896400452e-01
-2.938693389296531677e-02
-3.913138061761856079e-02
2.796974778175354004e-02
2.176330797374248505e-02
-5.520425364375114441e-02
-8.308636024594306946e-03
7.028208673000335693e-02
-7.235705852508544922e-02
4.669261351227760315e-02
6.977408379316329956e-02
1.026595458388328552e-01
-1.179461926221847534e-01
4.329447820782661438e-02
-4.703832417726516724e-02
-1.168224401772022247e-02
7.058254629373550415e-02
1.109977215528488159e-01
6.359237432479858398e-02
1.066292636096477509e-02
2.873603999614715576e-02
6.754022836685180664e-02
2.769951894879341125e-02
1.049241796135902405e-01
1.293675601482391357e-01
9.205660969018936157e-02
-1.517428644001483917e-02
1.187815442681312561e-01
9.009640663862228394e-02
7.907082140445709229e-02
9.040047228336334229e-02
-4.657914489507675171e-02
-3.167167305946350098e-02
6.738346070051193237e-02
3.524345904588699341e-02
9.467638097703456879e-03
-2.151053026318550110e-02
6.259129196405410767e-02
-1.053065061569213867e-04
-2.244484610855579376e-02
-1.749569550156593323e-02
-3.606159985065460205e-02
1.888170465826988220e-02
-1.220443695783615112e-01
2.481642179191112518e-02
1.486888062208890915e-02
-6.238285824656486511e-02
1.988691277801990509e-02
-5.476902052760124207e-02
1.216135472059249878e-01
-1.193443965166807175e-02
-5.720381066203117371e-02
2.203122153878211975e-02
2.375483699142932892e-02
-3.736119717359542847e-02
-2.587072178721427917e-02
3.723505884408950806e-02
7.121849060058593750e-02
-8.100930601358413696e-02
8.289985358715057373e-02
-4.469773918390274048e-02
5.426577478647232056e-02
8.300296217203140259e-02
-1.126971375197172165e-02
1.479661911725997925e-01
7.636673003435134888e-02
1.069596689194440842e-02
-1.487361043691635132e-01
-7.180623710155487061e-02
-1.325895637273788452e-01
1.991035416722297668e-02
1.396837271749973297e-02
1.490775309503078461e-02
-7.914872467517852783e-02
-8.702471107244491577e-02
-1.114193070679903030e-02
7.924041152000427246e-02
-4.367646202445030212e-02
1.682958193123340607e-02
2.971041761338710785e-02
-1.116869896650314331e-01
6.358314305543899536e-02
9.113577753305435181e-02
4.116262495517730713e-02
-1.606519520282745361e-02
1.705024763941764832e-02
1.635092347860336304e-01
1.315538883209228516e-01
-1.055330783128738403e-01
-1.730956137180328369e-02
3.060992993414402008e-02
6.429158896207809448e-02
1.469496190547943115e-01
-7.578678429126739502e-02
-4.103489592671394348e-02
-3.408179804682731628e-02
1.761738397181034088e-02
1.972305821254849434e-03
7.178092747926712036e-02
-3.855888918042182922e-02
-7.620470225811004639e-02
-7.203872315585613251e-03
-9.481266885995864868e-02
-1.926882192492485046e-02
5.579696968197822571e-02
-9.145198389887809753e-03
5.835488438606262207e-02
-5.111233144998550415e-02
6.143560260534286499e-02
1.041794046759605408e-01
-6.028766185045242310e-02
-5.876678228378295898e-02
-1.004303246736526489e-01
-8.798310160636901855e-02
7.171016186475753784e-02
-9.358000755310058594e-02
-2.160728536546230316e-02
8.749551326036453247e-02
-4.444108158349990845e-02
2.717040479183197021e-02
-9.821478277444839478e-02
-1.365958154201507568e-02
-9.946065954864025116e-03
-6.085629388689994812e-02
-2.326797507703304291e-02
3.442440181970596313e-02
-8.813382126390933990e-03
-2.275658585131168365e-02
-6.722331047058105469e-02
-9.245146811008453369e-02
-7.059922814369201660e-02
-5.767687037587165833e-02
-2.834757231175899506e-02
-9.148731827735900879e-03
6.494381278753280640e-02
-7.879468612372875214e-03
-3.009104356169700623e-02
8.238678798079490662e-03
1.559987664222717285e-03
-7.397397607564926147e-02
-4.351312667131423950e-02
4.650530964136123657e-02
-3.732815757393836975e-02
2.572827413678169250e-02
9.067313373088836670e-02
5.161006003618240356e-02
2.915489114820957184e-02
-5.008463934063911438e-02
-1.355358678847551346e-02
-8.470280095934867859e-03
9.459318965673446655e-02
2.713412046432495117e-02
-9.720748662948608398e-02
-8.956728130578994751e-02
1.023122072219848633e-01
4.119705408811569214e-02
-1.750742644071578979e-02
-2.450717613101005554e-02
-4.082775861024856567e-02
-8.918403834104537964e-02
7.052020728588104248e-02
-5.483466386795043945e-02
-7.035259157419204712e-02
-4.114149510860443115e-02
-2.615261636674404144e-02
-4.342380538582801819e-02
3.712833672761917114e-02
6.212112307548522949e-02
-2.223488315939903259e-02
6.131137162446975708e-02
-2.522867871448397636e-03
-1.203943323343992233e-02
-6.459235399961471558e-02
-1.376059204339981079e-01
5.385308712720870972e-02
-5.315142869949340820e-02
-3.620182722806930542e-02
1.835030317306518555e-02
1.049702018499374390e-01
6.675801426172256470e-02
3.371989727020263672e-02
-9.700985252857208252e-02
1.339092291891574860e-02
1.749363914132118225e-02
-5.989103391766548157e-02
-4.478422924876213074e-02
8.673949539661407471e-02
-5.063313245773315430e-02
-1.416572183370590210e-01
-1.819879934191703796e-02
-9.051717072725296021e-02
9.507486596703529358e-03
3.022961877286434174e-02
-1.377371251583099365e-01
-4.924440011382102966e-02
8.924502134323120117e-02
2.853811345994472504e-02
9.898744523525238037e-03
-5.037369579076766968e-02
3.921188786625862122e-02
-9.055796265602111816e-02
1.380694191902875900e-02
-1.223568171262741089e-01
-8.299163728952407837e-02
-7.293120771646499634e-02
-8.442117273807525635e-02
-5.021478608250617981e-02
-4.179947450757026672e-02
-4.390678927302360535e-02
9.787829592823982239e-03
-5.997199937701225281e-02
6.176694110035896301e-02
8.062605559825897217e-02
-8.197278529405593872e-02
-1.536493450403213501e-01
-1.665985956788063049e-02
-5.920616537332534790e-02
1.381881814450025558e-02
4.708471707999706268e-03
1.577741466462612152e-02
-3.519527986645698547e-02
-5.073137953877449036e-02
1.358022987842559814e-01
-8.823548257350921631e-02
-1.017873063683509827e-01
-3.470347728580236435e-03
2.912391349673271179e-02
9.941637516021728516e-02
-5.894801579415798187e-03
6.804901175200939178e-03
-9.695815853774547577e-03
-1.009544730186462402e-02
-4.031278938055038452e-02
3.854740411043167114e-02
-4.673001915216445923e-02
6.702809780836105347e-02
-5.118161439895629883e-02
-1.044894084334373474e-01
5.311028286814689636e-02
5.129937455058097839e-02
1.148109585046768188e-01
-4.117261245846748352e-02
-9.491613134741783142e-03
5.514426156878471375e-02
-1.036409586668014526e-01
1.511516701430082321e-02
-1.357244513928890228e-02
2.887654677033424377e-02
6.258369982242584229e-02
1.392845064401626587e-03
-1.738773472607135773e-02
7.550555281341075897e-03
-6.458055973052978516e-02
1.081802509725093842e-02
-3.538438677787780762e-02
1.432246249169111252e-02
9.342239797115325928e-02
3.819163143634796143e-02
1.395733803510665894e-01
3.290554881095886230e-02
-2.952179871499538422e-02
4.742490127682685852e-02
4.441136121749877930e-02
-2.810327336192131042e-02
-8.943307399749755859e-02
1.032345071434974670e-01
9.794061072170734406e-03
8.992867171764373779e-02
1.880331709980964661e-02
6.873632967472076416e-02
7.032799720764160156e-02
4.503247141838073730e-02
-8.177648484706878662e-02
9.013537317514419556e-02
-5.505135655403137207e-02
-8.528384566307067871e-02
-5.498658865690231323e-02
-3.403832763433456421e-02
7.556350529193878174e-02
-7.282213121652603149e-02
-1.270903088152408600e-02
-1.020640358328819275e-01
-7.828041911125183105e-03
1.007342338562011719e-01
-1.060175895690917969e-02
-4.175848327577114105e-03
1.109844911843538284e-02
5.819188430905342102e-02
-9.213219583034515381e-02
-1.842861622571945190e-02
1.605741120874881744e-02
7.467152178287506104e-02
-2.863804437220096588e-02
-4.771341755986213684e-02
1.139375567436218262e-01
5.808565020561218262e-02
-8.551241457462310791e-02
9.678379446268081665e-02
3.133255289867520332e-03
7.006332278251647949e-02
-9.523043036460876465e-02
-8.539725840091705322e-02
-9.122315794229507446e-02
-1.109222993254661560e-01
-1.226718872785568237e-01
-1.656310856342315674e-01
-1.709577292203903198e-01
-1.620744168758392334e-01
1.066776290535926819e-01
-1.477828472852706909e-01
-7.304543163627386093e-03
-1.045798882842063904e-01
-2.090354822576045990e-02
6.011919118463993073e-03
-6.917394697666168213e-03
-4.253897070884704590e-02
-2.619106508791446686e-02
8.683431148529052734e-02
8.138875663280487061e-02
7.260896265506744385e-02
7.078152149915695190e-02
-6.649101525545120239e-02
4.085928946733474731e-02
-9.190181642770767212e-02
-1.395181417465209961e-01
-4.559090733528137207e-02
1.573574170470237732e-02
7.419029623270034790e-02
-1.003211736679077148e-01
6.607188284397125244e-02
-5.663676653057336807e-03
4.589003510773181915e-03
-6.420967727899551392e-02
-5.588431283831596375e-02
4.466392844915390015e-02
3.325833380222320557e-02
-1.674681529402732849e-02
9.489016979932785034e-02
-7.398462388664484024e-03
1.026729941368103027e-01
-1.330069638788700104e-02
1.205672603100538254e-02
-3.958425018936395645e-03
7.519396394491195679e-02
1.148954629898071289e-01
-1.131285168230533600e-02
-1.160387508571147919e-02
-1.037870422005653381e-01
-2.089031040668487549e-02
-9.207364916801452637e-02
4.932589083909988403e-02
-6.588139384984970093e-02
5.229709297418594360e-02
6.208398938179016113e-02
1.318736672401428223e-01
3.613573312759399414e-02
-1.937170699238777161e-02
