7.929948717355728149e-02
-5.085859820246696472e-02
6.809192150831222534e-02
-1.483898144215345383e-02
1.878968924283981323e-01
-1.533648222684860229e-01
-2.788767777383327484e-02
-1.109703555703163147e-01
-1.818944662809371948e-01
1.809002608060836792e-01
9.175542742013931274e-02
8.942595869302749634e-02
-6.568371504545211792e-02
-9.266509860754013062e-02
-1.333270967006683350e-02
-6.255010957829654217e-04
-5.108060315251350403e-02
-1.469066087156534195e-02
-1.117638871073722839e-02
-5.301883444190025330e-02
7.428740710020065308e-02
4.251514747738838196e-02
1.725435256958007812e-01
-2.725865505635738373e-02
1.704321242868900299e-02
-8.313391357660293579e-02
-1.180261094123125076e-02
-2.676644921302795410e-02
2.864231169223785400e-02
6.568043678998947144e-02
4.681044816970825195e-02
-5.682988092303276062e-02
-1.585943438112735748e-02
1.097431704401969910e-01
-7.574274390935897827e-02
2.709475718438625336e-02
-7.428698986768722534e-02
-4.384815692901611328e-02
9.039811044931411743e-02
-2.028670720756053925e-02
8.111583441495895386e-02
7.671707123517990112e-02
-3.948730230331420898e-02
-2.968532778322696686e-02
3.000915050506591797e-02
-8.337254077196121216e-02
1.793163083493709564e-02
-5.903707072138786316e-02
-6.655511260032653809e-02
-8.754650503396987915e-02
-2.277288585901260376e-02
2.602668665349483490e-02
-4.340617731213569641e-02
4.948594048619270325e-02
-4.840777441859245300e-02
1.477014571428298950e-01
5.944524332880973816e-02
1.173254251480102539e-01
1.759513840079307556e-02
-1.475346684455871582e-01
-1.287829875946044922e-01
-1.736892201006412506e-02
-3.422395884990692139e-02
6.617838982492685318e-03
-1.672360301017761230e-02
-6.361445039510726929e-02
4.490392282605171204e-02
1.130058765411376953e-01
7.460092660039663315e-03
7.205978035926818848e-03
-7.957721501588821411e-02
-1.538065075874328613e-02
-1.239542588591575623e-01
-5.032299458980560303e-02
1.265159994363784790e-01
-7.229349762201309204e-02
-5.156335234642028809e-02
-7.048518955707550049e-02
1.586634665727615356e-01
1.701054126024246216e-01
-5.772387981414794922e-02
-6.771027296781539917e-02
-9.951096028089523315e-02
5.391419306397438049e-02
-1.285916566848754883e-01
5.330207571387290955e-02
-2.937907725572586060e-02
-1.349034458398818970e-01
1.019397601485252380e-01
7.684777025133371353e-03
-6.151286140084266663e-02
-4.670085012912750244e-02
-1.363077908754348755e-01
4.037724807858467102e-02
4.549423698335886002e-03
2.861110307276248932e-02
2.124044299125671387e-02
-7.977653294801712036e-02
9.723975509405136108e-02
-1.648352108895778656e-02
5.927151441574096680e-02
-1.181439086794853210e-01
-3.623953089118003845e-02
2.047673612833023071e-02
8.758879266679286957e-03
-1.493303626775741577e-01
-1.450639497488737106e-02
4.141032323241233826e-02
-6.954689323902130127e-02
1.311648935079574585e-01
-5.556380376219749451e-02
-5.322204902768135071e-02
5.152246356010437012e-02
7.595998048782348633e-02
8.028975874185562134e-02
4.149259254336357117e-02
7.999607920646667480e-02
3.912764415144920349e-02
-3.622492076829075813e-03
-8.635619282722473145e-02
1.313915997743606567e-01
6.474607437849044800e-02
4.640387371182441711e-02
-5.571674928069114685e-02
-8.779425173997879028e-02
-1.335497349500656128e-01
-5.379916355013847351e-02
-4.374556615948677063e-02
1.080048456788063049e-01
6.794653087854385376e-02
7.708070427179336548e-02
-6.235256418585777283e-02
1.585918129421770573e-03
-3.829809604212641716e-03
8.163774013519287109e-02
1.524787843227386475e-01
-5.553934350609779358e-02
9.662232547998428345e-02
-1.193420961499214172e-01
-1.568819880485534668e-01
-3.532299771904945374e-02
1.202528253197669983e-01
-3.926525358110666275e-03
1.473778951913118362e-02
8.081207424402236938e-02
-1.508755534887313843e-01
-3.177430480718612671e-02
-1.214626505970954895e-01
-1.619438640773296356e-02
1.149816289544105530e-01
3.791984543204307556e-02
-3.250367939472198486e-02
1.997082680463790894e-01
1.535989809781312943e-02
5.707342550158500671e-02
-3.492082236334681511e-03
-1.434559822082519531e-01
7.760953158140182495e-02
-1.637971252202987671e-01
-4.111622925847768784e-03
-1.043217405676841736e-01
5.424072151072323322e-04
3.189627826213836670e-02
5.170847848057746887e-02
-3.741284832358360291e-02
6.655456870794296265e-02
-2.060075253248214722e-01
-1.300375442951917648e-02
3.980503976345062256e-02
-7.464677095413208008e-02
4.506935551762580872e-02
9.344933182001113892e-02
-1.910411566495895386e-01
-3.865725919604301453e-02
1.355201844125986099e-02
-2.331242524087429047e-02
-9.192045778036117554e-02
7.556401938199996948e-02
4.054385423660278320e-02
9.901484102010726929e-02
-1.434013098478317261e-01
1.496441662311553955e-02
4.137328639626502991e-02
8.690115064382553101e-02
-9.906223416328430176e-02
-1.006696745753288269e-02
1.309538260102272034e-02
3.366874530911445618e-02
1.003029122948646545e-01
-1.452246773988008499e-02
-1.554395258426666260e-01
4.905791953206062317e-02
2.228753082454204559e-02
-4.241168126463890076e-02
-5.194361880421638489e-02
6.158580258488655090e-02
2.657107822597026825e-02
1.235803887248039246e-01
1.347339451313018799e-01
-1.665438176132738590e-03
4.719379916787147522e-02
-6.659685820341110229e-02
6.895069777965545654e-02
-8.401560038328170776e-02
-3.718753531575202942e-02
-1.547439098358154297e-01
-8.491341955959796906e-03
1.197420135140419006e-01
-5.266093090176582336e-02
7.088628411293029785e-02
-8.226538449525833130e-02
2.989465929567813873e-02
-9.225520305335521698e-03
-6.200397387146949768e-02
-1.237973943352699280e-01
1.058126091957092285e-01
-8.973596245050430298e-02
-1.430371254682540894e-01
1.715664118528366089e-01
3.549970313906669617e-02
5.471411347389221191e-02
1.027427539229393005e-01
1.068213954567909241e-01
-5.986019596457481384e-02
-2.658889442682266235e-02
-1.239612326025962830e-01
-6.793782860040664673e-02
1.066035032272338867e-01
-7.770687341690063477e-02
-1.340540032833814621e-02
8.179828524589538574e-02
-2.387326024472713470e-02
-1.923159807920455933e-01
-6.848216801881790161e-02
-4.628228489309549332e-03
7.650517672300338745e-02
-1.309616584330797195e-02
9.566834568977355957e-02
3.945425152778625488e-03
-7.622972130775451660e-02
1.437490731477737427e-01
-1.377965956926345825e-01
6.006167829036712646e-02
-4.121005907654762268e-02
-6.315761804580688477e-02
-4.773162677884101868e-02
-2.217710204422473907e-02
1.677818410098552704e-02
-4.801368713378906250e-02
7.457434386014938354e-02
-1.872403919696807861e-02
-1.095904335379600525e-01
1.573609709739685059e-01
6.715587526559829712e-02
3.423437476158142090e-02
7.308096438646316528e-02
6.118958350270986557e-03
-1.654627472162246704e-01
1.706661283969879150e-02
-1.299957484006881714e-01
-6.943303346633911133e-02
1.563543267548084259e-02
6.976059079170227051e-02
1.048924922943115234e-01
-3.231794387102127075e-02
-1.603960990905761719e-02
-1.394453048706054688e-01
-2.669793367385864258e-02
-1.041860599070787430e-02
-4.242401197552680969e-02
-3.167254105210304260e-02
7.294026669114828110e-03
2.405274100601673126e-02
-2.095168642699718475e-02
-8.873739838600158691e-02
5.082879960536956787e-02
-3.974905703216791153e-03
-4.968300089240074158e-02
3.153585642576217651e-02
1.167284026741981506e-01
1.127764061093330383e-01
-2.339617908000946045e-02
-1.180443242192268372e-01
-2.190939150750637054e-02
1.588756889104843140e-01
1.032661572098731995e-01
-1.116951480507850647e-01
-4.855026677250862122e-02
-7.437804341316223145e-02
5.230706557631492615e-02
3.422253206372261047e-02
-6.516101956367492676e-02
-4.579158127307891846e-02
1.053453311324119568e-01
-3.817829489707946777e-02
7.741183042526245117e-02
2.008179872063919902e-04
1.630220562219619751e-01
1.858707517385482788e-02
1.777751743793487549e-02
-4.122221842408180237e-02
-1.107748448848724365e-01
1.323524117469787598e-01
-1.198498681187629700e-01
-8.755920082330703735e-02
2.807367406785488129e-02
7.800218462944030762e-02
-4.995361343026161194e-02
1.535815596580505371e-01
-5.918810144066810608e-02
4.734034463763237000e-02
-5.544117465615272522e-02
-1.809520274400711060e-01
-9.382327646017074585e-02
-1.374220401048660278e-01
8.834662288427352905e-02
3.220703825354576111e-02
-3.337990492582321167e-02
-3.702508285641670227e-02
-5.596404895186424255e-02
-5.452986434102058411e-02
4.423196986317634583e-02
-7.537550479173660278e-02
1.351294387131929398e-02
-8.796266466379165649e-02
-6.777318660169839859e-03
-4.086255654692649841e-02
-6.540975719690322876e-02
1.509493589401245117e-01
8.622825890779495239e-02
1.068419441580772400e-01
-3.951575979590415955e-02
-1.069433391094207764e-01
-9.797498583793640137e-03
1.518904715776443481e-01
7.523766905069351196e-02
-7.320295274257659912e-02
-9.282692521810531616e-02
5.625530704855918884e-02
-8.446986228227615356e-02
-1.136387512087821960e-01
-4.461111500859260559e-02
-8.317936956882476807e-02
-1.761772632598876953e-01
-5.966727063059806824e-02
5.784182623028755188e-02
1.769122481346130371e-02
-3.918517008423805237e-02
1.429961323738098145e-01
6.670968979597091675e-02
-1.599240116775035858e-02
9.374850243330001831e-02
-9.019160270690917969e-02
7.192286849021911621e-02
4.414593335241079330e-03
-5.745765939354896545e-02
1.963536739349365234e-01
2.081111632287502289e-02
1.102140080183744431e-02
5.855250731110572815e-02
1.462225914001464844e-01
-1.511683315038681030e-01
1.975310035049915314e-02
1.013926193118095398e-01
1.023046076297760010e-01
-1.599171943962574005e-02
-2.950794063508510590e-02
9.768852591514587402e-02
-4.577411711215972900e-02
6.928047537803649902e-02
5.101080238819122314e-02
1.152462288737297058e-01
4.513984080404043198e-03
-1.003964245319366455e-01
1.088667139410972595e-01
1.409155130386352539e-01
-1.744648218154907227e-01
-5.192354321479797363e-03
6.997903436422348022e-02
-2.022218890488147736e-02
-1.690178513526916504e-01
-1.161688044667243958e-01
-4.820938035845756531e-02
1.103568002581596375e-01
5.938048008829355240e-03
-1.122248694300651550e-01
-1.226634308695793152e-01
-1.112644970417022705e-01
1.506718099117279053e-01
-1.365565508604049683e-01
-1.162006333470344543e-02
6.511712819337844849e-02
-9.087028354406356812e-02
6.593854725360870361e-02
-4.488878324627876282e-02
8.867526054382324219e-02
1.671218872070312500e-02
5.694903805851936340e-02
-9.521746635437011719e-02
-5.899689719080924988e-02
-1.115492582321166992e-01
1.573870778083801270e-01
-7.906967401504516602e-02
-5.656392499804496765e-02
-1.204315349459648132e-01
-6.828921288251876831e-02
-9.195283800363540649e-02
-9.398607164621353149e-02
7.210110779851675034e-03
-3.507538512349128723e-02
4.282699525356292725e-02
-9.355074167251586914e-02
1.626226752996444702e-01
-2.322817407548427582e-02
-5.448009073734283447e-02
7.284199446439743042e-02
-7.881426811218261719e-02
-1.026277318596839905e-01
5.270282551646232605e-02
-5.851525068283081055e-02
-1.853273808956146240e-02
-7.322892546653747559e-02
1.387560516595840454e-01
4.268624261021614075e-02
2.777168154716491699e-02
1.005696132779121399e-01
-1.040001288056373596e-01
-1.689185737632215023e-03
8.278647065162658691e-02
1.416314393281936646e-01
2.130010575056076050e-01
1.251794248819351196e-01
-1.303588300943374634e-01
-1.906131207942962646e-02
-1.591664366424083710e-02
4.073937237262725830e-02
-2.459444105625152588e-02
8.819097280502319336e-02
4.465890303254127502e-02
-1.291801482439041138e-01
-9.531587362289428711e-03
-1.277797967195510864e-01
1.883062273263931274e-01
-1.051979959011077881e-01
7.631874829530715942e-02
8.891903609037399292e-02
1.292238663882017136e-02
-3.279786184430122375e-02
-1.136623397469520569e-01
-1.084785833954811096e-01
9.647386521100997925e-02
-5.216581001877784729e-02
1.167866662144660950e-01
6.861539930105209351e-02
-9.498298168182373047e-04
-3.568147122859954834e-02
1.922092288732528687e-01
1.811226159334182739e-01
-4.090989474207162857e-03
6.872349232435226440e-02
-1.888981275260448456e-02
-1.046141386032104492e-01
1.625530980527400970e-02
5.618093535304069519e-02
1.350450236350297928e-02
-7.285378128290176392e-02
-1.025902852416038513e-01
-1.704183779656887054e-02
-1.470956057310104370e-01
-8.039377629756927490e-02
-5.727223679423332214e-02
-5.198497697710990906e-02
-1.494073122739791870e-01
-4.051218554377555847e-02
-4.719940945506095886e-02
-1.427876502275466919e-01
-4.307564720511436462e-02
-1.921041123569011688e-02
3.164812922477722168e-03
-1.994101703166961670e-02
1.174203585833311081e-02
9.824991226196289062e-02
-8.790415711700916290e-03
-2.635777555406093597e-02
5.556764081120491028e-02
-1.119821593165397644e-01
1.810104101896286011e-01
8.804447203874588013e-02
9.621027112007141113e-02
1.133142486214637756e-01
6.259433180093765259e-02
-9.333088994026184082e-02
5.042983219027519226e-02
7.875741273164749146e-02
6.507810950279235840e-02
-4.648464918136596680e-02
2.548827975988388062e-02
4.214454069733619690e-02
-8.331985771656036377e-02
3.235076740384101868e-02
8.346810936927795410e-04
4.192605614662170410e-02
8.237332850694656372e-02
-1.319167464971542358e-01
1.033022701740264893e-01
-3.208434954285621643e-02
1.564825535751879215e-03
4.089256376028060913e-02
1.255882531404495239e-01
-6.667355448007583618e-02
1.183785963803529739e-02
1.212374866008758545e-02
-7.058926671743392944e-02
-4.012280330061912537e-02
-1.952315121889114380e-01
-1.048978790640830994e-01
-1.062499880790710449e-01
-6.571092456579208374e-02
4.239716753363609314e-02
-1.151005253195762634e-01
-3.105763159692287445e-02
1.029571965336799622e-01
-7.225222140550613403e-02
3.903159126639366150e-02
-3.952514007687568665e-02
-4.203237593173980713e-03
-2.985375188291072845e-02
-8.744820207357406616e-02
-7.130911946296691895e-02
-1.263172179460525513e-01
-6.271786242723464966e-02
8.416215330362319946e-02
2.553702332079410553e-02
-3.494781628251075745e-02
-2.876321412622928619e-02
-3.593844547867774963e-02
8.757229894399642944e-02
1.904397606849670410e-01
-8.671050518751144409e-02
-6.177410483360290527e-03
-3.374373540282249451e-02
1.182087138295173645e-01
9.662595391273498535e-02
-9.445928782224655151e-02
3.785044327378273010e-02
9.064897149801254272e-02
1.930305212736129761e-01
-1.016385480761528015e-01
7.796751800924539566e-03
-9.125679731369018555e-02
1.733760721981525421e-02
1.852258481085300446e-02
1.939051896333694458e-01
-7.444986701011657715e-02
9.710339456796646118e-02
8.657878637313842773e-02
-5.575093626976013184e-02
-1.292522251605987549e-01
-1.424992829561233521e-01
9.071470238268375397e-03
-2.076708525419235229e-02
6.781355291604995728e-02
-8.536768145859241486e-03
3.830471634864807129e-02
-6.499907374382019043e-02
4.943247139453887939e-02
-6.706082075834274292e-02
-1.084461882710456848e-01
2.237363159656524658e-02
1.181051433086395264e-01
2.063079737126827240e-02
1.222944259643554688e-01
-1.880390197038650513e-01
-3.293669596314430237e-02
-4.715958237648010254e-02
-9.227738529443740845e-02
7.516545802354812622e-02
-1.162901744246482849e-01
1.014374792575836182e-01
-3.629751130938529968e-02
-2.290233410894870758e-02
-5.424429103732109070e-02
-1.220712438225746155e-01
1.674876175820827484e-02
4.278215765953063965e-02
1.015330329537391663e-01
5.362052470445632935e-03
1.373462378978729248e-02
-9.785646200180053711e-02
3.220800310373306274e-02
1.746637076139450073e-01
-6.307345628738403320e-02
9.086861461400985718e-02
-1.084877476096153259e-01
7.430490851402282715e-02
-5.066915974020957947e-02
-3.583396971225738525e-02
2.955072186887264252e-02
5.723784863948822021e-02
-7.191393524408340454e-02
-1.079338788986206055e-02
1.358088403940200806e-01
-8.274836093187332153e-02
-5.253750085830688477e-02
6.723492592573165894e-02
4.154453519731760025e-03
3.789394721388816833e-02
8.096665889024734497e-02
2.711471356451511383e-02
-1.008311808109283447e-01
9.794503450393676758e-03
6.231376156210899353e-02
-8.284880220890045166e-02
-8.963409066200256348e-02
-3.222406283020973206e-02
-8.308051526546478271e-02
4.626365378499031067e-02
1.233697757124900818e-01
1.201344430446624756e-01
-1.200548410415649414e-01
-7.398142665624618530e-02
-1.751536130905151367e-01
-9.732461720705032349e-02
3.595294430851936340e-02
6.434782594442367554e-02
5.185796320438385010e-02
-4.225553944706916809e-02
7.203973829746246338e-02
-1.028836965560913086e-01
2.495085634291172028e-02
-1.170196533203125000e-01
7.694395631551742554e-02
-5.623553693294525146e-02
-5.930975079536437988e-02
-5.708783864974975586e-02
-1.218111142516136169e-01
-3.270911052823066711e-02
1.387547980993986130e-02
3.999567404389381409e-02
8.037525415420532227e-02
1.332988380454480648e-03
-9.202137589454650879e-03
-1.116878166794776917e-01
8.804173022508621216e-02
8.287702500820159912e-02
-1.060012951493263245e-01
-1.515336036682128906e-01
9.618234634399414062e-02
-2.483668364584445953e-02
-1.485367566347122192e-01
-8.439585566520690918e-03
4.572411999106407166e-02
-1.971678994596004486e-02
3.682787343859672546e-02
-7.731410115957260132e-02
-8.611157536506652832e-02
1.006882544606924057e-02
-5.330151692032814026e-02
-1.440314203500747681e-01
-6.369069963693618774e-02
8.065354079008102417e-02
8.464720845222473145e-02
-1.952479332685470581e-01
-3.601415082812309265e-02
-6.458988040685653687e-02
4.517593979835510254e-02
3.310223342850804329e-03
-1.394600421190261841e-01
-1.850490123033523560e-01
-7.405872642993927002e-02
4.992678761482238770e-02
2.571298740804195404e-02
-2.346262149512767792e-02
8.254398708231747150e-04
-7.964891195297241211e-02
-1.034465804696083069e-01
1.236849129199981689e-01
-9.028482437133789062e-02
-1.267033666372299194e-01
-4.249088093638420105e-02
8.646076917648315430e-02
-3.835878893733024597e-02
9.884872287511825562e-02
-9.750179201364517212e-02
1.294123530387878418e-01
-1.170928105711936951e-01
1.587725430727005005e-01
-1.234765816479921341e-02
4.772698879241943359e-02
-1.191254630684852600e-01
-8.533185720443725586e-02
1.697555184364318848e-01
-8.463635295629501343e-02
4.419253394007682800e-02
-1.021037772297859192e-01
7.500547915697097778e-02
-3.555650264024734497e-02
-4.833824932575225830e-02
1.910498589277267456e-01
2.074405550956726074e-02
5.687951669096946716e-02
-7.621836662292480469e-02
-1.768486015498638153e-02
-5.239668861031532288e-02
1.634375602006912231e-01
7.642211765050888062e-02
2.031480818986892700e-01
7.018923759460449219e-02
1.588371545076370239e-01
1.555999368429183960e-01
-6.494148075580596924e-02
-8.559313416481018066e-02
-9.354015439748764038e-02
6.442519277334213257e-02
-7.186969369649887085e-02
-5.221041664481163025e-02
6.369519233703613281e-02
6.327179074287414551e-02
1.257659047842025757e-01
-1.641489565372467041e-02
1.336168795824050903e-01
4.892301559448242188e-02
3.290891274809837341e-02
8.368757367134094238e-02
9.348621219396591187e-02
4.795838519930839539e-02
-2.461688220500946045e-02
-8.117144554853439331e-02
1.840841621160507202e-01
1.159323677420616150e-01
2.115731686353683472e-02
-9.796652942895889282e-02
3.192007914185523987e-02
8.577352762222290039e-02
5.302147939801216125e-02
-7.089095655828714371e-03
-4.418786615133285522e-03
1.286829560995101929e-01
-5.664572119712829590e-02
-7.994598895311355591e-02
8.700128644704818726e-02
8.129653334617614746e-02
-5.467623844742774963e-02
-9.357860684394836426e-02
-6.284615397453308105e-02
3.248169645667076111e-02
-2.366801910102367401e-02
-6.350520998239517212e-02
-1.186888515949249268e-01
3.206561505794525146e-02
-9.969214349985122681e-02
7.651110738515853882e-02
2.402432821691036224e-02
7.632758468389511108e-02
-4.891603067517280579e-02
1.099984124302864075e-01
1.005969941616058350e-01
-6.597984582185745239e-02
-4.787817224860191345e-02
-3.463807282969355583e-03
2.765461243689060211e-02
1.047804057598114014e-01
-3.511441126465797424e-02
8.054693043231964111e-02
-3.795535862445831299e-02
-7.250718027353286743e-02
1.600808352231979370e-01
5.957067012786865234e-02
-1.384514272212982178e-01
3.578032553195953369e-02
-3.365058079361915588e-02
-1.386086922138929367e-02
1.360026001930236816e-01
-5.147315561771392822e-02
5.722734332084655762e-02
1.381411254405975342e-01
-6.359381228685379028e-02
2.286538481712341309e-02
4.902239516377449036e-02
-1.008697524666786194e-01
1.217341944575309753e-01
-1.441239286214113235e-02
5.020810291171073914e-03
-9.049359709024429321e-02
3.371385112404823303e-02
-6.827311217784881592e-02
-1.159029006958007812e-01
-6.335567682981491089e-02
-8.895014971494674683e-02
-4.629737138748168945e-02
6.806820631027221680e-02
-1.521573364734649658e-01
-4.720066487789154053e-02
-2.177411317825317383e-02
9.046596288681030273e-02
-4.963188990950584412e-02
7.155139744281768799e-02
2.525707893073558807e-02
-1.064552292227745056e-01
3.012045472860336304e-02
-1.615106500685214996e-02
1.523544937372207642e-01
-1.041194722056388855e-01
-3.050324739888310432e-03
1.718925870954990387e-02
1.686404496431350708e-01
-8.273398876190185547e-02
-3.321994468569755554e-02
1.038836222141981125e-02
-1.026696935296058655e-01
-4.014316573739051819e-02
-4.830078780651092529e-02
-3.740357980132102966e-02
-3.528521629050374031e-03
2.378170192241668701e-02
-1.009266600012779236e-01
3.575729206204414368e-02
4.696915671229362488e-02
-4.175131395459175110e-02
6.264390889555215836e-03
-1.045657321810722351e-01
-8.201315999031066895e-03
-1.037804186344146729e-01
1.411733031272888184e-02
-3.323765844106674194e-02
-9.963965415954589844e-02
-1.909159682691097260e-02
-1.148628816008567810e-01
-1.976869851350784302e-01
-1.269133295863866806e-02
-1.544884592294692993e-01
-6.898517161607742310e-02
6.748559325933456421e-02
-9.334305673837661743e-02
-9.316715598106384277e-02
7.949349470436573029e-03
1.987332291901111603e-02
-9.591145068407058716e-02
5.372124537825584412e-02
-9.514689445495605469e-02
-1.364779770374298096e-01
5.377810820937156677e-02
6.859085708856582642e-02
7.356827706098556519e-02
-2.177437068894505501e-03
6.417771428823471069e-02
-9.084711223840713501e-02
4.010815545916557312e-02
6.746250391006469727e-02
3.325219824910163879e-02
-2.232617326080799103e-02
-5.735767539590597153e-03
1.350384801626205444e-01
-6.427147984504699707e-02
1.562814265489578247e-01
-4.623610898852348328e-02
8.714040368795394897e-02
-1.156464219093322754e-02
1.287526544183492661e-02
-4.524181410670280457e-02
7.270992547273635864e-02
-1.041664704680442810e-01
-9.197147935628890991e-02
-2.977843023836612701e-02
-1.459645181894302368e-01
7.864227890968322754e-02
1.785920001566410065e-02
-7.698208093643188477e-02
6.124473735690116882e-02
-1.000939309597015381e-01
-9.975021332502365112e-02
1.331088691949844360e-01
-6.050349771976470947e-02
-1.689754612743854523e-02
7.279711961746215820e-02
-7.953198510222136974e-04
7.322864234447479248e-02
-1.507693976163864136e-01
-8.102644234895706177e-02
4.853191971778869629e-02
3.987725824117660522e-03
3.489654883742332458e-02
-9.979253262281417847e-02
-3.426940366625785828e-02
-5.497695505619049072e-02
-7.235252857208251953e-02
-5.962666869163513184e-02
-6.672925502061843872e-02
1.739236153662204742e-02
-1.633351147174835205e-01
5.136131122708320618e-02
5.878881737589836121e-02
5.570761859416961670e-03
-4.711997136473655701e-02
6.168140843510627747e-02
9.759876877069473267e-02
1.005008891224861145e-01
-8.527756482362747192e-02
7.448899000883102417e-02
7.328215241432189941e-02
6.624795496463775635e-02
-2.089530229568481445e-02
1.239976286888122559e-01
-1.125292256474494934e-01
2.678043209016323090e-02
-1.105939820408821106e-01
4.505352303385734558e-02
7.068581134080886841e-02
9.062311798334121704e-02
-1.175244152545928955e-02
-4.813477024435997009e-02
5.091659724712371826e-02
-1.385306566953659058e-01
-8.383821696043014526e-02
2.705276012420654297e-02
-3.219987824559211731e-02
4.799009487032890320e-02
-1.297638192772865295e-02
-7.386136054992675781e-02
-4.737083241343498230e-02
3.532508760690689087e-02
5.533082410693168640e-02
-1.241441890597343445e-01
2.847708761692047119e-02
1.232349947094917297e-01
5.969814583659172058e-02
-1.230258774012327194e-02
-7.336460798978805542e-02
8.547383546829223633e-02
-6.978588551282882690e-02
-1.549332290887832642e-01
6.481436546891927719e-03
3.888333961367607117e-02
-1.801698841154575348e-02
-1.085190940648317337e-02
4.926624521613121033e-02
8.180296979844570160e-03
2.270094119012355804e-02
-6.639126688241958618e-03
-6.104836240410804749e-02
2.876246720552444458e-02
-2.271159738302230835e-02
-4.228525236248970032e-02
8.923217654228210449e-03
5.215032398700714111e-02
7.113191485404968262e-02
-2.753937244415283203e-02
1.126030758023262024e-01
-5.025527440011501312e-03
7.589350640773773193e-02
1.082334741950035095e-01
-6.527779251337051392e-02
9.558283537626266479e-02
8.841434866189956665e-02
1.501909494400024414e-01
5.651579424738883972e-02
1.401340812444686890e-01
-3.507250174880027771e-02
4.086187854409217834e-02
-3.038599342107772827e-02
1.608169227838516235e-01
2.138187410309910774e-03
-2.291576564311981201e-02
8.762810379266738892e-02
-1.227651908993721008e-01
-9.436887502670288086e-02
-5.122710764408111572e-02
-8.172289282083511353e-02
3.026469051837921143e-02
9.975349158048629761e-02
-5.929592624306678772e-02
-3.822596045210957527e-03
-1.671098470687866211e-01
2.798614837229251862e-02
-1.776943914592266083e-02
1.748857051134109497e-01
-2.907896973192691803e-02
-8.280455134809017181e-03
1.388683915138244629e-01
-5.968936905264854431e-02
3.224786743521690369e-02
-1.615363806486129761e-01
-7.241894956678152084e-03
-7.274302840232849121e-02
-7.590181380510330200e-02
-3.796916082501411438e-02
-7.416111230850219727e-02
2.751719765365123749e-02
8.447366207838058472e-02
8.217625319957733154e-02
2.365794219076633453e-02
9.420481324195861816e-02
-3.062187880277633667e-02
4.049218073487281799e-02
3.672234341502189636e-02
4.211502894759178162e-02
3.200239688158035278e-02
-3.838555514812469482e-02
1.508337110280990601e-01
1.772528514266014099e-02
1.520366501063108444e-02
4.407539963722229004e-04
-8.475554734468460083e-02
6.802315358072519302e-03
-5.433738604187965393e-02
-3.468510881066322327e-02
-1.493332535028457642e-01
1.796862632036209106e-01
5.274737998843193054e-02
-2.472727000713348389e-02
1.248516142368316650e-01
2.850777655839920044e-02
1.269696950912475586e-01
-1.836992800235748291e-02
-1.365659385919570923e-01
-3.727989271283149719e-02
-7.806942611932754517e-02
1.173081174492835999e-01
4.316164925694465637e-02
6.954275071620941162e-02
5.800029635429382324e-02
-1.097486987709999084e-01
1.023712158203125000e-01
8.703611046075820923e-02
