2.788242511451244354e-02
-5.399518832564353943e-02
-8.497522026300430298e-02
-8.335279673337936401e-02
-9.186478704214096069e-02
-5.177922174334526062e-02
5.334891751408576965e-02
7.273297756910324097e-02
6.715191993862390518e-03
-3.817638382315635681e-02
4.465626180171966553e-02
-2.906708605587482452e-02
-4.427676275372505188e-02
4.656338691711425781e-02
6.871868669986724854e-02
7.134772092103958130e-02
-3.075779415667057037e-02
3.448302624747157097e-03
-5.318760499358177185e-02
-9.070568531751632690e-02
-3.586940839886665344e-02
-4.217659309506416321e-02
3.463877737522125244e-02
1.147655188106000423e-03
5.740057304501533508e-02
-1.014831662178039551e-01
-1.156206708401441574e-02
-5.040483083575963974e-03
-3.992896527051925659e-02
-7.930360734462738037e-02
-6.404035538434982300e-02
5.255268141627311707e-02
3.641782328486442566e-02
-4.223832115530967712e-02
2.356322668492794037e-02
-4.292111843824386597e-03
-2.452528476715087891e-02
-1.927521452307701111e-02
3.330480679869651794e-02
3.411980345845222473e-02
-1.005720347166061401e-03
1.086428165435791016e-01
6.292230635881423950e-02
1.015610396862030029e-01
-5.321857333183288574e-02
-5.052219703793525696e-02
-2.721372246742248535e-02
-6.738072633743286133e-02
-2.559652365744113922e-02
-1.008993685245513916e-01
-7.959905266761779785e-02
2.128819702193140984e-03
-5.254472419619560242e-02
3.066302509978413582e-03
8.532591909170150757e-02
2.516151405870914459e-02
4.685178771615028381e-02
3.673933446407318115e-03
-5.840899422764778137e-02
3.108344040811061859e-02
6.215624138712882996e-02
-1.083465740084648132e-01
4.174588993191719055e-02
-1.633660309016704559e-02
-1.131827756762504578e-01
2.315250039100646973e-02
-2.616775594651699066e-02
-5.394279956817626953e-03
6.642143428325653076e-02
-1.728090085089206696e-02
-2.172649465501308441e-02
-2.354918234050273895e-02
4.498766362667083740e-02
4.484603181481361389e-02
-3.265297040343284607e-02
-1.020428375340998173e-03
-6.473100930452346802e-02
-5.871441215276718140e-03
-3.229935094714164734e-02
-9.463339112699031830e-03
1.443151105195283890e-02
-4.021028580609709024e-04
8.887147903442382812e-02
2.880068123340606689e-02
-3.367161378264427185e-02
-1.078949496150016785e-02
1.018658503890037537e-01
4.793992638587951660e-02
3.571337088942527771e-02
-1.048931404948234558e-01
2.188201807439327240e-02
-3.817824646830558777e-02
-1.789775304496288300e-02
1.659563742578029633e-02
2.316373586654663086e-02
-1.021426022052764893e-01
7.367253303527832031e-03
-7.372328639030456543e-02
3.437537327408790588e-02
3.981499746441841125e-02
4.531846940517425537e-02
-2.749461866915225983e-02
-2.325170487165451050e-02
-2.897579967975616455e-02
3.273474797606468201e-02
5.108869075775146484e-02
2.865204401314258575e-02
-1.650594323873519897e-01
-4.378061741590499878e-03
-4.018298909068107605e-02
-5.738425254821777344e-02
2.215132676064968109e-02
-3.484467277303338051e-03
-5.300592258572578430e-02
-1.145128235220909119e-01
-5.603896081447601318e-02
7.626753766089677811e-03
-8.063139766454696655e-02
8.714950829744338989e-02
-3.699870780110359192e-02
6.368584930896759033e-02
-1.131260115653276443e-02
-1.480095088481903076e-03
-3.397391363978385925e-02
5.534533783793449402e-02
-4.878225550055503845e-02
9.535901993513107300e-02
-9.697680361568927765e-03
7.128968089818954468e-02
7.921175099909305573e-03
-9.127935394644737244e-03
-3.590894117951393127e-02
-8.259244263172149658e-03
7.840909808874130249e-02
-2.337132318643853068e-04
1.427096035331487656e-02
2.209201268851757050e-02
-1.078821718692779541e-03
-5.092078819870948792e-02
6.224917992949485779e-02
-5.688975751399993896e-02
-1.452459115535020828e-02
7.896921597421169281e-03
9.275370091199874878e-02
3.432008251547813416e-02
5.882460251450538635e-02
5.751369521021842957e-02
1.478104759007692337e-02
-4.715503379702568054e-02
-6.137168034911155701e-02
9.881740808486938477e-02
-6.309704855084419250e-03
8.565884083509445190e-02
1.145482957363128662e-01
-1.796274096705019474e-03
3.521915152668952942e-02
-4.310573264956474304e-02
-2.724360115826129913e-02
-7.848587818443775177e-03
3.312684968113899231e-02
8.924313820898532867e-03
-7.284776121377944946e-02
-4.360551480203866959e-03
-1.827971078455448151e-02
-5.821236968040466309e-02
-1.274879928678274155e-02
-2.974025905132293701e-03
-2.914145030081272125e-02
7.290521264076232910e-02
-3.444716334342956543e-02
-1.059295516461133957e-02
-6.616261601448059082e-02
-2.510406263172626495e-02
-5.039761960506439209e-02
5.103316903114318848e-02
-1.791462115943431854e-02
7.982581853866577148e-02
2.001987211406230927e-02
3.145097522065043449e-03
-4.309732094407081604e-02
-2.138266526162624359e-02
9.364720433950424194e-02
1.070921123027801514e-02
6.237606331706047058e-02
-4.230290651321411133e-02
-2.549988590180873871e-02
-6.431109737604856491e-03
2.276944555342197418e-02
6.739721447229385376e-02
1.638217270374298096e-02
-4.465407226234674454e-03
-6.732358131557703018e-03
2.206204272806644440e-02
6.501675397157669067e-02
-4.394997283816337585e-02
-1.162868216633796692e-01
4.686251655220985413e-02
-1.884372346103191376e-02
8.634411729872226715e-03
-7.759801298379898071e-02
-7.768269628286361694e-02
3.414133563637733459e-02
2.429519407451152802e-02
8.775714784860610962e-02
5.664034187793731689e-02
-9.410297870635986328e-02
-1.192891388200223446e-03
7.211626321077346802e-02
4.541516304016113281e-02
-6.867393851280212402e-02
-1.008556261658668518e-01
4.304561298340559006e-03
-7.403226103633642197e-03
4.771150648593902588e-02
7.676839828491210938e-02
2.526071621105074883e-03
-1.510183047503232956e-02
4.467101767659187317e-02
-3.157500177621841431e-02
-4.039065539836883545e-02
5.245429277420043945e-02
7.147134840488433838e-02
-3.654592111706733704e-02
1.313493698835372925e-01
-1.027931943535804749e-01
-4.557195305824279785e-02
3.776466473937034607e-02
-1.389641035348176956e-02
-6.559911370277404785e-02
8.175221830606460571e-02
6.983412057161331177e-02
3.262712433934211731e-02
2.231000363826751709e-02
-7.494914531707763672e-02
-1.015983447432518005e-01
5.233645439147949219e-02
-6.028565391898155212e-02
8.201981335878372192e-02
7.069403678178787231e-02
-1.739794388413429260e-04
-7.716082781553268433e-02
1.020721066743135452e-02
5.386964976787567139e-02
6.229971721768379211e-02
1.149309147149324417e-02
4.384152591228485107e-02
3.049194626510143280e-02
2.398833818733692169e-02
9.610322117805480957e-02
4.605105891823768616e-02
-4.914180934429168701e-02
6.894505769014358521e-02
-4.868921637535095215e-02
-4.758640751242637634e-02
-1.187855824828147888e-01
4.215860366821289062e-02
-7.657713722437620163e-03
-5.983518436551094055e-02
1.482036560773849487e-01
-1.779212243854999542e-02
8.088898845016956329e-03
-3.105090558528900146e-02
4.147095605731010437e-02
5.885952338576316833e-02
4.523276165127754211e-02
1.397098600864410400e-02
-6.751567870378494263e-02
8.176583796739578247e-02
2.895008027553558350e-02
-1.959251053631305695e-02
-4.243339970707893372e-02
1.237022597342729568e-02
-5.244130268692970276e-02
-9.063660167157649994e-03
1.177767217159271240e-01
1.902142912149429321e-02
-1.006701588630676270e-01
-1.204527262598276138e-02
-8.255527168512344360e-02
1.950424723327159882e-02
-5.419949814677238464e-02
-1.650919206440448761e-02
-7.652837038040161133e-02
-4.259863868355751038e-02
-9.361213445663452148e-02
-1.418210100382566452e-02
-7.861503213644027710e-02
5.640840530395507812e-02
-5.605154111981391907e-02
-4.346235096454620361e-02
-4.566524550318717957e-02
3.390759229660034180e-02
2.486250735819339752e-02
9.194954298436641693e-03
-7.751332968473434448e-02
-3.365731239318847656e-02
1.861851313151419163e-03
-2.562205493450164795e-02
2.913802862167358398e-02
-8.439212292432785034e-02
3.866036608815193176e-02
1.549123972654342651e-02
-3.572126477956771851e-02
7.334057986736297607e-02
-4.708010330796241760e-02
3.196047618985176086e-02
8.761300705373287201e-03
1.843482442200183868e-02
9.769701398909091949e-03
3.471773490309715271e-02
-6.705220788717269897e-02
-6.726819276809692383e-02
5.105033051222562790e-03
-1.146428883075714111e-01
-8.498677611351013184e-02
-1.637886650860309601e-02
-1.082830131053924561e-02
3.819837048649787903e-02
9.409948438405990601e-02
8.764677681028842926e-03
-8.511021733283996582e-02
-1.854339800775051117e-02
6.640109419822692871e-02
-1.066259667277336121e-01
1.044061407446861267e-01
1.365999132394790649e-01
-3.966215252876281738e-02
-2.522983995731920004e-04
1.337799429893493652e-02
-3.231196105480194092e-02
2.584495581686496735e-02
5.045444145798683167e-02
6.819058954715728760e-02
-9.719062596559524536e-03
3.928516805171966553e-02
-2.815685421228408813e-02
-6.631062924861907959e-02
-7.779489457607269287e-02
-5.752477422356605530e-02
-3.671272471547126770e-02
-8.499824255704879761e-02
5.718346312642097473e-02
7.079439610242843628e-02
9.118608385324478149e-02
-2.845584414899349213e-02
-1.063671987503767014e-02
2.039107680320739746e-02
-2.018733136355876923e-02
1.078109964728355408e-01
2.440138161182403564e-02
-4.010433331131935120e-02
3.587939217686653137e-02
-7.125823944807052612e-02
1.267580986022949219e-01
5.142775177955627441e-02
-6.759592890739440918e-02
7.513558864593505859e-02
-6.449521332979202271e-02
-3.589693829417228699e-02
4.165145102888345718e-03
2.619829773902893066e-02
4.649360105395317078e-02
2.253110520541667938e-02
5.843193829059600830e-02
-1.039347890764474869e-02
6.962239742279052734e-03
4.891159757971763611e-02
-5.564284324645996094e-02
-7.841584086418151855e-02
-2.024291642010211945e-02
2.112384699285030365e-02
-6.224716827273368835e-02
3.377857059240341187e-02
-6.606975197792053223e-02
9.092393517494201660e-02
-5.223837494850158691e-02
-4.090309515595436096e-02
-2.470660768449306488e-02
5.521067976951599121e-02
1.110759302973747253e-01
5.899797752499580383e-02
-5.338301416486501694e-03
-7.351488620042800903e-02
3.384668752551078796e-02
2.918013371527194977e-02
7.422056049108505249e-02
-1.001420244574546814e-01
5.330474674701690674e-02
3.309078887104988098e-02
8.888910524547100067e-03
-6.382877379655838013e-02
1.434696931391954422e-02
3.973433002829551697e-02
-5.768943950533866882e-02
-4.142386093735694885e-02
-1.251465454697608948e-02
-2.763268910348415375e-02
1.164326667785644531e-01
-5.848683416843414307e-02
4.554310441017150879e-02
-5.766721442341804504e-02
4.057206679135560989e-03
-6.372880190610885620e-02
-1.200748309493064880e-01
8.820974081754684448e-02
-9.248723834753036499e-02
2.372563444077968597e-02
-2.476974576711654663e-02
1.302090007811784744e-02
4.305044934153556824e-02
3.471753001213073730e-02
-4.405071213841438293e-02
2.579977363348007202e-02
9.785613417625427246e-02
-3.159951046109199524e-02
4.348222538828849792e-02
2.175719849765300751e-02
1.322872098535299301e-02
-1.367572322487831116e-02
-1.132742836489342153e-04
6.929325405508279800e-03
-1.232185065746307373e-01
6.491903215646743774e-02
6.775128189474344254e-03
-3.355644643306732178e-02
-9.119112044572830200e-02
-5.757294222712516785e-02
-3.176826983690261841e-02
-1.385184936225414276e-03
-2.872853167355060577e-02
6.845579296350479126e-02
7.974925637245178223e-02
-4.199621081352233887e-02
-7.145573943853378296e-02
9.790706448256969452e-03
1.451511215418577194e-02
-3.029141388833522797e-02
2.913922630250453949e-02
-1.704171113669872284e-02
8.271174877882003784e-02
-1.934042014181613922e-02
-8.701463229954242706e-03
-8.228496462106704712e-02
-8.911088109016418457e-02
-4.320594016462564468e-03
-2.617717720568180084e-02
-7.009625434875488281e-02
-3.739013895392417908e-02
-3.884977428242564201e-03
-1.009000092744827271e-02
4.579910263419151306e-02
-1.072659194469451904e-01
4.285927116870880127e-02
2.336423657834529877e-02
-2.627762593328952789e-02
-3.424752876162528992e-02
-8.419182151556015015e-02
7.429432123899459839e-02
3.664173185825347900e-02
2.019748277962207794e-02
-6.922890990972518921e-02
3.407495841383934021e-02
8.183041960000991821e-02
5.181306228041648865e-02
-6.713694334030151367e-02
2.341201901435852051e-02
9.764778427779674530e-03
4.753272235393524170e-02
-4.823762550950050354e-02
3.376909298822283745e-03
-4.952766373753547668e-02
8.652593940496444702e-02
2.567729353904724121e-02
-7.745511364191770554e-03
2.744379080832004547e-02
-3.238568082451820374e-02
-5.725489184260368347e-02
7.073965668678283691e-02
1.936488039791584015e-02
4.738539457321166992e-02
-3.860267996788024902e-02
8.460800163447856903e-03
-1.247609406709671021e-02
-8.699137717485427856e-02
-4.802671074867248535e-02
1.738136820495128632e-02
3.959153592586517334e-02
4.588139057159423828e-02
-2.832314558327198029e-02
1.183838546276092529e-01
-3.142408654093742371e-02
-3.262258693575859070e-02
-1.433144137263298035e-02
2.068197727203369141e-02
1.178022846579551697e-01
5.328775942325592041e-02
-7.875017076730728149e-02
-1.973381079733371735e-02
-9.271518141031265259e-02
6.392174959182739258e-02
6.675494462251663208e-02
5.704458057880401611e-02
7.716964930295944214e-02
-8.348276466131210327e-02
-4.398467484861612320e-03
-4.239038750529289246e-02
5.411581322550773621e-02
3.262105211615562439e-02
2.489649690687656403e-03
-6.673678010702133179e-02
-1.312973946332931519e-01
-3.094148822128772736e-02
-1.270956080406904221e-02
1.101859807968139648e-01
-4.631431773304939270e-02
-6.408535689115524292e-02
6.466480344533920288e-02
2.449626626912504435e-04
8.203153498470783234e-03
4.907009005546569824e-02
-1.959828473627567291e-02
-4.774704575538635254e-02
-8.410126715898513794e-02
2.172824740409851074e-02
-2.119469083845615387e-02
-4.681912437081336975e-02
9.876622818410396576e-03
-6.792715936899185181e-02
-6.070308387279510498e-02
6.919860094785690308e-02
-5.542250350117683411e-02
-1.230142358690500259e-02
7.061699777841567993e-02
-1.071451324969530106e-02
6.938919425010681152e-02
4.591964557766914368e-02
-6.728339940309524536e-02
7.292791735380887985e-03
-1.227476522326469421e-01
-9.324446320533752441e-02
1.157036647200584412e-01
8.131939172744750977e-02
-4.713327065110206604e-02
3.100827336311340332e-02
-5.044237896800041199e-02
4.044646024703979492e-02
-6.036662682890892029e-02
-1.467463374137878418e-02
-1.377238929271697998e-01
6.335744261741638184e-02
-3.199893608689308167e-02
1.099107041954994202e-01
2.324213646352291107e-02
6.781695783138275146e-02
7.471130695194005966e-03
-1.121001616120338440e-01
3.648443671409040689e-04
-3.454409167170524597e-02
1.061670184135437012e-01
-5.493218824267387390e-02
1.801020652055740356e-02
1.209045872092247009e-01
-9.095481038093566895e-02
2.869063057005405426e-02
4.387092962861061096e-02
-7.396343350410461426e-02
-1.104853022843599319e-02
1.331536192446947098e-02
8.147079497575759888e-02
3.794910013675689697e-02
7.958711683750152588e-02
-1.581718474626541138e-01
-4.052355140447616577e-02
1.119285449385643005e-01
-7.904880680143833160e-03
6.389790773391723633e-02
-1.034359913319349289e-02
6.319048255681991577e-02
-6.193121895194053650e-02
-7.768913358449935913e-02
-9.445535019040107727e-03
-2.783454954624176025e-02
2.470604516565799713e-02
6.557790189981460571e-02
3.118119947612285614e-02
-1.019136309623718262e-01
4.545760527253150940e-02
-3.334708884358406067e-02
3.259945660829544067e-02
3.718891739845275879e-02
5.060559511184692383e-02
-3.657085075974464417e-02
5.886783078312873840e-02
2.702034451067447662e-02
-9.892988204956054688e-02
-4.692238941788673401e-02
5.789575353264808655e-02
4.035590589046478271e-02
1.877721212804317474e-02
-6.142976880073547363e-02
-1.046522781252861023e-01
-9.100284427404403687e-02
6.214426457881927490e-02
-6.302493065595626831e-02
-1.437792461365461349e-02
9.209762327373027802e-03
5.350770056247711182e-02
-2.806391008198261261e-02
3.760517761111259460e-02
2.106128493323922157e-03
-7.341632246971130371e-02
2.029501833021640778e-02
-3.718055784702301025e-02
-3.072558343410491943e-02
-3.899280726909637451e-02
-2.298021456226706505e-03
4.135757312178611755e-02
-4.152247682213783264e-02
8.443772047758102417e-02
1.335055381059646606e-02
-2.099204622209072113e-02
-5.187223479151725769e-02
-3.974415361881256104e-02
-8.706542104482650757e-02
-5.773749947547912598e-02
2.142107486724853516e-02
2.905754745006561279e-02
-1.285619735717773438e-01
-1.312649715691804886e-02
1.183574181050062180e-02
4.118793085217475891e-02
-2.741558849811553955e-02
-2.425336837768554688e-02
-1.181540638208389282e-02
-9.034708887338638306e-02
5.656081438064575195e-02
5.991072859615087509e-03
6.094710901379585266e-02
4.026197269558906555e-02
7.580251991748809814e-02
8.777779340744018555e-02
4.328299686312675476e-02
7.212159782648086548e-02
3.954127430915832520e-02
-1.261973101645708084e-02
-2.123891375958919525e-02
-1.370034217834472656e-01
2.313624136149883270e-02
2.502683736383914948e-02
-1.248405035585165024e-02
1.441815495491027832e-02
1.140853241086006165e-01
8.833893388509750366e-02
5.581119563430547714e-03
-1.897181570529937744e-02
8.036045730113983154e-02
-1.372547540813684464e-02
-1.169987842440605164e-01
-2.797330357134342194e-02
2.583281509578227997e-02
1.327736526727676392e-01
-7.269960641860961914e-02
-3.936417028307914734e-02
-5.094994325190782547e-03
1.168295145034790039e-01
-9.830594062805175781e-02
-4.847884178161621094e-02
5.061657354235649109e-02
3.289613872766494751e-02
1.029201075434684753e-01
3.472798690199851990e-02
7.124313712120056152e-02
5.447743460536003113e-02
5.914645735174417496e-03
7.494390755891799927e-02
1.925013586878776550e-02
-7.771077007055282593e-02
8.911037445068359375e-02
5.688994750380516052e-02
-5.055448412895202637e-02
-6.204045936465263367e-02
-1.013331580907106400e-02
6.530568748712539673e-02
-7.118134945631027222e-02
1.049310341477394104e-01
4.491593316197395325e-02
-6.846182793378829956e-02
1.045714318752288818e-01
-6.194252148270606995e-02
-3.487697616219520569e-02
-9.960617870092391968e-02
4.973926022648811340e-02
9.930328465998172760e-03
-8.745998889207839966e-02
3.656895086169242859e-02
1.602805219590663910e-02
-2.824382483959197998e-02
1.388356387615203857e-01
-1.420080661773681641e-03
1.679998636245727539e-02
-2.569449692964553833e-02
6.769885867834091187e-02
-8.204411715269088745e-02
-8.555004745721817017e-02
8.133428543806076050e-02
5.744677409529685974e-02
-3.901420161128044128e-02
-4.685972258448600769e-02
-6.417102366685867310e-02
-5.515078548341989517e-03
1.922549493610858917e-02
6.342792417854070663e-03
2.126119472086429596e-02
5.618796870112419128e-02
4.587351903319358826e-02
-6.460192799568176270e-02
7.033789902925491333e-02
-4.701353982090950012e-02
3.205248713493347168e-02
3.742560744285583496e-02
1.107602939009666443e-01
-5.016461014747619629e-03
7.311934977769851685e-02
-1.368753984570503235e-02
1.555060595273971558e-02
1.726173907518386841e-01
-7.509604841470718384e-02
-5.148544907569885254e-03
3.246155381202697754e-02
7.039623707532882690e-02
8.819674700498580933e-02
1.836994476616382599e-02
-6.953240931034088135e-02
8.017423003911972046e-02
-1.182633358985185623e-02
8.758120983839035034e-02
-7.977119646966457367e-03
-9.110435098409652710e-02
-7.301477249711751938e-03
2.258369885385036469e-02
3.916012868285179138e-02
-4.254480823874473572e-02
-4.003016650676727295e-02
-3.197481855750083923e-02
1.405680458992719650e-02
-1.702520996332168579e-02
-3.422432020306587219e-02
-3.643261268734931946e-02
1.589230261743068695e-02
6.143860518932342529e-02
2.330410480499267578e-02
9.304141998291015625e-02
-9.431877732276916504e-02
-5.184387043118476868e-02
6.866155657917261124e-03
-2.690155617892742157e-02
-4.030450806021690369e-02
-4.482549801468849182e-02
-5.849152430891990662e-02
2.183792553842067719e-02
-6.684517487883567810e-03
8.557917922735214233e-02
-1.181000173091888428e-01
-6.852641701698303223e-02
3.002564422786235809e-02
2.269574068486690521e-02
-2.891576848924160004e-02
1.403813809156417847e-01
7.391412556171417236e-02
3.696694597601890564e-02
-1.045251488685607910e-01
-7.423169910907745361e-02
6.585819274187088013e-02
5.438537895679473877e-02
-6.730050593614578247e-02
1.540826912969350815e-02
-6.362675130367279053e-02
8.385461568832397461e-02
-7.844665087759494781e-03
-7.189609855413436890e-02
-3.752252459526062012e-02
9.699655324220657349e-02
-3.936798125505447388e-02
3.296191245317459106e-02
9.141298383474349976e-02
6.097772717475891113e-02
5.574454739689826965e-02
-6.215067207813262939e-02
2.509712614119052887e-02
-5.445559695363044739e-02
1.504979003220796585e-02
-6.914576888084411621e-02
-6.023443862795829773e-02
-2.377554215490818024e-02
-1.867138780653476715e-02
2.338168956339359283e-02
-4.707773405243642628e-05
8.735469728708267212e-02
1.962124742567539215e-02
-9.933272004127502441e-02
6.278236955404281616e-02
-3.171824291348457336e-02
-4.503819346427917480e-02
-4.458810016512870789e-02
-5.401258170604705811e-02
-6.534569431096315384e-03
-4.228267073631286621e-02
-3.807198628783226013e-02
4.667518194764852524e-03
3.769665490835905075e-04
-1.956282369792461395e-02
-6.576585024595260620e-02
-1.079193726181983948e-01
-5.910395085811614990e-02
-2.655321359634399414e-02
2.743162447586655617e-03
8.388196676969528198e-02
-3.755473345518112183e-02
1.636726595461368561e-02
6.957343965768814087e-02
4.636518657207489014e-02
-6.360117346048355103e-02
8.783202618360519409e-02
-9.511282294988632202e-02
6.229399517178535461e-02
-1.543956995010375977e-02
-2.516560256481170654e-02
2.503782510757446289e-02
-5.559481307864189148e-02
2.538969554007053375e-02
-1.016381084918975830e-01
-6.727439165115356445e-02
-1.703838072717189789e-02
2.472121082246303558e-02
-1.844483055174350739e-02
2.843182347714900970e-02
3.850728645920753479e-02
-1.643006317317485809e-02
-5.285676196217536926e-02
4.973159730434417725e-02
6.357416510581970215e-03
-4.428683314472436905e-03
-7.162728160619735718e-02
-6.010983884334564209e-02
7.142410427331924438e-02
-3.214230062440037727e-03
2.996770851314067841e-02
-5.525305401533842087e-03
-6.152251362800598145e-02
9.975357912480831146e-03
7.452990859746932983e-03
7.490304857492446899e-02
-2.308284677565097809e-02
-5.258166790008544922e-02
3.090725652873516083e-02
-3.231513500213623047e-02
-4.708257911261171103e-04
-1.406612247228622437e-02
7.733678817749023438e-02
4.507237672805786133e-02
9.991436451673507690e-02
4.804131761193275452e-02
1.567628793418407440e-02
1.119809448719024658e-01
-3.573834896087646484e-02
-1.003772835247218609e-03
-7.271683961153030396e-02
-3.228802606463432312e-02
-7.499863952398300171e-02
8.961722254753112793e-02
-3.261704929172992706e-03
1.814416795969009399e-02
-4.159181565046310425e-02
-7.824251800775527954e-02
2.105494774878025055e-02
-8.817848563194274902e-02
-6.814187509007751942e-04
-1.897118426859378815e-02
-5.705763120204210281e-03
-9.153347462415695190e-02
1.497596502304077148e-02
-9.863674640655517578e-03
7.678739726543426514e-02
-1.151297166943550110e-01
-9.299466013908386230e-02
-6.782233715057373047e-02
-2.962234057486057281e-02
-7.277231663465499878e-02
2.190613560378551483e-02
9.535443782806396484e-02
-1.698465272784233093e-02
2.891117893159389496e-02
-5.917565152049064636e-02
3.156799823045730591e-03
-5.692626535892486572e-02
8.351788669824600220e-02
6.510458141565322876e-02
-6.844726204872131348e-02
4.510932788252830505e-02
-3.568028332665562630e-03
4.706259071826934814e-02
4.965920746326446533e-02
1.201779544353485107e-01
-7.368429750204086304e-02
4.590129014104604721e-03
3.879881650209426880e-02
-6.932880729436874390e-03
-1.255249232053756714e-02
4.740430787205696106e-02
4.203340783715248108e-02
3.197349607944488525e-02
-4.494564142078161240e-03
-4.799615219235420227e-02
4.671223834156990051e-02
8.545187115669250488e-02
1.692193932831287384e-02
3.157470002770423889e-02
7.187771052122116089e-02
-3.343589231371879578e-02
3.322325274348258972e-02
-8.285272121429443359e-02
2.854270301759243011e-02
-2.609122358262538910e-02
-4.941484332084655762e-02
-4.897235706448554993e-02
-7.619758695363998413e-02
4.204940795898437500e-02
4.773690178990364075e-02
-2.429287135601043701e-02
-4.968810454010963440e-02
2.589009515941143036e-02
2.520073391497135162e-02
7.412563264369964600e-02
-7.621392607688903809e-03
-1.825351268053054810e-02
6.998752802610397339e-02
-3.589060530066490173e-02
2.437561564147472382e-02
3.715731203556060791e-03
3.510122373700141907e-02
4.409446939826011658e-02
-1.774503849446773529e-02
-5.537844821810722351e-02
2.996455132961273193e-02
4.194123670458793640e-02
-5.628877878189086914e-02
-6.580513715744018555e-02
8.510079234838485718e-02
9.423893690109252930e-02
9.131673723459243774e-02
-7.341768592596054077e-02
2.370694093406200409e-02
1.007343158125877380e-01
-7.681188732385635376e-02
-1.725696213543415070e-02
1.175735890865325928e-01
1.730964332818984985e-02
1.585299149155616760e-03
1.011810824275016785e-02
6.130985543131828308e-02
-3.650224581360816956e-02
-2.524436265230178833e-02
8.681800216436386108e-02
-1.028920710086822510e-01
-7.430997490882873535e-02
2.463336847722530365e-02
-5.581427365541458130e-03
-1.619155146181583405e-02
-8.607790619134902954e-02
9.104469418525695801e-02
3.672422096133232117e-02
-5.726560950279235840e-02
-3.170689567923545837e-02
-4.774348437786102295e-02
-7.910335808992385864e-02
-5.103368312120437622e-04
3.533083945512771606e-02
-6.446742266416549683e-02
4.679885506629943848e-02
6.008845567703247070e-02
-4.438747093081474304e-02
-4.779036715626716614e-02
-2.407812746241688728e-03
1.843266375362873077e-02
-3.567959740757942200e-02
4.568092897534370422e-02
5.555829405784606934e-02
-4.773164913058280945e-02
-5.561777949333190918e-02
7.411531358957290649e-02
-2.506241388618946075e-02
-3.695484250783920288e-03
-2.510632015764713287e-02
4.200445953756570816e-03
-2.538868971168994904e-02
-4.002799466252326965e-02
1.046284195035696030e-02
-9.932979941368103027e-02
9.330516308546066284e-02
9.760022163391113281e-03
6.160544231534004211e-02
-2.772204019129276276e-02
1.972961472347378731e-03
4.728299006819725037e-02
-5.408104136586189270e-02
-6.099406629800796509e-03
-9.757182747125625610e-02
1.226247102022171021e-02
-5.408075824379920959e-02
-4.925218597054481506e-02
-1.640020497143268585e-02
-5.250420048832893372e-02
1.658894121646881104e-02
7.447643671184778214e-03
-7.536070793867111206e-02
1.097279191017150879e-01
-1.035602763295173645e-03
6.761009991168975830e-02
6.729327142238616943e-03
-4.209164902567863464e-02
-3.459687903523445129e-02
2.357084490358829498e-02
5.523299798369407654e-03
-8.135937899351119995e-02
