7.484658062458038330e-02
-1.053245086222887039e-02
6.833840906620025635e-02
-7.192270457744598389e-02
6.980865448713302612e-02
2.643514610826969147e-02
-5.620197579264640808e-02
9.882988780736923218e-02
9.240791946649551392e-02
5.721922963857650757e-02
3.689972311258316040e-02
6.079038232564926147e-02
9.980255365371704102e-02
-3.871436789631843567e-02
-1.454633474349975586e-02
2.570860646665096283e-02
8.450032025575637817e-02
-6.072173640131950378e-02
1.280445046722888947e-02
1.480508744716644287e-01
-7.215173542499542236e-02
5.382179468870162964e-02
-2.890302613377571106e-02
5.404546111822128296e-02
-1.251640617847442627e-01
4.531093686819076538e-02
2.310427464544773102e-02
4.679443687200546265e-02
7.162489742040634155e-02
-5.038212612271308899e-02
-1.142501384019851685e-01
-8.869608491659164429e-02
3.519185632467269897e-02
5.297194793820381165e-02
6.406720727682113647e-02
-2.679598750546574593e-03
-6.444007158279418945e-02
-7.758583128452301025e-02
7.251822948455810547e-02
3.366173058748245239e-02
3.695309534668922424e-02
8.580152690410614014e-02
-9.693294763565063477e-02
8.988265879452228546e-03
-2.198337204754352570e-02
-3.078276291489601135e-02
-6.248455122113227844e-02
-1.740738004446029663e-02
-1.803823933005332947e-02
-5.880632996559143066e-02
-6.966697424650192261e-02
2.767300046980381012e-02
-8.331394195556640625e-02
9.418876469135284424e-02
-1.046874895691871643e-01
-6.031673401594161987e-02
9.004341065883636475e-02
2.802215516567230225e-03
-3.146054595708847046e-02
-3.163604065775871277e-02
7.154969871044158936e-02
-6.393790990114212036e-02
2.255035936832427979e-02
-6.215772032737731934e-02
-8.431769907474517822e-03
-9.455859661102294922e-02
-4.027048498392105103e-02
1.910403743386268616e-02
6.696959584951400757e-02
-1.406586635857820511e-02
-5.141965299844741821e-02
-1.288045383989810944e-02
-1.128301722928881645e-03
9.116077423095703125e-02
1.001508459448814392e-01
4.005004465579986572e-02
6.988690793514251709e-02
1.102982535958290100e-01
-3.419837728142738342e-02
4.115981608629226685e-02
3.817348554730415344e-02
-1.895482651889324188e-02
8.370438218116760254e-02
1.129301171749830246e-02
1.557754725217819214e-02
-8.181062340736389160e-02
-3.361075371503829956e-02
2.703996933996677399e-02
-3.116356953978538513e-02
-6.439086282625794411e-04
-3.726435452699661255e-02
1.482019126415252686e-01
-7.803654763847589493e-03
-1.882093399763107300e-02
-1.660449430346488953e-02
-5.150332115590572357e-03
6.784047186374664307e-02
3.904184326529502869e-02
1.348586231470108032e-01
6.080471351742744446e-02
1.362471748143434525e-02
4.522472620010375977e-02
1.101434379816055298e-01
-1.294834911823272705e-01
-1.101907119154930115e-01
-3.330640867352485657e-02
-4.665405303239822388e-02
1.907092332839965820e-02
5.736374855041503906e-02
-7.344228774309158325e-02
-4.859150201082229614e-02
1.236927732825279236e-01
-1.685642637312412262e-02
-2.022408135235309601e-02
6.559897214174270630e-02
-8.254196494817733765e-02
8.511668443679809570e-02
-6.318369507789611816e-02
-1.461236737668514252e-02
-1.690768636763095856e-02
7.671938836574554443e-02
-2.466248348355293274e-02
-4.108030349016189575e-03
-2.683081105351448059e-02
-1.560408174991607666e-01
8.134252578020095825e-02
3.369446843862533569e-02
-5.553979426622390747e-02
-4.935269057750701904e-02
-7.456821203231811523e-02
1.569379270076751709e-01
-1.637916862964630127e-01
-9.082129597663879395e-02
2.755098044872283936e-02
-1.228497773408889771e-01
7.416258752346038818e-02
2.670058608055114746e-02
-9.013431146740913391e-03
1.167508959770202637e-01
3.288879245519638062e-02
6.291675567626953125e-02
-1.927896961569786072e-02
-6.085524708032608032e-02
-6.303489208221435547e-02
-5.914979055523872375e-02
-2.495426312088966370e-02
1.064660325646400452e-01
-2.695618197321891785e-02
-1.370389573276042938e-02
1.649144850671291351e-02
6.582079082727432251e-02
6.612890865653753281e-03
-1.034535914659500122e-01
-1.166202686727046967e-02
7.604417856782674789e-03
-4.013597592711448669e-02
5.054016783833503723e-02
7.940571010112762451e-02
-9.503845870494842529e-02
4.815258085727691650e-02
3.061283566057682037e-02
6.603664159774780273e-02
6.098730117082595825e-02
2.105483412742614746e-02
-1.037724986672401428e-01
1.619254946708679199e-01
2.234626747667789459e-02
1.243982091546058655e-01
-9.793765842914581299e-02
-1.610731706023216248e-03
6.126211956143379211e-02
8.515485376119613647e-02
7.203193753957748413e-02
3.061959706246852875e-02
-1.028001279337331653e-04
-4.541122913360595703e-02
1.721834018826484680e-02
-4.924898222088813782e-02
-1.641207933425903320e-02
-3.619114309549331665e-02
-3.427092730998992920e-02
8.216478675603866577e-02
9.723199531435966492e-03
4.653097316622734070e-02
-3.867935761809349060e-02
-6.845531612634658813e-02
-1.252788025885820389e-02
-3.771612048149108887e-02
-6.149924546480178833e-02
-1.016243472695350647e-01
-5.571336671710014343e-02
-8.129130303859710693e-02
1.020297631621360779e-01
4.982830956578254700e-02
2.687094174325466156e-02
-3.684680908918380737e-02
-4.692209511995315552e-02
-2.914676629006862640e-02
-5.263587925583124161e-03
1.208073347806930542e-01
1.021281350404024124e-02
-8.281123638153076172e-02
1.022034734487533569e-01
-8.493227884173393250e-03
8.621542155742645264e-02
-7.456056773662567139e-02
-2.543136104941368103e-02
-4.660344496369361877e-02
-1.676047779619693756e-02
2.969979308545589447e-02
5.353206396102905273e-02
-3.517084196209907532e-02
1.431793421506881714e-01
-6.322364509105682373e-02
2.888808585703372955e-02
9.310396015644073486e-02
8.641485869884490967e-02
6.852492806501686573e-04
-1.187322586774826050e-01
1.015158668160438538e-01
7.050123065710067749e-02
1.046187151223421097e-02
-7.498013973236083984e-02
-4.249656945466995239e-02
1.021580919623374939e-01
-1.481444835662841797e-01
8.614084124565124512e-02
1.221592798829078674e-01
1.847427636384963989e-01
-9.169988334178924561e-02
-1.392510384321212769e-01
2.706154622137546539e-02
-9.423304349184036255e-03
-8.233682811260223389e-02
2.226692624390125275e-02
-1.412992030382156372e-01
6.997138261795043945e-02
7.275693118572235107e-02
9.295471757650375366e-02
1.966934464871883392e-02
-1.406193524599075317e-01
-4.716229811310768127e-02
-1.947341673076152802e-02
-6.592197716236114502e-02
-2.303785271942615509e-02
-1.084523424506187439e-01
1.448959261178970337e-01
-5.899289995431900024e-02
2.405315265059471130e-02
-1.020086854696273804e-01
2.836869657039642334e-02
1.132509112358093262e-01
-8.065585792064666748e-02
3.441202268004417419e-02
-1.377839315682649612e-02
-7.521563768386840820e-02
-1.097531765699386597e-01
4.652643576264381409e-02
-3.392757102847099304e-02
-5.600971169769763947e-03
-1.053151115775108337e-01
4.913270473480224609e-02
9.162392467260360718e-02
3.340540826320648193e-02
2.936689928174018860e-02
-2.588140405714511871e-02
-9.521885216236114502e-02
-4.241374135017395020e-02
1.588435620069503784e-01
5.841648578643798828e-02
-9.116739034652709961e-03
-1.167464256286621094e-01
4.648355022072792053e-02
-3.187950327992439270e-02
-5.474358797073364258e-02
9.472590871155261993e-03
1.357294470071792603e-01
-1.304769665002822876e-01
-2.128323167562484741e-02
-1.824529655277729034e-02
6.233525276184082031e-02
-8.723795413970947266e-02
8.263411372900009155e-02
2.655018866062164307e-02
-1.225723773241043091e-01
-5.277837067842483521e-02
7.073025405406951904e-02
-3.192877024412155151e-02
3.747181966900825500e-02
-7.787555456161499023e-02
-8.656151592731475830e-02
1.149832457304000854e-01
8.128353208303451538e-02
-4.222185164690017700e-02
-7.062244415283203125e-02
-9.617305360734462738e-03
-1.679793058428913355e-04
4.223560541868209839e-02
1.010063942521810532e-02
2.716744877398014069e-02
1.720919646322727203e-02
-6.843163818120956421e-02
1.922171912156045437e-03
-7.180126011371612549e-02
-1.434163451194763184e-01
6.772468984127044678e-02
-1.292731612920761108e-01
-2.212822251021862030e-02
-4.900338128209114075e-02
-1.727821528911590576e-01
1.540683489292860031e-02
-4.430115595459938049e-02
-6.712996214628219604e-02
1.830012165009975433e-02
5.591707676649093628e-02
-5.581673234701156616e-02
3.112209215760231018e-02
-1.818682700395584106e-01
-2.087340876460075378e-02
7.108724862337112427e-02
2.681822702288627625e-02
-3.537541627883911133e-02
-1.052360907196998596e-01
7.560094445943832397e-02
-2.695852518081665039e-02
2.361679635941982269e-02
-1.386897265911102295e-02
1.126789674162864685e-02
3.336695954203605652e-02
5.561099201440811157e-02
5.888470262289047241e-02
-3.500837832689285278e-02
-1.455096178688108921e-03
4.668794944882392883e-02
5.558545514941215515e-02
9.557451307773590088e-02
1.167801246047019958e-01
1.954221399500966072e-03
-6.796865165233612061e-02
2.910656388849020004e-03
-1.225971952080726624e-01
6.296496838331222534e-02
-3.913658112287521362e-02
1.056888513267040253e-02
-9.756307303905487061e-02
-5.235898494720458984e-02
-1.036011949181556702e-01
7.219754159450531006e-02
1.830830797553062439e-02
9.086444228887557983e-02
-3.576588351279497147e-03
-6.122333928942680359e-02
9.490910917520523071e-02
-1.172349080443382263e-01
-2.956997975707054138e-02
2.606833539903163910e-02
1.071399897336959839e-01
-1.328353732824325562e-01
1.224716454744338989e-01
8.475121110677719116e-02
3.984183073043823242e-02
-8.064936101436614990e-02
-1.013746485114097595e-01
-6.551489233970642090e-02
1.165937185287475586e-01
5.273140850476920605e-04
-5.681966617703437805e-02
-3.899996355175971985e-02
-2.213894575834274292e-02
-7.483871281147003174e-02
-2.905800566077232361e-02
-5.351005122065544128e-02
1.118720173835754395e-01
5.022266507148742676e-02
-4.265113919973373413e-02
-9.812100976705551147e-02
-9.963013231754302979e-02
1.323854923248291016e-01
-8.121093362569808960e-02
-2.555037103593349457e-02
-2.763315476477146149e-02
-2.248095534741878510e-02
8.119539916515350342e-02
5.103611946105957031e-02
5.244056135416030884e-02
5.363860726356506348e-02
5.438173655420541763e-03
1.389436423778533936e-01
-9.151671081781387329e-02
7.693286985158920288e-02
-1.394982337951660156e-01
-9.735916554927825928e-02
5.204861611127853394e-02
-2.956194616854190826e-02
5.051597207784652710e-02
-5.198779702186584473e-02
-1.164491176605224609e-01
-3.098893794231116772e-04
1.079660430550575256e-01
1.640396378934383392e-02
-6.328950822353363037e-02
5.499005317687988281e-02
-1.080526933073997498e-01
-1.538120768964290619e-02
9.431321173906326294e-02
1.286999434232711792e-01
-4.890308156609535217e-02
-5.317557975649833679e-02
1.595389470458030701e-02
1.145163327455520630e-01
-5.689106509089469910e-02
-9.644526243209838867e-02
6.903733313083648682e-02
-1.261090207844972610e-02
-1.123788505792617798e-01
-1.049243584275245667e-01
2.832421101629734039e-02
1.139579564332962036e-01
3.833245113492012024e-02
6.920479238033294678e-02
-5.162896960973739624e-02
2.617483772337436676e-02
2.509484812617301941e-02
-8.152469247579574585e-02
9.022438526153564453e-02
-2.965044695883989334e-03
-2.628300711512565613e-02
-6.286362558603286743e-02
-8.547019958496093750e-02
7.581233978271484375e-03
-1.044490127242170274e-04
6.310892105102539062e-02
-1.791876927018165588e-02
-6.973081827163696289e-02
2.374726580455899239e-03
-9.975521825253963470e-03
-5.624331161379814148e-02
-8.592337369918823242e-02
6.314880400896072388e-02
-4.666707664728164673e-02
-5.069573409855365753e-03
7.445490360260009766e-02
4.452755302190780640e-02
-1.354325213469564915e-03
-3.885652869939804077e-02
4.656285513192415237e-03
-7.100687921047210693e-02
-6.453503668308258057e-02
-7.344593107700347900e-02
-1.053153872489929199e-01
-3.241840749979019165e-02
1.495477836579084396e-02
1.226339787244796753e-01
9.503181278705596924e-02
-6.356928497552871704e-02
-1.009811535477638245e-01
9.741985239088535309e-03
-8.285184949636459351e-02
-7.382412254810333252e-02
-9.464377537369728088e-03
-3.952350094914436340e-02
3.697875142097473145e-02
-1.162814274430274963e-01
7.491396274417638779e-03
3.772235661745071411e-02
3.271926939487457275e-02
3.052383288741111755e-02
-2.343908511102199554e-02
-2.556691505014896393e-02
1.019555702805519104e-01
4.238507896661758423e-02
6.576310098171234131e-02
-6.262241303920745850e-02
3.298905491828918457e-02
7.168489694595336914e-02
-4.786560684442520142e-02
-7.608781754970550537e-02
-3.667291253805160522e-02
-3.658879548311233521e-02
2.149754390120506287e-02
1.949008181691169739e-02
1.239132136106491089e-01
-3.943138197064399719e-02
3.097804263234138489e-02
8.727185428142547607e-02
2.963076904416084290e-02
-3.282983228564262390e-02
1.045744866132736206e-01
-3.238264471292495728e-02
7.084727287292480469e-02
2.818464115262031555e-02
6.818264722824096680e-02
-5.489624664187431335e-02
2.710918709635734558e-02
8.155779913067817688e-03
1.019526124000549316e-01
9.475429356098175049e-02
5.886307358741760254e-02
1.633417159318923950e-01
4.312403872609138489e-02
-5.301617830991744995e-02
5.148853734135627747e-02
-3.094902634620666504e-02
-1.010658293962478638e-01
-7.054358720779418945e-02
-4.131269827485084534e-02
-1.339804977178573608e-01
1.547157205641269684e-02
1.070680376142263412e-02
-1.690753102302551270e-01
-4.719606786966323853e-02
-3.316237777471542358e-02
-4.484959691762924194e-02
8.825808763504028320e-02
1.730980537831783295e-02
9.959428012371063232e-02
-2.497771009802818298e-02
-6.093233823776245117e-02
-8.448407799005508423e-02
-1.199724301695823669e-01
7.964429445564746857e-03
1.324403006583452225e-02
-2.842952683568000793e-02
8.867681026458740234e-05
-3.674264997243881226e-02
-1.435080729424953461e-02
1.067727059125900269e-01
-1.054717153310775757e-01
-8.284823596477508545e-02
-1.048061996698379517e-02
1.710180006921291351e-02
5.226306244730949402e-02
-5.067829042673110962e-02
2.795858308672904968e-02
2.557206712663173676e-02
-5.086711794137954712e-02
5.972356349229812622e-02
1.218397617340087891e-01
-2.940777689218521118e-03
8.201207220554351807e-02
8.355791121721267700e-02
-2.109355852007865906e-02
1.540538072586059570e-01
-8.859045803546905518e-02
6.776398420333862305e-02
-1.083168834447860718e-01
-8.471996337175369263e-02
2.336948551237583160e-02
1.787430047988891602e-02
2.813168242573738098e-02
2.080123499035835266e-02
3.397334739565849304e-02
-9.647257626056671143e-02
-2.332315593957901001e-02
9.435205161571502686e-02
8.965737186372280121e-03
1.783429645001888275e-02
-1.081642508506774902e-01
-9.428223222494125366e-02
-5.159788206219673157e-02
-6.126840040087699890e-02
4.745145514607429504e-02
-2.945750893559306860e-04
1.156881600618362427e-01
8.469660766422748566e-03
1.097547262907028198e-02
-4.767963197082281113e-03
-3.299142047762870789e-02
-8.487102389335632324e-02
-7.061554491519927979e-02
7.633511722087860107e-02
5.838542059063911438e-02
-3.775401040911674500e-02
2.712306752800941467e-02
-7.423810660839080811e-02
4.976861923933029175e-02
2.409164980053901672e-02
-4.896089434623718262e-02
7.557082176208496094e-02
-1.175155416131019592e-01
-4.699489846825599670e-02
-6.949291564524173737e-03
-1.930501312017440796e-02
1.743124425411224365e-02
-4.070928692817687988e-02
-1.610442996025085449e-03
1.173057034611701965e-02
-4.630988091230392456e-02
-8.962701261043548584e-02
-6.878905929625034332e-03
4.152451083064079285e-02
5.928692966699600220e-02
9.316474199295043945e-02
7.685928046703338623e-02
-2.452661469578742981e-02
-7.331303507089614868e-02
-6.848536431789398193e-04
3.810626640915870667e-02
3.554286807775497437e-02
1.352516282349824905e-02
7.232721149921417236e-02
-3.795032575726509094e-02
2.234296686947345734e-02
-3.399220854043960571e-02
1.090308874845504761e-01
6.385676562786102295e-02
-7.957538217306137085e-02
9.167777001857757568e-02
5.430318415164947510e-04
1.553588081151247025e-02
1.666763722896575928e-01
1.115256920456886292e-01
-6.886841356754302979e-02
-4.256851226091384888e-02
-1.962660998106002808e-02
1.405629236251115799e-02
-7.905294001102447510e-02
-1.313071250915527344e-01
4.514512419700622559e-02
7.533183693885803223e-02
-4.311365634202957153e-02
-6.949274986982345581e-02
5.653671175241470337e-02
2.811440452933311462e-02
-3.866778686642646790e-02
-2.738391235470771790e-02
-1.158933639526367188e-01
-6.979656219482421875e-02
-3.406822681427001953e-03
-1.191624179482460022e-01
-8.803936094045639038e-02
3.009764477610588074e-02
-5.514611676335334778e-02
-7.591132074594497681e-02
8.491566032171249390e-02
-3.821730241179466248e-02
9.352215379476547241e-02
-4.616846516728401184e-02
5.807791277766227722e-02
-3.902467712759971619e-02
-9.791511297225952148e-02
-1.373001188039779663e-01
2.176261320710182190e-02
4.347106814384460449e-02
-6.913994252681732178e-02
2.930625714361667633e-02
6.855810433626174927e-02
1.479676645249128342e-02
-1.128610372543334961e-01
1.679329574108123779e-02
1.251757889986038208e-01
8.991364389657974243e-02
-1.323376893997192383e-01
-1.268225014209747314e-01
5.734707042574882507e-02
5.478345230221748352e-02
1.614356338977813721e-01
-4.916947335004806519e-02
7.455528527498245239e-02
1.460347138345241547e-02
5.591894313693046570e-02
8.101650327444076538e-02
5.009942501783370972e-02
-1.285974532365798950e-01
3.350306302309036255e-02
8.500899374485015869e-02
4.600012674927711487e-02
5.744211003184318542e-02
-1.230732202529907227e-01
-8.765368163585662842e-02
-1.339128315448760986e-01
-4.223938100039958954e-03
2.528457902371883392e-02
2.843834087252616882e-02
-1.292282342910766602e-01
1.307094097137451172e-01
2.053274214267730713e-02
9.501855820417404175e-02
-5.784977599978446960e-02
6.075880024582147598e-03
4.599714279174804688e-02
1.293513923883438110e-03
-2.252314984798431396e-02
-1.080629602074623108e-01
-5.078325420618057251e-02
-1.068944111466407776e-01
3.172508254647254944e-02
3.830815199762582779e-03
-9.199623018503189087e-02
-8.516504615545272827e-02
7.401206344366073608e-02
-3.076079767197370529e-03
-6.216942146420478821e-02
-5.551878735423088074e-02
9.070382267236709595e-02
-3.191131399944424629e-03
-1.036114245653152466e-01
-1.543310284614562988e-02
-5.448019504547119141e-02
-3.390134125947952271e-02
6.935063749551773071e-02
-9.805424511432647705e-02
-5.056804418563842773e-02
5.496287345886230469e-02
2.401905134320259094e-02
1.169659867882728577e-01
9.035668522119522095e-02
-5.773194506764411926e-02
6.769321858882904053e-02
6.013171002268791199e-02
4.379668831825256348e-02
1.190806180238723755e-01
2.394561283290386200e-02
-8.467549085617065430e-02
1.024277433753013611e-01
-1.595476269721984863e-02
-5.841679498553276062e-02
-1.343804597854614258e-01
1.081051211804151535e-02
-1.458354853093624115e-02
6.111700087785720825e-02
-4.913041740655899048e-02
7.202357053756713867e-02
-2.186455205082893372e-02
-4.673184826970100403e-02
-4.183210432529449463e-02
9.141733869910240173e-03
4.790529236197471619e-02
3.503641486167907715e-02
6.328355520963668823e-03
-1.460674451664090157e-03
-5.465729162096977234e-02
6.680261343717575073e-02
-9.481908380985260010e-02
-1.357644498348236084e-01
7.014504168182611465e-03
-4.848140478134155273e-02
-1.036496758460998535e-01
-7.238606363534927368e-02
8.844975382089614868e-02
6.317551434040069580e-02
-2.202007919549942017e-02
1.221952065825462341e-01
4.177880287170410156e-02
1.329708993434906006e-01
1.012173295021057129e-01
-6.478175520896911621e-03
-4.764411970973014832e-02
1.070909723639488220e-01
-2.418436110019683838e-02
4.140493273735046387e-02
9.043390303850173950e-02
6.973654776811599731e-02
-6.085588783025741577e-02
-4.815851897001266479e-02
4.939401149749755859e-02
-1.074915006756782532e-02
-2.757542207837104797e-02
-1.344825476408004761e-01
1.148467287421226501e-01
-2.848035655915737152e-02
6.370319426059722900e-02
-9.911856800317764282e-02
6.920926272869110107e-03
1.033834833651781082e-02
-4.622889682650566101e-02
-1.044711843132972717e-01
6.076826527714729309e-02
1.314873527735471725e-02
1.580367214046418667e-03
-1.317096799612045288e-01
6.066692993044853210e-02
1.092859730124473572e-01
-6.321350578218698502e-03
3.766196221113204956e-02
7.797618955373764038e-02
-1.071555018424987793e-01
9.840618818998336792e-03
-7.478246092796325684e-02
-4.620321840047836304e-02
4.793232306838035583e-02
1.129958406090736389e-01
6.649690866470336914e-02
-1.348965149372816086e-02
-2.393895573914051056e-02
-1.524187177419662476e-01
6.998199224472045898e-02
1.055608764290809631e-01
2.967150136828422546e-02
-4.284159839153289795e-02
-6.390249729156494141e-02
-7.385083287954330444e-02
-7.949344068765640259e-02
7.630658149719238281e-02
-1.571455001831054688e-01
-1.057344451546669006e-01
-1.408522129058837891e-01
-4.307243973016738892e-02
7.488493621349334717e-02
-7.752405107021331787e-02
-5.271183326840400696e-02
-1.136864423751831055e-01
8.876949548721313477e-02
2.434467710554599762e-02
5.294281244277954102e-02
8.440718054771423340e-02
7.058575004339218140e-02
6.415252387523651123e-02
-1.420711576938629150e-01
7.434277236461639404e-02
3.677188977599143982e-02
-7.643379271030426025e-02
9.971054643392562866e-02
-2.176009118556976318e-02
7.088891416788101196e-02
1.072399243712425232e-01
4.089273884892463684e-02
6.420819461345672607e-02
-3.669581934809684753e-02
8.221058547496795654e-02
1.697918772697448730e-01
-1.974701508879661560e-02
1.014500632882118225e-01
6.470005027949810028e-03
-4.639664292335510254e-02
6.827419996261596680e-02
-4.457329958677291870e-02
5.105821881443262100e-03
-4.055497050285339355e-02
-5.696427822113037109e-02
7.000917196273803711e-02
-7.499106973409652710e-02
-2.976111695170402527e-02
9.481108188629150391e-02
-2.128122188150882721e-02
-8.126251399517059326e-02
1.113454550504684448e-01
-1.207064166665077209e-01
-1.942148990929126740e-02
4.199570417404174805e-02
6.972871720790863037e-02
-5.405992269515991211e-03
9.265519678592681885e-02
-8.596734702587127686e-02
-9.796801954507827759e-02
1.266731023788452148e-01
-1.035894453525543213e-02
-6.633614003658294678e-02
3.961582854390144348e-02
-4.603326320648193359e-03
9.070350229740142822e-02
4.680813848972320557e-02
9.557743370532989502e-02
-8.336198329925537109e-02
3.921991586685180664e-02
-5.119691044092178345e-02
-9.011538326740264893e-02
-4.625867307186126709e-02
-8.458568155765533447e-02
1.064256206154823303e-01
-7.793298363685607910e-02
-9.853237122297286987e-02
8.106083422899246216e-02
-1.267342548817396164e-02
-8.131210505962371826e-02
8.103959262371063232e-02
-5.257553607225418091e-02
8.334870636463165283e-02
-8.221255242824554443e-02
6.679137051105499268e-02
1.016216501593589783e-01
3.411636501550674438e-02
8.125504478812217712e-03
1.016989350318908691e-02
4.025878757238388062e-02
1.334387809038162231e-02
9.093560278415679932e-03
-1.117787808179855347e-01
1.055665463209152222e-01
-1.614184081554412842e-01
5.710618942975997925e-02
7.992198318243026733e-02
4.706402868032455444e-02
-1.355909407138824463e-01
6.085404008626937866e-02
8.540723472833633423e-02
4.393848404288291931e-02
-3.596309944987297058e-02
-1.026809066534042358e-01
1.682991087436676025e-01
-3.817589208483695984e-02
-2.566701173782348633e-02
3.429836034774780273e-02
-3.669358044862747192e-02
-7.395903021097183228e-02
-1.108385324478149414e-01
2.350799739360809326e-02
-7.765754126012325287e-03
-8.696052245795726776e-03
1.400719135999679565e-01
-4.515565186738967896e-02
-6.598328053951263428e-02
-1.984043046832084656e-02
-9.318606555461883545e-02
8.136250078678131104e-02
-1.210485864430665970e-02
1.067914962768554688e-01
1.168737635016441345e-01
-1.595311313867568970e-01
1.050558537244796753e-01
-5.547014996409416199e-02
-9.282960742712020874e-02
1.092541217803955078e-01
4.311407916247844696e-03
1.493467390537261963e-01
-4.521093517541885376e-02
-1.132693737745285034e-01
-2.701908908784389496e-02
-2.816157415509223938e-02
-5.414881557226181030e-02
1.416765339672565460e-02
-1.580289378762245178e-02
6.931813061237335205e-02
7.107676565647125244e-02
-1.314929574728012085e-01
-8.444772660732269287e-02
1.321358531713485718e-01
-9.274174273014068604e-02
1.961854100227355957e-02
-5.455971509218215942e-02
4.796298593282699585e-02
-7.744462788105010986e-02
-1.723941601812839508e-02
1.365761756896972656e-01
4.284951835870742798e-02
-1.493959128856658936e-02
-1.375725143589079380e-03
7.632501423358917236e-03
1.151744276285171509e-01
-3.197171539068222046e-02
1.936358772218227386e-02
-6.320036947727203369e-02
-7.545654475688934326e-02
6.946773827075958252e-02
-5.828562378883361816e-02
9.172506630420684814e-02
5.137215182185173035e-02
-8.860643208026885986e-02
-4.941194131970405579e-02
6.159565597772598267e-02
-5.626972392201423645e-02
1.115322336554527283e-01
8.135613054037094116e-02
-6.046548485755920410e-02
-6.950120627880096436e-02
5.451483651995658875e-02
9.206204861402511597e-02
3.165857866406440735e-02
-1.219845563173294067e-01
8.554407954216003418e-02
-6.166841834783554077e-02
1.169847697019577026e-01
-8.550488948822021484e-02
4.923378676176071167e-02
-6.778202950954437256e-02
6.747640669345855713e-02
-3.438595682382583618e-02
-6.853191554546356201e-02
1.219056472182273865e-01
6.597694754600524902e-02
1.224711686372756958e-01
-5.809419229626655579e-02
8.628436177968978882e-02
-7.391879707574844360e-02
9.958653151988983154e-02
6.531653553247451782e-02
-8.947498351335525513e-02
-1.597495377063751221e-02
1.630697026848793030e-02
9.306816011667251587e-02
4.115524142980575562e-02
4.158460348844528198e-02
9.017797559499740601e-02
-8.147749304771423340e-02
-1.240736525505781174e-02
-1.036953181028366089e-01
-2.923768199980258942e-02
1.599497497081756592e-01
-1.928832381963729858e-01
5.490671470761299133e-02
4.351804032921791077e-02
8.630327880382537842e-02
-2.718587592244148254e-02
6.106482073664665222e-02
1.182101517915725708e-01
-6.433077901601791382e-02
-3.992258757352828979e-02
3.779925033450126648e-02
-9.308180958032608032e-02
6.839898228645324707e-02
-5.478763580322265625e-02
-4.077549278736114502e-02
-2.132095396518707275e-03
-9.109832346439361572e-02
1.031853780150413513e-01
-1.446766406297683716e-01
-1.556272059679031372e-02
-6.146017462015151978e-02
-4.215284436941146851e-02
-9.819208085536956787e-02
1.412527412176132202e-01
1.042999848723411560e-01
2.767413854598999023e-02
-2.027470059692859650e-02
1.073408275842666626e-01
8.020017296075820923e-02
-8.475735038518905640e-02
-2.600114606320858002e-02
2.699377574026584625e-02
1.750368997454643250e-02
-5.971192196011543274e-02
1.012878417968750000e-01
-6.758870929479598999e-02
4.784225299954414368e-02
