3.171765804290771484e-02
-3.995407745242118835e-02
6.501687318086624146e-02
4.324764758348464966e-02
-1.846626959741115570e-02
8.607185631990432739e-02
-2.599794603884220123e-02
6.819629669189453125e-02
-1.602480709552764893e-01
6.510654836893081665e-02
-3.850929066538810730e-02
-1.503643020987510681e-02
1.324765384197235107e-03
1.249822825193405151e-01
-1.243023201823234558e-01
1.691942289471626282e-02
-2.348186448216438293e-02
-6.458432227373123169e-02
-7.059065997600555420e-02
5.265910923480987549e-02
-1.759126186370849609e-01
-5.984387919306755066e-02
1.009320989251136780e-01
8.825509995222091675e-02
-3.786608576774597168e-03
-1.583284884691238403e-02
-1.478758454322814941e-01
-7.158592343330383301e-03
-2.102422341704368591e-02
-9.320104122161865234e-02
-1.108639985322952271e-01
-1.739589273929595947e-01
4.285465180873870850e-02
3.587792441248893738e-02
6.288871169090270996e-02
-1.083967275917530060e-02
1.175099089741706848e-01
5.861818790435791016e-04
-8.068382740020751953e-02
-7.808180153369903564e-02
-1.191124841570854187e-01
-3.162979707121849060e-02
-8.407640457153320312e-02
-1.548661291599273682e-02
8.397130668163299561e-02
-3.416985273361206055e-02
9.248752146959304810e-02
3.668657690286636353e-02
-2.025169134140014648e-02
-3.377639502286911011e-02
2.852109819650650024e-02
6.912121921777725220e-02
8.610992133617401123e-02
8.715511113405227661e-02
-3.970861434936523438e-03
2.889702282845973969e-02
1.313443481922149658e-01
-3.866370767354965210e-02
6.660737097263336182e-02
1.214165166020393372e-01
-2.700938284397125244e-02
4.569830000400543213e-02
3.751505911350250244e-02
-4.932900518178939819e-02
2.799591794610023499e-02
3.206718713045120239e-02
-1.026748120784759521e-01
1.509783118963241577e-01
6.276470422744750977e-02
9.214968979358673096e-02
-3.906428068876266479e-02
6.761581450700759888e-02
-5.538381636142730713e-03
-6.853956729173660278e-03
-1.561035513877868652e-01
1.038155034184455872e-01
-5.535967648029327393e-03
2.282862365245819092e-02
5.498986318707466125e-02
-1.130427718162536621e-01
-5.019693076610565186e-02
2.986722253262996674e-02
-1.665930449962615967e-01
-2.458598464727401733e-03
8.010169863700866699e-02
1.675927639007568359e-02
-1.417267322540283203e-01
6.563466787338256836e-02
9.986635297536849976e-03
-1.019310355186462402e-01
3.102790191769599915e-02
2.342404052615165710e-02
-1.302084326744079590e-02
-9.769398719072341919e-02
1.234671920537948608e-01
2.196601964533329010e-02
-9.259802848100662231e-02
-1.689444109797477722e-02
4.682613536715507507e-02
-6.221203505992889404e-02
-8.083103597164154053e-02
6.071441620588302612e-02
6.463652849197387695e-02
-1.366787403821945190e-01
1.846340298652648926e-02
-6.009341776371002197e-02
-1.430571079254150391e-01
5.417180806398391724e-02
-1.024221926927566528e-01
-1.256066262722015381e-01
2.718890085816383362e-02
8.732969313859939575e-02
-2.439192868769168854e-02
1.662953495979309082e-01
-2.649953216314315796e-02
-1.689657419919967651e-01
-2.643042430281639099e-02
-8.072058856487274170e-02
-2.291419357061386108e-02
-5.070612579584121704e-02
-2.334411069750785828e-02
-1.822560429573059082e-01
9.171049296855926514e-02
-1.064510941505432129e-01
-8.804108202457427979e-02
6.112728267908096313e-02
-6.161542981863021851e-02
-2.892710268497467041e-02
-7.742567360401153564e-02
6.707277148962020874e-02
2.409415692090988159e-02
-7.003492861986160278e-02
-1.485612094402313232e-01
-1.233468055725097656e-01
-1.717983782291412354e-01
-9.641228616237640381e-02
4.678329080343246460e-02
1.007516756653785706e-01
1.095152795314788818e-01
2.714049443602561951e-02
8.519371971487998962e-03
5.994519591331481934e-02
1.673584803938865662e-02
-9.860775619745254517e-02
-1.479700952768325806e-02
5.810633301734924316e-04
-2.793012559413909912e-02
3.340155258774757385e-02
2.320178411900997162e-02
-4.030573368072509766e-02
2.995074540376663208e-02
-7.067467272281646729e-02
1.256467550992965698e-01
-4.306100308895111084e-02
1.001706644892692566e-01
-1.409740597009658813e-01
-1.477881073951721191e-01
1.327857673168182373e-01
1.538629457354545593e-02
-3.241121768951416016e-03
-4.297778382897377014e-02
9.816658683121204376e-03
-2.477310970425605774e-02
-7.416179031133651733e-02
1.292433142662048340e-01
3.743952140212059021e-02
5.806642398238182068e-02
-3.646197728812694550e-04
1.448397040367126465e-01
-6.880953907966613770e-02
1.394353620707988739e-02
-7.051074504852294922e-02
-1.813628971576690674e-01
-3.285644948482513428e-02
1.355449110269546509e-02
8.546802401542663574e-02
1.137745976448059082e-01
2.095478773117065430e-02
1.425153613090515137e-01
-6.853315979242324829e-02
1.026814803481101990e-01
-2.270813286304473877e-02
-2.616527490317821503e-02
-1.461145281791687012e-01
-1.666761338710784912e-01
-1.125044561922550201e-02
4.331409931182861328e-02
1.321882009506225586e-01
1.201134845614433289e-01
1.323919743299484253e-03
-1.041458547115325928e-02
-5.892582982778549194e-02
-1.263459324836730957e-01
-7.854195684194564819e-02
7.968425005674362183e-02
3.656485676765441895e-02
2.104509249329566956e-02
-6.795664131641387939e-02
1.316821426153182983e-01
3.986763767898082733e-04
-1.038962975144386292e-01
-5.553902313113212585e-02
-1.153409108519554138e-01
-1.132515221834182739e-01
6.592833250761032104e-02
1.076926141977310181e-01
6.755139678716659546e-02
6.339544802904129028e-02
-2.683019638061523438e-02
1.096162050962448120e-01
1.858657896518707275e-01
6.600536406040191650e-02
-9.731574356555938721e-02
-5.104595422744750977e-02
5.650661885738372803e-02
1.501628160476684570e-01
-5.277164652943611145e-02
4.301359504461288452e-02
-2.885599806904792786e-02
6.960692256689071655e-02
2.416259795427322388e-02
-1.182442605495452881e-01
-8.124567568302154541e-03
-1.339591145515441895e-01
7.188937813043594360e-02
1.089078485965728760e-01
7.274310290813446045e-02
3.544889762997627258e-02
-1.807656288146972656e-01
-3.542935475707054138e-02
-6.751838326454162598e-02
-1.104044616222381592e-01
-8.050955832004547119e-03
-3.178992867469787598e-02
1.078617796301841736e-01
1.184695214033126831e-01
3.707845881581306458e-02
-1.670236513018608093e-02
6.894420832395553589e-02
-8.669842779636383057e-02
1.105181127786636353e-02
-9.457241743803024292e-02
3.225271403789520264e-02
8.991905301809310913e-02
6.842897273600101471e-03
1.121366545557975769e-01
-1.106555536389350891e-01
3.789498656988143921e-02
8.606586605310440063e-02
5.537121742963790894e-02
5.416118353605270386e-02
1.090771704912185669e-02
8.033322542905807495e-02
6.330990791320800781e-02
-4.807533696293830872e-02
3.362172748893499374e-03
-1.112463604658842087e-02
3.448745608329772949e-02
-2.471041679382324219e-02
-3.038988076150417328e-02
5.476661026477813721e-02
-1.074340119957923889e-01
-8.573988080024719238e-02
-4.696867242455482483e-02
8.058895356953144073e-03
-6.529269367456436157e-02
-2.559540048241615295e-02
4.100096970796585083e-02
1.476095914840698242e-01
-2.769284136593341827e-02
-1.271231472492218018e-01
1.355268210172653198e-01
1.311518251895904541e-02
8.573137223720550537e-02
2.534388564527034760e-02
-1.193063706159591675e-01
3.214788436889648438e-02
-1.894440501928329468e-04
-2.139629423618316650e-02
1.287600398063659668e-01
-6.346555426716804504e-03
-1.686894893646240234e-02
4.894893616437911987e-02
-6.616529822349548340e-02
-2.005008608102798462e-02
1.219944469630718231e-02
6.908135116100311279e-02
-1.297729909420013428e-01
-8.651635050773620605e-02
8.529168367385864258e-02
7.100077718496322632e-02
7.376767694950103760e-02
5.734723061323165894e-02
-7.779894024133682251e-02
-9.016519784927368164e-02
-5.576752126216888428e-03
2.570151910185813904e-02
-2.085161581635475159e-02
-9.365765750408172607e-02
1.392342746257781982e-01
-4.331384971737861633e-02
-3.348560631275177002e-02
1.312167197465896606e-02
-6.671128422021865845e-02
5.625434219837188721e-02
1.084997504949569702e-01
-5.667793005704879761e-02
-3.875384852290153503e-02
-1.296317577362060547e-01
1.323354057967662811e-02
-9.848284721374511719e-02
-5.896024033427238464e-02
-7.453475892543792725e-02
-1.301689594984054565e-01
-4.731328785419464111e-02
-5.539380013942718506e-02
7.194497436285018921e-02
7.638069987297058105e-02
1.212487965822219849e-01
-8.210318535566329956e-02
-1.041954010725021362e-01
1.056521981954574585e-01
5.224144458770751953e-02
-6.549433618783950806e-02
7.783606648445129395e-03
5.426621437072753906e-02
4.801274836063385010e-02
9.235034137964248657e-02
2.068846859037876129e-02
-5.562970787286758423e-02
3.921841084957122803e-02
-5.154288560152053833e-02
-6.866720318794250488e-02
1.526143252849578857e-01
3.497654199600219727e-02
5.901858210563659668e-03
-1.263232827186584473e-01
7.370570302009582520e-02
1.483785510063171387e-01
1.039782166481018066e-02
1.432880461215972900e-01
-3.376746922731399536e-02
1.173623576760292053e-01
3.041109442710876465e-02
4.791808873414993286e-02
-7.178828865289688110e-02
-1.394907236099243164e-01
2.206853218376636505e-02
-2.099949680268764496e-02
-1.147261112928390503e-01
-9.719687700271606445e-02
-1.265870407223701477e-02
-1.490626037120819092e-01
-4.653294384479522705e-02
2.087103202939033508e-02
-2.612832002341747284e-02
1.467026174068450928e-01
-1.522294804453849792e-02
4.571028798818588257e-02
8.890699595212936401e-02
3.182063624262809753e-02
2.854933589696884155e-02
9.885060787200927734e-02
2.524212002754211426e-03
1.659858599305152893e-02
-7.387094944715499878e-02
1.578485071659088135e-01
3.300798311829566956e-02
1.972704008221626282e-02
-1.110111400485038757e-01
-3.788241744041442871e-02
-1.888768374919891357e-02
-2.907275035977363586e-02
9.289920330047607422e-02
-5.407587066292762756e-02
-7.187351584434509277e-04
5.499458685517311096e-02
-2.540234476327896118e-03
-1.909309625625610352e-01
-3.119274973869323730e-03
-1.379571259021759033e-01
1.282761693000793457e-01
-5.271147936582565308e-03
1.082843020558357239e-01
-2.360767126083374023e-02
-4.084530100226402283e-02
6.809413433074951172e-03
-7.198891043663024902e-02
-3.581527993083000183e-02
3.541390597820281982e-02
-7.591290771961212158e-02
4.266573861241340637e-02
-7.331109046936035156e-02
2.903320640325546265e-02
-1.146046444773674011e-02
-1.166939139366149902e-01
9.209926426410675049e-02
-6.855360418558120728e-02
6.533475220203399658e-02
-1.132587045431137085e-01
9.185513108968734741e-02
-5.946102365851402283e-02
1.488437354564666748e-01
-1.569027826189994812e-02
-1.636572182178497314e-03
5.802103877067565918e-02
-9.834839031100273132e-03
-2.056481689214706421e-02
2.652938663959503174e-02
7.072407752275466919e-02
7.296284288167953491e-02
1.298279464244842529e-01
-3.587760031223297119e-03
5.028217658400535583e-02
1.155987381935119629e-01
1.074104383587837219e-02
-8.031176775693893433e-02
-1.179140061140060425e-01
5.134570598602294922e-02
6.901141256093978882e-02
8.144699782133102417e-02
9.009326994419097900e-02
-4.192051291465759277e-02
6.252229213714599609e-03
-4.517585039138793945e-04
2.739286795258522034e-02
6.785798072814941406e-02
-4.835504107177257538e-03
-4.228764772415161133e-02
6.568588316440582275e-03
-7.227572053670883179e-02
6.855360232293605804e-03
-5.620807409286499023e-03
-2.052778005599975586e-02
1.535806059837341309e-01
5.189588665962219238e-02
6.214332208037376404e-02
-1.847010850906372070e-02
-1.181484684348106384e-01
-3.732474148273468018e-02
3.065370023250579834e-03
-4.518776386976242065e-02
-2.419054880738258362e-02
9.830760210752487183e-02
1.493482291698455811e-02
-5.905493348836898804e-02
-3.321560472249984741e-02
-1.115581840276718140e-01
-2.549953386187553406e-02
8.837835490703582764e-02
-1.908698230981826782e-01
-1.348828822374343872e-01
9.063736349344253540e-02
5.003157258033752441e-02
-2.118416316807270050e-02
5.798003450036048889e-02
1.954822093248367310e-01
-1.343698799610137939e-01
-3.072785399854183197e-02
-3.692798316478729248e-02
-1.186079680919647217e-01
1.052315235137939453e-01
-7.046886254101991653e-03
8.903809636831283569e-02
-1.045081913471221924e-01
-4.362910240888595581e-02
2.726744115352630615e-02
-6.048388779163360596e-03
6.139493733644485474e-02
1.603171676397323608e-01
6.323380023241043091e-02
1.453705728054046631e-01
7.159564644098281860e-02
1.785497367382049561e-02
9.396617114543914795e-02
7.898144423961639404e-03
-1.309630870819091797e-01
-6.555072218179702759e-02
-1.139394640922546387e-01
-7.671736925840377808e-02
5.450510978698730469e-02
-2.217454835772514343e-02
-7.428063452243804932e-02
1.676145493984222412e-01
-1.458392292261123657e-01
7.412920147180557251e-02
-4.521174728870391846e-02
4.176042973995208740e-03
5.494256690144538879e-02
-1.222389414906501770e-01
-6.113681197166442871e-02
-3.613403812050819397e-02
5.106166005134582520e-02
4.986497759819030762e-02
1.423171535134315491e-02
7.039296627044677734e-02
-8.507378399372100830e-03
-1.040204316377639771e-01
-6.286390125751495361e-02
-9.379622340202331543e-02
8.546388149261474609e-02
3.588195517659187317e-02
2.111923694610595703e-02
6.149552762508392334e-02
1.187760531902313232e-01
6.824314594268798828e-03
-4.101734980940818787e-02
1.036929339170455933e-02
7.654316723346710205e-02
-3.276828303933143616e-02
9.280806034803390503e-02
-1.449695974588394165e-02
-9.317830204963684082e-03
1.430923044681549072e-01
1.234732717275619507e-01
-1.283559501171112061e-01
2.511123381555080414e-02
-1.326055824756622314e-01
-8.085444569587707520e-04
-4.438645392656326294e-02
9.378656744956970215e-02
-2.862989529967308044e-02
6.402409821748733521e-02
8.200211822986602783e-02
-1.110932081937789917e-01
6.292349100112915039e-02
1.188726946711540222e-01
1.444879174232482910e-01
9.624305367469787598e-02
2.458304911851882935e-02
9.865152835845947266e-02
-4.483617097139358521e-02
9.563761949539184570e-02
1.163079440593719482e-01
-3.923156112432479858e-02
7.389114797115325928e-02
1.400323770940303802e-02
-1.578026451170444489e-02
6.310049444437026978e-02
-4.234132543206214905e-02
-1.369482874870300293e-01
-7.877673953771591187e-02
-1.359365880489349365e-01
8.893436193466186523e-02
9.323745965957641602e-02
-8.548266440629959106e-02
4.949391260743141174e-02
-6.775368005037307739e-02
7.589253783226013184e-02
3.381346911191940308e-02
-5.791316181421279907e-02
-4.393358528614044189e-02
5.527069792151451111e-03
-1.994506865739822388e-01
-9.993204474449157715e-02
-1.115302443504333496e-01
1.579288393259048462e-02
-6.021848320960998535e-02
-1.240509077906608582e-01
-1.101859807968139648e-01
1.449089311063289642e-02
-8.951136469841003418e-02
8.281312882900238037e-02
-8.151486515998840332e-03
9.395605325698852539e-02
4.441087692975997925e-02
5.105094984173774719e-03
2.702743932604789734e-02
9.526926279067993164e-02
-9.242136776447296143e-02
1.615305989980697632e-01
-1.987640559673309326e-02
1.276666671037673950e-01
-5.439730733633041382e-02
-6.875832378864288330e-02
-2.190723083913326263e-02
2.682909369468688965e-03
1.890967041254043579e-02
4.801167547702789307e-02
-1.239613443613052368e-01
5.843656882643699646e-02
-5.930042266845703125e-02
5.466378107666969299e-02
1.224937289953231812e-01
-8.071486838161945343e-03
-1.498151198029518127e-02
-1.537017375230789185e-01
4.286771267652511597e-02
1.161024495959281921e-01
1.090476289391517639e-01
-6.444413959980010986e-02
-5.819396674633026123e-02
1.880642771720886230e-02
1.850425079464912415e-02
-5.783033743500709534e-02
2.042428702116012573e-01
-2.914557233452796936e-03
1.756884157657623291e-01
-3.930166363716125488e-02
-5.554048717021942139e-02
-9.575652331113815308e-02
-4.549596458673477173e-02
-1.842540502548217773e-02
2.934139221906661987e-02
3.389206528663635254e-02
9.129396080970764160e-02
1.294351667165756226e-01
-1.568103022873401642e-02
3.884527459740638733e-02
7.727207988500595093e-02
1.946204528212547302e-02
-1.359878480434417725e-01
9.055247902870178223e-02
-2.524636685848236084e-02
-7.754249125719070435e-02
9.783226251602172852e-02
5.049049854278564453e-03
-1.607241034507751465e-01
4.794062674045562744e-02
-8.357970416545867920e-02
-5.495370924472808838e-02
1.363891735672950745e-02
-1.039378046989440918e-01
7.577137649059295654e-02
8.430844545364379883e-02
5.070884246379137039e-03
3.661356121301651001e-02
1.854946911334991455e-01
-8.601852506399154663e-02
-2.492170780897140503e-02
3.573379665613174438e-02
-5.427047610282897949e-02
1.939558610320091248e-02
5.474447458982467651e-02
-1.527961343526840210e-02
5.893671512603759766e-02
-2.493767440319061279e-02
-7.432298362255096436e-02
5.189917236566543579e-02
9.257593750953674316e-02
2.801417931914329529e-02
1.494027972221374512e-01
4.100660234689712524e-02
-2.932445146143436432e-02
-1.172576099634170532e-03
-2.385707572102546692e-02
-5.683232098817825317e-02
4.055264964699745178e-02
3.990919142961502075e-02
9.629431366920471191e-02
-5.258562788367271423e-02
8.992695808410644531e-02
-6.794814020395278931e-02
3.096684068441390991e-02
1.180959120392799377e-02
-5.637443810701370239e-02
-1.010555550456047058e-01
-1.089412271976470947e-01
-1.016924828290939331e-01
6.928821653127670288e-02
4.692108184099197388e-02
-5.028767511248588562e-02
2.004561722278594971e-01
9.162843227386474609e-02
-3.959348425269126892e-02
-5.908771231770515442e-02
6.261871010065078735e-02
1.912008225917816162e-01
2.944942936301231384e-02
9.780514985322952271e-02
-1.121089383959770203e-01
9.884732961654663086e-02
-1.769236624240875244e-01
5.374396964907646179e-02
9.621351957321166992e-03
-6.784470379352569580e-02
-1.866187453269958496e-01
1.232050582766532898e-01
-9.525865316390991211e-03
-7.903790101408958435e-03
2.227125689387321472e-02
7.320204377174377441e-02
1.459758281707763672e-01
-1.887462288141250610e-02
4.100659489631652832e-02
-1.509336829185485840e-01
1.669819653034210205e-02
-5.997568368911743164e-02
-4.485180601477622986e-02
1.306522637605667114e-02
7.125528156757354736e-02
-3.434079512953758240e-02
2.103374898433685303e-02
-8.382669836282730103e-02
5.010864883661270142e-02
-9.316049516201019287e-02
-9.425160288810729980e-02
-1.751987040042877197e-01
-7.395383715629577637e-02
5.031875520944595337e-02
-3.923648595809936523e-02
-4.429021850228309631e-02
7.750710844993591309e-02
1.513665318489074707e-01
1.337442249059677124e-01
3.748308867216110229e-02
1.395553722977638245e-02
1.668613255023956299e-01
-1.266311556100845337e-01
5.189721286296844482e-02
-5.321949720382690430e-05
3.565876930952072144e-02
-6.218167394399642944e-02
-1.359104961156845093e-01
5.359617620706558228e-02
-1.372418254613876343e-01
-6.182532757520675659e-02
1.003775820136070251e-01
5.197777226567268372e-02
3.416017815470695496e-02
5.835068970918655396e-02
7.219850271940231323e-02
2.897990494966506958e-02
1.266328394412994385e-01
-5.745223164558410645e-02
-8.184908330440521240e-02
2.890775725245475769e-02
7.076744735240936279e-02
-6.058595329523086548e-02
1.333883404731750488e-02
1.087398752570152283e-01
7.500097900629043579e-02
9.863874316215515137e-02
-6.282419711351394653e-02
-5.395215004682540894e-02
2.553523704409599304e-02
1.406650841236114502e-01
-4.366645216941833496e-02
1.380014792084693909e-02
-5.690126493573188782e-02
1.079563945531845093e-01
-1.481831818819046021e-02
7.902553677558898926e-02
-7.403491064906120300e-03
-1.345370411872863770e-01
-1.369938850402832031e-01
-1.150990054011344910e-01
-5.868283659219741821e-02
-1.457666791975498199e-02
6.187356263399124146e-02
2.776672318577766418e-02
7.864093035459518433e-02
-9.907318651676177979e-02
-7.266330718994140625e-02
-6.342604756355285645e-04
-2.440162003040313721e-03
-8.946496993303298950e-02
5.999568104743957520e-02
-4.425045847892761230e-02
-6.670609861612319946e-02
-3.728379309177398682e-02
1.619661450386047363e-01
1.464407742023468018e-01
5.187689885497093201e-02
-4.124388098716735840e-02
1.131992787122726440e-03
1.791976392269134521e-03
-3.270962461829185486e-02
3.116547316312789917e-02
-1.269325055181980133e-02
1.431178301572799683e-01
1.249418556690216064e-01
4.165269434452056885e-03
-4.332486540079116821e-02
5.043750628829002380e-02
-2.609227597713470459e-02
9.967346489429473877e-02
-5.106713622808456421e-02
8.906207233667373657e-02
-1.003155484795570374e-01
-9.923732280731201172e-02
-1.199663337320089340e-02
1.962105929851531982e-02
-1.093183234333992004e-01
8.921004831790924072e-03
-5.130781978368759155e-02
-8.008583635091781616e-02
-3.792620450258255005e-02
-8.075659722089767456e-02
1.365697681903839111e-01
-7.126875966787338257e-02
9.300482459366321564e-03
1.055305302143096924e-01
3.664626181125640869e-02
-1.561079323291778564e-01
-2.302150055766105652e-02
1.566269993782043457e-01
6.407593190670013428e-02
-5.061484873294830322e-02
1.793670654296875000e-01
-9.088885784149169922e-02
-1.441515088081359863e-01
1.540148407220840454e-01
-1.158171445131301880e-01
-1.519257426261901855e-01
-9.245150722563266754e-03
-5.803976207971572876e-03
-3.319829702377319336e-02
2.972594089806079865e-02
-1.151491701602935791e-02
8.927337825298309326e-02
-1.422234065830707550e-02
6.291313469409942627e-02
1.219379529356956482e-01
-7.306144386529922485e-02
1.648977249860763550e-01
-3.247794136404991150e-02
-5.474335700273513794e-02
1.233176290988922119e-01
-6.591712124645709991e-03
1.434099525213241577e-01
5.090569332242012024e-02
-6.498657166957855225e-02
5.486240237951278687e-02
8.324880897998809814e-02
5.231067538261413574e-02
4.780966788530349731e-03
1.528476327657699585e-01
-5.068618059158325195e-02
7.487445324659347534e-02
1.678565591573715210e-01
-8.009734749794006348e-02
8.467368036508560181e-02
-1.138940751552581787e-01
1.462775021791458130e-01
3.433608263731002808e-02
-7.879371941089630127e-02
3.606108576059341431e-02
-1.842881739139556885e-02
-9.017997980117797852e-02
4.220824316143989563e-02
1.402040421962738037e-01
-5.737245082855224609e-04
1.159001290798187256e-01
5.897101014852523804e-03
-1.374709457159042358e-01
-2.452836185693740845e-02
2.821413986384868622e-02
8.234027028083801270e-02
-5.377540737390518188e-02
-9.233141317963600159e-03
1.354952901601791382e-01
-1.442160643637180328e-02
1.243565231561660767e-02
1.909700781106948853e-02
-8.347684517502784729e-03
-4.977672547101974487e-02
-1.157009005546569824e-01
-3.540621697902679443e-02
2.037807740271091461e-02
-2.215402200818061829e-02
-1.936367452144622803e-01
-2.602826058864593506e-02
-7.179673761129379272e-03
-6.134636700153350830e-03
1.734762266278266907e-02
-2.028239518404006958e-02
-1.251020729541778564e-01
7.224310934543609619e-02
-6.812019646167755127e-02
-2.603040263056755066e-02
1.530600786209106445e-01
1.838778145611286163e-02
-7.785221934318542480e-02
-1.099368110299110413e-01
1.128456965088844299e-01
7.429169118404388428e-02
-8.709434419870376587e-03
-8.212141692638397217e-03
1.012000814080238342e-02
-7.079292833805084229e-02
7.210668921470642090e-02
-6.561075150966644287e-02
-7.956164330244064331e-02
-5.488650128245353699e-02
-4.287943243980407715e-02
-1.024201139807701111e-01
-1.203703507781028748e-02
-1.039367616176605225e-01
2.524834126234054565e-03
-7.141068577766418457e-02
7.516919076442718506e-02
2.909496426582336426e-02
-1.156918108463287354e-01
8.156388252973556519e-02
-1.103181242942810059e-01
-1.795670017600059509e-02
-8.729314804077148438e-02
1.012664511799812317e-01
-2.485220134258270264e-02
-7.445122301578521729e-02
4.238177463412284851e-02
6.521732360124588013e-02
-8.735758811235427856e-02
-8.363508433103561401e-02
1.110804826021194458e-01
1.032899767160415649e-01
1.238555610179901123e-01
-4.785478115081787109e-02
-8.667652308940887451e-02
2.989156544208526611e-02
-9.774724394083023071e-02
5.034125223755836487e-02
1.540055498480796814e-02
-1.780223473906517029e-02
9.297462552785873413e-02
2.648882940411567688e-02
-2.830387465655803680e-02
5.452333390712738037e-02
-1.213093101978302002e-01
-2.210011333227157593e-02
-1.454388350248336792e-01
1.192257851362228394e-01
6.619419157505035400e-02
1.719208061695098877e-02
1.536705344915390015e-01
4.580447077751159668e-02
1.940258592367172241e-02
5.512431263923645020e-03
6.218319386243820190e-02
-4.170824587345123291e-02
3.829028457403182983e-03
5.761051923036575317e-02
-5.865912139415740967e-02
-8.403696119785308838e-04
1.016191318631172180e-01
-8.423552662134170532e-02
3.208944573998451233e-03
4.548170417547225952e-02
7.747267186641693115e-02
5.083503574132919312e-02
7.378630340099334717e-02
8.661147952079772949e-02
1.101721227169036865e-01
-1.294011250138282776e-02
1.201016157865524292e-01
4.655371978878974915e-02
2.801313251256942749e-02
-1.615885645151138306e-02
-5.812801420688629150e-02
1.341356635093688965e-01
-1.149577349424362183e-01
-6.574393808841705322e-02
9.993010759353637695e-02
-7.709743082523345947e-02
9.255059808492660522e-02
-5.927190184593200684e-03
-2.884810604155063629e-02
-1.578103452920913696e-01
1.262720115482807159e-02
2.763513661921024323e-02
-1.125135738402605057e-02
-8.130062371492385864e-02
-1.231357455253601074e-03
7.083630561828613281e-02
3.902621194720268250e-02
2.082083933055400848e-02
-8.185368031263351440e-02
-2.700301259756088257e-02
-1.562099158763885498e-02
4.452826455235481262e-02
4.816054180264472961e-02
-4.201677814126014709e-02
-4.301347956061363220e-02
-2.841074019670486450e-02
-6.177233904600143433e-02
7.430423051118850708e-02
8.119356632232666016e-02
-4.371010698378086090e-03
-6.427362561225891113e-02
2.844132669270038605e-02
6.797307729721069336e-02
1.178483292460441589e-01
9.261444956064224243e-02
1.028714627027511597e-01
3.674784675240516663e-02
8.788983523845672607e-02
3.608425706624984741e-02
1.119319722056388855e-02
1.304538175463676453e-02
8.270031213760375977e-02
1.500595808029174805e-01
5.317254737019538879e-02
-1.058277562260627747e-01
-9.940185397863388062e-02
-1.432058028876781464e-02
-6.286153942346572876e-02
-4.133126512169837952e-02
-1.999440789222717285e-02
-1.102440059185028076e-01
1.719268411397933960e-01
-4.038654640316963196e-02
-3.443155065178871155e-02
1.024733856320381165e-01
-9.757120907306671143e-02
8.976547420024871826e-02
1.274109035730361938e-01
-1.813154965639114380e-01
1.425524502992630005e-01
4.745647311210632324e-04
4.628364741802215576e-02
-1.808209419250488281e-01
5.849779397249221802e-02
-5.618488043546676636e-02
-1.269966065883636475e-01
-1.740002632141113281e-01
-3.161901235580444336e-02
-1.544620096683502197e-01
5.072727799415588379e-05
3.304271027445793152e-02
-2.590967714786529541e-02
3.144078329205513000e-02
1.169535070657730103e-01
1.824448406696319580e-01
