7.771955430507659912e-02
-1.583387255668640137e-01
2.107967585325241089e-01
9.796199947595596313e-02
8.208929747343063354e-02
7.074046414345502853e-03
-1.137058362364768982e-01
1.838781535625457764e-01
-4.371429234743118286e-02
9.796610474586486816e-02
2.156841605901718140e-01
-1.498143225908279419e-01
-1.652866043150424957e-02
1.001068577170372009e-01
1.367892473936080933e-01
6.810368597507476807e-02
-1.090089380741119385e-01
5.990364030003547668e-02
-1.049232929944992065e-01
2.286475896835327148e-01
-3.032539412379264832e-02
1.313918530941009521e-01
1.819232553243637085e-01
8.866750448942184448e-02
3.797113150358200073e-02
-1.040383279323577881e-01
-1.419053077697753906e-01
9.173682332038879395e-02
-3.821537643671035767e-02
-1.164277717471122742e-01
-7.245071697980165482e-03
9.328868985176086426e-02
-1.785278879106044769e-02
1.613188982009887695e-01
2.652714215219020844e-02
1.561150997877120972e-01
-1.528075486421585083e-01
2.338051944971084595e-01
1.297610104084014893e-01
1.153137534856796265e-01
-1.562160700559616089e-01
-6.271181162446737289e-03
5.984209850430488586e-02
-4.048664867877960205e-02
-4.299586173146963120e-03
1.475789118558168411e-02
-8.362025022506713867e-02
1.509667336940765381e-01
-5.407662689685821533e-02
1.185732260346412659e-01
-9.215494245290756226e-02
5.292149633169174194e-02
-5.652306601405143738e-02
1.731334924697875977e-01
1.363663375377655029e-01
-8.270955830812454224e-02
-1.261674314737319946e-01
2.129607275128364563e-02
-1.022915393114089966e-01
-1.216602846980094910e-01
-3.089053928852081299e-02
-7.244923710823059082e-02
-5.248932167887687683e-02
9.801490604877471924e-02
-1.096798479557037354e-01
-6.608096417039632797e-03
1.306587010622024536e-01
3.850464522838592529e-02
1.386038511991500854e-01
6.443069875240325928e-02
-1.012887060642242432e-01
-1.613461375236511230e-01
-4.343269392848014832e-03
-5.020157620310783386e-02
3.811851888895034790e-02
1.577871292829513550e-01
3.689880296587944031e-02
3.065712004899978638e-02
-1.354783177375793457e-01
1.846287027001380920e-02
-1.708406507968902588e-01
-1.200643479824066162e-01
1.555186510086059570e-01
-1.142996549606323242e-01
-1.549492627382278442e-01
-1.046026051044464111e-01
2.126803547143936157e-01
-7.129450794309377670e-03
-8.197525143623352051e-02
1.287500262260437012e-01
2.331730723381042480e-02
-5.183939263224601746e-02
3.572258353233337402e-02
8.239937573671340942e-02
1.348940432071685791e-01
-1.051249057054519653e-01
-6.350892037153244019e-02
1.316109001636505127e-01
-1.029281318187713623e-02
-1.672633290290832520e-01
-9.946583956480026245e-02
1.836707442998886108e-01
-1.341314464807510376e-01
-2.108675092458724976e-01
-1.207925453782081604e-01
6.815563887357711792e-02
-5.881296843290328979e-02
1.384495049715042114e-01
1.567800492048263550e-01
1.611814349889755249e-01
-1.330813318490982056e-01
8.094753138720989227e-03
9.503681957721710205e-02
-1.058961674571037292e-01
-7.843486964702606201e-02
1.822104752063751221e-01
-8.851230144500732422e-02
1.606120169162750244e-01
1.843141913414001465e-01
1.722284704446792603e-01
-3.910523280501365662e-02
-4.314651712775230408e-02
-4.818542301654815674e-02
1.082854438573122025e-02
-1.933774501085281372e-01
7.526854053139686584e-03
4.576828330755233765e-03
-1.583972424268722534e-01
1.006698086857795715e-01
-1.601367592811584473e-01
-7.531149685382843018e-02
-1.434561982750892639e-02
7.723243534564971924e-02
-1.555930078029632568e-01
-1.890477687120437622e-01
1.588670313358306885e-01
1.571696847677230835e-01
1.773588359355926514e-01
1.088353842496871948e-01
1.724229194223880768e-02
1.969645023345947266e-01
1.455919351428747177e-02
8.783862739801406860e-02
-9.148216992616653442e-02
-1.474476903676986694e-01
-9.765392541885375977e-02
-1.843225359916687012e-01
-2.989088743925094604e-02
1.124456226825714111e-01
-2.004999220371246338e-01
3.365303203463554382e-02
-8.295428007841110229e-02
2.013804391026496887e-02
5.843874998390674591e-03
1.534592807292938232e-01
3.409996395930647850e-03
-1.482453644275665283e-01
1.653195917606353760e-01
-1.893262863159179688e-01
2.216294407844543457e-01
1.965992851182818413e-03
1.085347533226013184e-01
-7.106055319309234619e-02
-1.130129545927047729e-01
-1.428006738424301147e-01
-1.554649174213409424e-01
9.159778058528900146e-02
-3.119530156254768372e-02
-3.264274448156356812e-02
-8.589361608028411865e-02
2.034614533185958862e-01
-7.723597437143325806e-02
-1.066445484757423401e-01
-1.595873534679412842e-01
8.607527613639831543e-02
1.335239112377166748e-01
-4.511552676558494568e-02
-1.365349143743515015e-01
-7.415756583213806152e-02
-2.109860628843307495e-01
1.074239984154701233e-01
-7.003879547119140625e-02
-6.278494745492935181e-02
8.266159892082214355e-02
1.318389177322387695e-01
-1.837379336357116699e-01
-6.359857320785522461e-02
-3.613011538982391357e-02
-4.466332495212554932e-02
4.710767418146133423e-02
5.882516503334045410e-02
1.513770520687103271e-01
-1.507244408130645752e-01
-4.402650520205497742e-02
1.369107514619827271e-01
-1.048647910356521606e-01
-8.633555471897125244e-02
1.518926322460174561e-01
9.856200218200683594e-02
-1.183073818683624268e-01
-9.809632599353790283e-02
-1.189277172088623047e-01
1.149177085608243942e-02
-4.433694854378700256e-02
1.016835346817970276e-01
9.359190613031387329e-02
1.318495124578475952e-01
1.427432149648666382e-01
-1.315875053405761719e-01
8.186455816030502319e-02
-9.492951631546020508e-02
1.015039440244436264e-02
7.966099679470062256e-02
-3.584238141775131226e-02
-6.989260017871856689e-02
8.652930706739425659e-02
1.233201697468757629e-01
-1.225936040282249451e-01
-8.829572051763534546e-02
-1.548826247453689575e-01
1.154506430029869080e-01
-1.211749687790870667e-01
-5.587122589349746704e-02
1.502417307347059250e-02
-4.277923703193664551e-02
1.155879348516464233e-01
-1.532038897275924683e-01
1.541764587163925171e-01
-1.269495189189910889e-01
4.361411184072494507e-02
-4.921718314290046692e-02
-1.072411313652992249e-01
-9.071892499923706055e-02
-8.936252561397850513e-04
1.756375879049301147e-01
3.253925964236259460e-02
1.038482710719108582e-01
1.479606842622160912e-03
1.220962479710578918e-01
1.830497086048126221e-01
-4.224848747253417969e-02
-3.882346674799919128e-02
-1.011025905609130859e-01
6.737485527992248535e-02
-2.264412492513656616e-01
-9.622712433338165283e-02
1.491941064596176147e-01
-1.083747670054435730e-01
-9.538785368204116821e-02
6.795295327901840210e-02
1.284239441156387329e-01
-1.446242630481719971e-01
2.407232671976089478e-02
-1.781479567289352417e-01
1.811293959617614746e-01
-9.855849295854568481e-02
-1.520677804946899414e-01
8.229261636734008789e-02
2.071413956582546234e-02
-1.836713105440139771e-01
-3.698490932583808899e-02
3.737199306488037109e-02
1.423705965280532837e-01
1.703217774629592896e-01
2.150755524635314941e-01
-1.203985139727592468e-01
-5.238564312458038330e-02
5.625387281179428101e-02
4.995346441864967346e-02
-1.339073628187179565e-01
-1.788347661495208740e-01
2.371510304510593414e-02
-1.370507627725601196e-01
-5.079869925975799561e-02
-1.829048693180084229e-01
-1.785778850317001343e-01
-5.654413253068923950e-02
-1.368414014577865601e-01
1.701561361551284790e-01
7.002078741788864136e-02
-2.805633470416069031e-02
-3.153660520911216736e-02
8.192609995603561401e-02
-3.032974898815155029e-02
-1.554459184408187866e-01
-2.276993244886398315e-01
-1.258276998996734619e-01
-1.468566507101058960e-01
8.230683952569961548e-02
1.243000999093055725e-01
1.020848155021667480e-01
-1.346293240785598755e-01
-7.013988494873046875e-02
-1.119374334812164307e-01
-6.799944490194320679e-02
-1.639086604118347168e-01
-7.522367686033248901e-02
-1.745927035808563232e-01
-2.056297808885574341e-01
-1.140935122966766357e-01
-7.546918094158172607e-02
-4.137490317225456238e-02
-1.249881759285926819e-01
1.476666331291198730e-01
1.395676285028457642e-01
-8.025932125747203827e-03
1.472995281219482422e-01
-1.117569208145141602e-02
4.776606336236000061e-03
-1.189064309000968933e-01
8.859506994485855103e-02
9.457131475210189819e-02
7.762669026851654053e-02
-1.494176834821701050e-01
-4.883219674229621887e-02
-5.641982331871986389e-02
1.373581290245056152e-01
1.200439557433128357e-01
1.548433452844619751e-01
-1.692267209291458130e-01
-1.103793084621429443e-01
1.739008873701095581e-01
-5.395478103309869766e-03
-1.849310398101806641e-01
6.745480746030807495e-02
3.866028413176536560e-02
1.162408590316772461e-01
-3.671289607882499695e-02
-4.460748285055160522e-02
-1.275816410779953003e-01
-4.383823648095130920e-02
-6.080662459135055542e-02
1.333489418029785156e-01
9.517207741737365723e-02
1.448504924774169922e-01
3.134707361459732056e-02
9.930460900068283081e-02
-8.487126231193542480e-02
1.630837023258209229e-01
-1.984373778104782104e-01
-1.052575781941413879e-01
-1.374789327383041382e-01
4.934544861316680908e-02
-1.452186703681945801e-01
-9.008519351482391357e-02
-1.393298059701919556e-01
-1.159755587577819824e-01
-7.308919727802276611e-02
1.898400783538818359e-01
4.049180075526237488e-02
-9.744810312986373901e-02
-1.085150465369224548e-01
5.809432640671730042e-02
-1.227188110351562500e-01
1.167590171098709106e-01
3.872075304388999939e-02
4.347413778305053711e-02
-7.695524394512176514e-02
8.205055445432662964e-02
1.377212405204772949e-01
4.235418140888214111e-02
-1.135937198996543884e-01
8.543059974908828735e-02
-2.253039479255676270e-01
-4.318312928080558777e-02
-2.125043049454689026e-02
3.479959443211555481e-02
-3.828389104455709457e-03
4.008033499121665955e-02
1.121043711900711060e-01
1.852108091115951538e-01
-1.526364684104919434e-01
2.225532382726669312e-01
1.274200677871704102e-01
8.085327595472335815e-02
-1.548423431813716888e-02
-1.585505455732345581e-01
1.467803418636322021e-01
-1.991858631372451782e-01
1.367619335651397705e-01
1.080198287963867188e-01
4.350208211690187454e-03
4.938084632158279419e-02
3.461807593703269958e-02
1.520516276359558105e-01
-4.597571864724159241e-02
7.607998698949813843e-02
-1.898868530988693237e-01
-6.564120948314666748e-02
-7.742504030466079712e-02
-1.006841808557510376e-01
5.187140405178070068e-02
1.580234467983245850e-01
-1.921644955873489380e-01
-9.971967339515686035e-02
-1.112393960356712341e-01
9.132178872823715210e-02
7.789221405982971191e-02
-8.081080019474029541e-02
1.903939396142959595e-01
1.320353001356124878e-01
2.297836542129516602e-01
-1.522707641124725342e-01
1.258400827646255493e-01
6.237694621086120605e-02
7.844126969575881958e-02
-1.993478387594223022e-01
-1.108107268810272217e-01
1.125606894493103027e-01
2.245958596467971802e-01
-1.192325949668884277e-01
-1.682192534208297729e-01
1.908822953701019287e-01
1.834308207035064697e-01
-1.270611677318811417e-02
-7.806202024221420288e-02
-8.524400740861892700e-02
-4.963123425841331482e-02
3.974435478448867798e-02
-1.702293008565902710e-01
-1.255510747432708740e-01
-8.352896571159362793e-02
-1.293151378631591797e-01
2.195458114147186279e-02
1.673545837402343750e-01
1.988680660724639893e-02
-1.139052212238311768e-02
9.044736623764038086e-03
-8.101324737071990967e-02
6.449008733034133911e-02
-8.119981735944747925e-02
-7.577985525131225586e-02
-7.007524371147155762e-02
1.415990293025970459e-01
1.672452501952648163e-02
1.590440422296524048e-01
1.055724620819091797e-01
1.576574891805648804e-01
1.003245115280151367e-01
-1.708922833204269409e-01
-1.651574857532978058e-02
4.961909726262092590e-02
-1.403371989727020264e-01
-1.562072783708572388e-01
-9.296434372663497925e-02
-7.684516161680221558e-02
-1.831270456314086914e-01
9.443227946758270264e-02
1.115802153944969177e-01
1.090085953474044800e-01
3.880552947521209717e-02
-1.235329061746597290e-01
1.692351400852203369e-01
-1.151356399059295654e-01
-3.693278133869171143e-02
9.240671247243881226e-02
-1.442328095436096191e-01
6.561616808176040649e-02
-1.518655121326446533e-01
-1.679294854402542114e-01
-4.485336691141128540e-02
4.325421899557113647e-02
2.262038178741931915e-02
1.478683948516845703e-01
1.424345970153808594e-01
-9.383369982242584229e-02
-1.564356684684753418e-01
-1.818589568138122559e-01
-1.206946894526481628e-01
1.102745831012725830e-01
2.000392824411392212e-01
1.735872477293014526e-01
1.407325640320777893e-02
1.132009476423263550e-01
1.099014729261398315e-01
-1.958206892013549805e-01
3.092507831752300262e-02
-6.237060949206352234e-02
1.176641732454299927e-01
-7.311718910932540894e-02
4.533736966550350189e-03
5.720608681440353394e-02
9.841883182525634766e-02
1.468219328671693802e-02
-2.103313803672790527e-02
-1.308601908385753632e-02
-6.788504775613546371e-03
4.978289082646369934e-02
-1.371610444039106369e-02
3.054835647344589233e-02
1.382125765085220337e-01
7.328619062900543213e-02
-9.489346295595169067e-02
-1.274467259645462036e-01
-7.447732985019683838e-02
6.885654479265213013e-02
1.832193285226821899e-01
1.897064745426177979e-01
1.621185615658760071e-02
-1.388030052185058594e-01
4.039854183793067932e-02
-8.783807605504989624e-02
3.417405532673001289e-03
1.104902359656989574e-03
-1.719728261232376099e-01
1.599157899618148804e-01
-1.140283048152923584e-01
1.729121804237365723e-01
9.435240179300308228e-02
2.151186019182205200e-02
1.208109110593795776e-01
-1.915995925664901733e-01
4.584885388612747192e-02
4.316579550504684448e-03
1.892700940370559692e-01
3.603268880397081375e-03
8.727868087589740753e-03
1.081038825213909149e-02
1.308762729167938232e-01
1.869461536407470703e-01
-4.394613578915596008e-02
6.820330768823623657e-02
1.301081925630569458e-01
1.037470549345016479e-01
9.958505630493164062e-02
5.192798748612403870e-02
-1.516066789627075195e-01
9.889417141675949097e-02
1.318895369768142700e-01
1.757089048624038696e-01
-1.057878732681274414e-01
-4.449253901839256287e-02
2.633715420961380005e-02
2.935987431555986404e-03
-1.192341446876525879e-01
1.062456071376800537e-01
-1.548348218202590942e-01
1.690538227558135986e-01
-6.113313883543014526e-02
8.650509268045425415e-02
4.748164489865303040e-02
7.764700055122375488e-02
-8.242185413837432861e-02
-1.270432174205780029e-01
-5.139633268117904663e-02
-1.166699156165122986e-01
-9.139762073755264282e-02
-2.157428488135337830e-02
3.984392806887626648e-02
1.673677116632461548e-01
1.256759911775588989e-01
-2.022611349821090698e-01
7.369983941316604614e-02
-3.849938884377479553e-02
-1.041804254055023193e-01
-1.335743516683578491e-01
-9.582678228616714478e-02
-5.920136347413063049e-02
-6.881143152713775635e-02
-5.352418497204780579e-02
1.519319415092468262e-01
-9.098383784294128418e-02
-1.922421902418136597e-02
1.348668485879898071e-01
6.507325451821088791e-03
-3.529518097639083862e-02
-5.981483845971524715e-04
1.555156409740447998e-01
-1.334560476243495941e-02
5.416255816817283630e-02
1.091534942388534546e-01
-1.069992110133171082e-01
2.096651792526245117e-01
9.384164959192276001e-02
1.259258091449737549e-01
2.444795146584510803e-02
2.365090884268283844e-02
-3.455421701073646545e-02
1.347982734441757202e-01
1.589419543743133545e-01
-1.235453113913536072e-01
1.622103899717330933e-01
7.451680302619934082e-02
-1.115286499261856079e-01
1.084304898977279663e-01
-6.255619972944259644e-02
4.199336841702461243e-02
-9.233331680297851562e-02
3.328433260321617126e-02
1.882861107587814331e-01
-9.730151295661926270e-02
-8.724346011877059937e-02
-1.992042511701583862e-01
-1.870828494429588318e-02
1.310898214578628540e-01
1.953395009040832520e-01
1.209628209471702576e-01
7.616145163774490356e-02
1.035905331373214722e-01
-2.126689553260803223e-01
7.212276756763458252e-02
-6.525864452123641968e-02
-1.334785372018814087e-01
3.622205555438995361e-02
1.603237986564636230e-01
1.034421175718307495e-01
3.519576415419578552e-02
-1.067895591259002686e-01
-1.446212455630302429e-02
-1.911948472261428833e-01
-6.895252317190170288e-02
-1.797945499420166016e-01
4.345251992344856262e-02
2.329394407570362091e-02
7.249261438846588135e-02
1.462884843349456787e-01
-5.659389868378639221e-02
-5.296933650970458984e-02
1.291526108980178833e-01
-1.905265748500823975e-01
-2.013623267412185669e-01
7.338478416204452515e-02
1.225470453500747681e-01
4.548840969800949097e-02
-2.073196470737457275e-01
-4.592894762754440308e-02
1.026428714394569397e-01
1.767659932374954224e-02
2.918619848787784576e-02
1.475805640220642090e-01
2.644043974578380585e-02
-2.186882644891738892e-01
7.704442739486694336e-02
-3.534531220793724060e-02
-8.728763461112976074e-02
1.570663452148437500e-01
2.022984810173511505e-02
1.186026930809020996e-01
2.535762323532253504e-04
1.327794939279556274e-01
1.636279821395874023e-01
-1.586528122425079346e-02
1.430173311382532120e-02
8.530220389366149902e-02
-1.124477237462997437e-01
1.188015863299369812e-01
8.765470981597900391e-02
-7.586214691400527954e-02
-5.084820091724395752e-02
8.451129496097564697e-02
-9.275115281343460083e-02
-5.177316814661026001e-02
1.588756293058395386e-01
1.068263202905654907e-01
-7.002221792936325073e-02
1.199579313397407532e-01
1.208268254995346069e-01
1.432223021984100342e-01
1.473007649183273315e-01
-2.422562614083290100e-02
1.377026736736297607e-01
-9.721125476062297821e-03
3.579129651188850403e-02
-7.349868863821029663e-02
-1.124400123953819275e-01
6.500961631536483765e-02
1.673622131347656250e-01
-1.081225350499153137e-01
-1.991116851568222046e-01
3.250594064593315125e-02
1.772115193307399750e-02
7.795313373208045959e-03
6.991413980722427368e-02
-1.696714013814926147e-01
-5.911929532885551453e-02
-1.150004267692565918e-01
-3.631131350994110107e-02
-1.513116359710693359e-01
1.712093316018581390e-02
1.146118044853210449e-01
-1.188241019845008850e-01
1.055153980851173401e-01
1.227164939045906067e-01
3.222075477242469788e-02
4.712265357375144958e-02
-8.883265778422355652e-03
-2.777534909546375275e-02
4.258988052606582642e-02
3.619737550616264343e-02
-1.450396180152893066e-01
-3.417160734534263611e-02
7.592628151178359985e-02
-1.496162116527557373e-01
1.663018167018890381e-01
-1.262265592813491821e-01
-1.020092591643333435e-01
4.886049032211303711e-02
-1.302056312561035156e-01
-1.503443568944931030e-01
-1.959958672523498535e-02
-7.543700933456420898e-02
6.512758135795593262e-02
3.750107809901237488e-02
7.994876801967620850e-02
-1.020891889929771423e-01
-1.000493317842483521e-01
-8.212567120790481567e-02
-7.055353373289108276e-02
2.684589289128780365e-02
-2.317875623703002930e-01
4.449488967657089233e-02
-1.037396192550659180e-01
-2.124319411814212799e-02
1.529819704592227936e-02
-5.882705748081207275e-02
-4.423703998327255249e-02
-7.955016940832138062e-02
2.861613035202026367e-02
-5.169640854001045227e-02
1.391323506832122803e-01
-1.827640645205974579e-02
2.659728005528450012e-02
3.820671513676643372e-02
-9.041518718004226685e-02
5.606889352202415466e-02
-1.267251074314117432e-01
-9.946052730083465576e-02
2.860749140381813049e-02
-4.409711435437202454e-02
-1.708979904651641846e-01
-1.278991550207138062e-01
9.557943046092987061e-02
1.476678103208541870e-01
2.070007286965847015e-02
-2.202766761183738708e-02
1.929339766502380371e-01
3.815105557441711426e-02
-1.141210645437240601e-01
1.124132797122001648e-01
-5.270473659038543701e-02
3.493205085396766663e-02
1.398831699043512344e-02
9.660258889198303223e-02
7.176188379526138306e-02
-1.458893865346908569e-01
2.913781441748142242e-02
-1.291461288928985596e-01
-4.362897947430610657e-02
-3.957393392920494080e-02
5.766911432147026062e-02
-1.279457509517669678e-01
-1.197251975536346436e-01
5.468139424920082092e-02
-1.665278822183609009e-01
-2.193404138088226318e-01
-1.160911470651626587e-01
5.120290443301200867e-02
1.845148056745529175e-01
6.771717220544815063e-02
-1.206204295158386230e-01
6.659987568855285645e-02
-8.765944838523864746e-02
-6.097345054149627686e-02
-2.038393467664718628e-01
-1.555166840553283691e-01
5.897061154246330261e-02
-5.861470103263854980e-02
-4.551077634096145630e-02
-7.362043857574462891e-02
-6.394225358963012695e-02
-2.013028711080551147e-01
7.528840005397796631e-02
1.565592130646109581e-03
3.025354119017720222e-03
1.782843619585037231e-01
6.877934932708740234e-02
-1.337924897670745850e-01
1.309977322816848755e-01
6.927897781133651733e-02
-5.331578105688095093e-02
2.038128226995468140e-01
9.731072932481765747e-02
-1.540427505970001221e-01
-2.185426354408264160e-01
8.926615118980407715e-02
5.592347588390111923e-03
-1.186573412269353867e-03
-1.007819250226020813e-01
2.097211182117462158e-01
-7.522354274988174438e-02
4.470285400748252869e-02
4.747545346617698669e-02
4.030861705541610718e-02
-1.219504475593566895e-01
-1.584305316209793091e-01
1.671660393476486206e-01
2.353092841804027557e-02
-6.652209162712097168e-02
1.319198310375213623e-01
6.020668148994445801e-02
-1.500779539346694946e-01
1.244117766618728638e-01
-4.097902402281761169e-02
-4.896996915340423584e-02
5.723593384027481079e-02
1.522401571273803711e-01
-4.219972342252731323e-02
1.870874762535095215e-01
-1.010218635201454163e-01
-1.046105399727821350e-01
1.448713988065719604e-01
1.641808301210403442e-01
2.526377700269222260e-02
1.911758482456207275e-01
1.027728170156478882e-01
8.230850100517272949e-02
-6.947690993547439575e-02
-7.279591262340545654e-02
-1.192700266838073730e-01
9.798755496740341187e-02
-3.933406434953212738e-03
4.897763952612876892e-02
4.023713245987892151e-02
-1.742767691612243652e-01
-6.080454960465431213e-02
1.634226590394973755e-01
1.029182672500610352e-01
3.813458234071731567e-02
-1.413960903882980347e-01
1.087727397680282593e-01
1.306294947862625122e-01
5.006024241447448730e-02
5.528652667999267578e-02
-2.036404907703399658e-01
-7.463195174932479858e-02
-9.782283008098602295e-02
-1.866804808378219604e-01
-9.417914599180221558e-02
1.177966594696044922e-01
3.664447739720344543e-02
3.583284467458724976e-02
2.253554314374923706e-01
-1.889971941709518433e-01
-7.096949219703674316e-02
1.401330232620239258e-01
1.276219636201858521e-01
1.833495497703552246e-01
-1.473556160926818848e-01
1.082193255424499512e-01
-2.441748231649398804e-02
-1.087239161133766174e-01
-4.985832050442695618e-02
4.478636011481285095e-02
1.387481391429901123e-01
-1.178865954279899597e-01
1.251398175954818726e-01
-1.205402463674545288e-01
-1.392702907323837280e-01
1.836859732866287231e-01
-1.795683056116104126e-01
9.148680418729782104e-02
-1.395043283700942993e-01
1.455263346433639526e-01
8.167081326246261597e-02
7.099524140357971191e-03
8.927894383668899536e-02
1.404989957809448242e-01
-1.677129268646240234e-01
-8.281876146793365479e-02
-1.319132149219512939e-01
-7.302995771169662476e-02
9.038411080837249756e-02
2.671591378748416901e-02
-2.088388949632644653e-01
-3.439053893089294434e-03
6.413018703460693359e-02
-9.493644535541534424e-02
9.533509612083435059e-02
1.873917430639266968e-01
-2.051650732755661011e-01
1.692565232515335083e-01
-1.501670628786087036e-01
-9.403645992279052734e-03
2.962404862046241760e-02
1.700174179859459400e-03
3.361860988661646843e-03
5.906884092837572098e-03
-4.712061211466789246e-02
-2.550583146512508392e-02
1.459801197052001953e-01
2.270675003528594971e-01
1.902312487363815308e-01
-2.707545273005962372e-02
-2.062577456235885620e-01
-4.182973131537437439e-02
1.126180291175842285e-01
-1.038809642195701599e-01
-1.117352023720741272e-01
3.375577181577682495e-02
1.330749839544296265e-01
-4.152590408921241760e-02
-7.673837244510650635e-02
1.108887419104576111e-01
-1.625476628541946411e-01
-1.160434037446975708e-01
1.741195172071456909e-01
-1.589931361377239227e-02
-1.099867150187492371e-01
-1.153279840946197510e-01
1.505685690790414810e-02
-1.434103958308696747e-02
1.719788759946823120e-01
5.119813978672027588e-02
-5.927211791276931763e-02
-1.066056415438652039e-01
-2.014381065964698792e-02
1.629673689603805542e-01
-1.171840950846672058e-01
-7.512812316417694092e-02
-6.721834838390350342e-02
8.520690351724624634e-02
-8.067500591278076172e-02
-1.206903457641601562e-01
6.119917333126068115e-02
1.081002689898014069e-02
2.234107553958892822e-01
-6.711192429065704346e-02
-9.034486114978790283e-02
9.832157939672470093e-02
-1.747325956821441650e-01
-9.796161949634552002e-02
-1.066389679908752441e-01
8.983426541090011597e-02
-8.865360170602798462e-02
-1.695597469806671143e-01
-2.173327356576919556e-01
1.140492707490921021e-01
8.822343312203884125e-03
1.605113148689270020e-01
-8.393362164497375488e-02
1.039725989103317261e-01
-1.637991815805435181e-01
-1.441449373960494995e-01
-6.746093928813934326e-02
-1.607533097267150879e-01
-9.172611683607101440e-02
-1.751773357391357422e-01
7.877948880195617676e-02
-1.604825407266616821e-01
-1.633426100015640259e-01
1.031675115227699280e-01
-5.588335543870925903e-02
2.260949462652206421e-02
8.206260204315185547e-02
2.294607087969779968e-02
-1.452340930700302124e-01
1.451086252927780151e-01
-1.084617450833320618e-01
1.120114922523498535e-01
-1.379223614931106567e-01
9.127751737833023071e-02
6.452302634716033936e-02
-1.769844293594360352e-01
-6.521197408437728882e-02
9.043098427355289459e-03
1.391893774271011353e-01
1.368982493877410889e-01
1.183806285262107849e-01
3.011903353035449982e-02
9.841629117727279663e-02
-4.117546230554580688e-02
-1.626142859458923340e-01
-1.310053467750549316e-01
1.254006624221801758e-01
1.168267428874969482e-01
-2.044947892427444458e-01
-1.865850538015365601e-01
-7.920762524008750916e-03
-2.649895288050174713e-02
1.939713954925537109e-02
1.122496742755174637e-02
3.407540917396545410e-02
-4.734201356768608093e-02
-3.210292011499404907e-02
7.141611725091934204e-02
-1.246963590383529663e-01
5.036767572164535522e-02
6.052145268768072128e-03
2.115209214389324188e-02
2.986246161162853241e-02
-4.825165122747421265e-02
2.854773402214050293e-02
-1.037819683551788330e-01
2.065356820821762085e-01
-6.128670275211334229e-02
-1.419052183628082275e-01
-7.159017771482467651e-02
9.316936135292053223e-02
-5.887636914849281311e-02
-5.079058930277824402e-02
-1.627104580402374268e-01
7.747367769479751587e-02
1.008093450218439102e-02
-6.794179230928421021e-02
-4.974908195436000824e-03
-1.084515601396560669e-01
-6.001235451549291611e-03
-4.512014985084533691e-02
1.965077519416809082e-01
7.959757931530475616e-03
8.397865295410156250e-02
1.023874133825302124e-01
-4.457001760601997375e-02
-6.343961507081985474e-02
8.875910937786102295e-02
-1.563084125518798828e-01
7.574424892663955688e-02
-1.150503903627395630e-01
1.009107753634452820e-01
1.364425569772720337e-01
1.829116195440292358e-01
-2.083183228969573975e-01
1.153384684585034847e-03
-4.545401036739349365e-02
